Table: Entropy [G]
Pressure {Pa} 	 Temperature {K} 	 Specific Entropy {J/Kg}
200000 	 1.968720e+02 	 4.525354e+03
200000 	 197 	 4.525936e+03
200000 	 198 	 4.530480e+03
200000 	 199 	 4.532752e+03
200000 	 200 	 4.537296e+03
200000 	 201 	 4.541840e+03
200000 	 202 	 4.544112e+03
200000 	 203 	 4.548656e+03
200000 	 204 	 4.553200e+03
200000 	 205 	 4.557744e+03
200000 	 206 	 4.560016e+03
200000 	 207 	 4.564560e+03
200000 	 208 	 4.569105e+03
200000 	 209 	 4.571377e+03
200000 	 210 	 4.575921e+03
200000 	 211 	 4.580465e+03
200000 	 212 	 4.582737e+03
200000 	 213 	 4.587281e+03
200000 	 214 	 4.591825e+03
200000 	 215 	 4.594097e+03
200000 	 216 	 4.598641e+03
200000 	 217 	 4.600913e+03
200000 	 218 	 4.605457e+03
200000 	 219 	 4.610002e+03
200000 	 220 	 4.612274e+03
200000 	 221 	 4.616818e+03
200000 	 222 	 4.619090e+03
200000 	 223 	 4.623634e+03
200000 	 224 	 4.628178e+03
200000 	 225 	 4.630450e+03
200000 	 226 	 4.634994e+03
200000 	 227 	 4.637266e+03
200000 	 228 	 4.641810e+03
200000 	 229 	 4.644082e+03
200000 	 230 	 4.648627e+03
200000 	 231 	 4.653171e+03
200000 	 232 	 4.655443e+03
200000 	 233 	 4.659987e+03
200000 	 234 	 4.662259e+03
200000 	 235 	 4.666803e+03
200000 	 236 	 4.669075e+03
200000 	 237 	 4.673619e+03
200000 	 238 	 4.675891e+03
200000 	 239 	 4.680435e+03
200000 	 240 	 4.682707e+03
200000 	 241 	 4.687251e+03
200000 	 242 	 4.689524e+03
200000 	 243 	 4.694068e+03
200000 	 244 	 4.696340e+03
200000 	 245 	 4.700884e+03
200000 	 246 	 4.703156e+03
200000 	 247 	 4.707700e+03
200000 	 248 	 4.709972e+03
200000 	 249 	 4.714516e+03
200000 	 250 	 4.716788e+03
200000 	 251 	 4.721332e+03
200000 	 252 	 4.723604e+03
200000 	 253 	 4.725876e+03
200000 	 254 	 4.730421e+03
200000 	 255 	 4.732693e+03
200000 	 256 	 4.737237e+03
200000 	 257 	 4.739509e+03
200000 	 258 	 4.744053e+03
200000 	 259 	 4.746325e+03
200000 	 260 	 4.748597e+03
200000 	 261 	 4.753141e+03
200000 	 262 	 4.755413e+03
200000 	 263 	 4.759957e+03
200000 	 264 	 4.762229e+03
200000 	 265 	 4.766773e+03
200000 	 266 	 4.769046e+03
200000 	 267 	 4.771318e+03
200000 	 268 	 4.775862e+03
200000 	 269 	 4.778134e+03
200000 	 270 	 4.780406e+03
200000 	 271 	 4.784950e+03
200000 	 272 	 4.787222e+03
200000 	 273 	 4.791766e+03
200000 	 274 	 4.794038e+03
200000 	 275 	 4.796310e+03
200000 	 276 	 4.800854e+03
200000 	 277 	 4.803126e+03
200000 	 278 	 4.805398e+03
200000 	 279 	 4.809943e+03
200000 	 280 	 4.812215e+03
200000 	 281 	 4.814487e+03
200000 	 282 	 4.819031e+03
200000 	 283 	 4.821303e+03
200000 	 284 	 4.825847e+03
200000 	 285 	 4.828119e+03
200000 	 286 	 4.830391e+03
200000 	 287 	 4.832663e+03
200000 	 288 	 4.837207e+03
200000 	 289 	 4.839479e+03
200000 	 290 	 4.841751e+03
200000 	 291 	 4.846295e+03
200000 	 292 	 4.848567e+03
200000 	 293 	 4.850840e+03
200000 	 294 	 4.855384e+03
200000 	 295 	 4.857656e+03
200000 	 296 	 4.859928e+03
200000 	 297 	 4.864472e+03
200000 	 298 	 4.866744e+03
200000 	 299 	 4.869016e+03
200000 	 300 	 4.871288e+03
200000 	 301 	 4.875832e+03
200000 	 302 	 4.878104e+03
200000 	 303 	 4.880376e+03
200000 	 304 	 4.884920e+03
200000 	 305 	 4.887192e+03
200000 	 306 	 4.889464e+03
200000 	 307 	 4.891737e+03
200000 	 308 	 4.896281e+03
200000 	 309 	 4.898553e+03
200000 	 310 	 4.900825e+03
200000 	 311 	 4.903097e+03
200000 	 312 	 4.907641e+03
200000 	 313 	 4.909913e+03
200000 	 314 	 4.912185e+03
200000 	 315 	 4.914457e+03
200000 	 316 	 4.919001e+03
200000 	 317 	 4.921273e+03
200000 	 318 	 4.923545e+03
200000 	 319 	 4.925817e+03
200000 	 320 	 4.930361e+03
200000 	 321 	 4.932634e+03
200000 	 322 	 4.934906e+03
200000 	 323 	 4.937178e+03
200000 	 324 	 4.941722e+03
200000 	 325 	 4.943994e+03
200000 	 326 	 4.946266e+03
200000 	 327 	 4.948538e+03
200000 	 328 	 4.950810e+03
200000 	 329 	 4.955354e+03
200000 	 330 	 4.957626e+03
200000 	 331 	 4.959898e+03
200000 	 332 	 4.962170e+03
200000 	 333 	 4.966714e+03
200000 	 334 	 4.968986e+03
200000 	 335 	 4.971258e+03
200000 	 336 	 4.973531e+03
200000 	 337 	 4.975803e+03
200000 	 338 	 4.978075e+03
200000 	 339 	 4.982619e+03
200000 	 340 	 4.984891e+03
400000 	 2.114100e+02 	 4.450549e+03
400000 	 212 	 4.453230e+03
400000 	 213 	 4.455502e+03
400000 	 214 	 4.460046e+03
400000 	 215 	 4.464590e+03
400000 	 216 	 4.466862e+03
400000 	 217 	 4.471406e+03
400000 	 218 	 4.473678e+03
400000 	 219 	 4.478222e+03
400000 	 220 	 4.482766e+03
400000 	 221 	 4.485039e+03
400000 	 222 	 4.489583e+03
400000 	 223 	 4.491855e+03
400000 	 224 	 4.496399e+03
400000 	 225 	 4.500943e+03
400000 	 226 	 4.503215e+03
400000 	 227 	 4.507759e+03
400000 	 228 	 4.510031e+03
400000 	 229 	 4.514575e+03
400000 	 230 	 4.516847e+03
400000 	 231 	 4.521391e+03
400000 	 232 	 4.525936e+03
400000 	 233 	 4.528208e+03
400000 	 234 	 4.532752e+03
400000 	 235 	 4.535024e+03
400000 	 236 	 4.539568e+03
400000 	 237 	 4.541840e+03
400000 	 238 	 4.546384e+03
400000 	 239 	 4.548656e+03
400000 	 240 	 4.553200e+03
400000 	 241 	 4.555472e+03
400000 	 242 	 4.560016e+03
400000 	 243 	 4.562288e+03
400000 	 244 	 4.566833e+03
400000 	 245 	 4.569105e+03
400000 	 246 	 4.573649e+03
400000 	 247 	 4.575921e+03
400000 	 248 	 4.580465e+03
400000 	 249 	 4.582737e+03
400000 	 250 	 4.585009e+03
400000 	 251 	 4.589553e+03
400000 	 252 	 4.591825e+03
400000 	 253 	 4.596369e+03
400000 	 254 	 4.598641e+03
400000 	 255 	 4.603185e+03
400000 	 256 	 4.605457e+03
400000 	 257 	 4.610002e+03
400000 	 258 	 4.612274e+03
400000 	 259 	 4.614546e+03
400000 	 260 	 4.619090e+03
400000 	 261 	 4.621362e+03
400000 	 262 	 4.625906e+03
400000 	 263 	 4.628178e+03
400000 	 264 	 4.632722e+03
400000 	 265 	 4.634994e+03
400000 	 266 	 4.637266e+03
400000 	 267 	 4.641810e+03
400000 	 268 	 4.644082e+03
400000 	 269 	 4.646354e+03
400000 	 270 	 4.650899e+03
400000 	 271 	 4.653171e+03
400000 	 272 	 4.657715e+03
400000 	 273 	 4.659987e+03
400000 	 274 	 4.662259e+03
400000 	 275 	 4.666803e+03
400000 	 276 	 4.669075e+03
400000 	 277 	 4.671347e+03
400000 	 278 	 4.675891e+03
400000 	 279 	 4.678163e+03
400000 	 280 	 4.682707e+03
400000 	 281 	 4.684979e+03
400000 	 282 	 4.687251e+03
400000 	 283 	 4.691796e+03
400000 	 284 	 4.694068e+03
400000 	 285 	 4.696340e+03
400000 	 286 	 4.700884e+03
400000 	 287 	 4.703156e+03
400000 	 288 	 4.705428e+03
400000 	 289 	 4.709972e+03
400000 	 290 	 4.712244e+03
400000 	 291 	 4.714516e+03
400000 	 292 	 4.716788e+03
400000 	 293 	 4.721332e+03
400000 	 294 	 4.723604e+03
400000 	 295 	 4.725876e+03
400000 	 296 	 4.730421e+03
400000 	 297 	 4.732693e+03
400000 	 298 	 4.734965e+03
400000 	 299 	 4.739509e+03
400000 	 300 	 4.741781e+03
400000 	 301 	 4.744053e+03
400000 	 302 	 4.746325e+03
400000 	 303 	 4.750869e+03
400000 	 304 	 4.753141e+03
400000 	 305 	 4.755413e+03
400000 	 306 	 4.759957e+03
400000 	 307 	 4.762229e+03
400000 	 308 	 4.764501e+03
400000 	 309 	 4.766773e+03
400000 	 310 	 4.771318e+03
400000 	 311 	 4.773590e+03
400000 	 312 	 4.775862e+03
400000 	 313 	 4.778134e+03
400000 	 314 	 4.782678e+03
400000 	 315 	 4.784950e+03
400000 	 316 	 4.787222e+03
400000 	 317 	 4.789494e+03
400000 	 318 	 4.794038e+03
400000 	 319 	 4.796310e+03
400000 	 320 	 4.798582e+03
400000 	 321 	 4.800854e+03
400000 	 322 	 4.805398e+03
400000 	 323 	 4.807670e+03
400000 	 324 	 4.809943e+03
400000 	 325 	 4.812215e+03
400000 	 326 	 4.814487e+03
400000 	 327 	 4.819031e+03
400000 	 328 	 4.821303e+03
400000 	 329 	 4.823575e+03
400000 	 330 	 4.825847e+03
400000 	 331 	 4.828119e+03
400000 	 332 	 4.832663e+03
400000 	 333 	 4.834935e+03
400000 	 334 	 4.837207e+03
400000 	 335 	 4.839479e+03
400000 	 336 	 4.841751e+03
400000 	 337 	 4.846295e+03
400000 	 338 	 4.848567e+03
400000 	 339 	 4.850840e+03
400000 	 340 	 4.853112e+03
600000 	 2.211182e+02 	 4.410448e+03
600000 	 222 	 4.412333e+03
600000 	 223 	 4.416877e+03
600000 	 224 	 4.419149e+03
600000 	 225 	 4.423693e+03
600000 	 226 	 4.425965e+03
600000 	 227 	 4.430509e+03
600000 	 228 	 4.435053e+03
600000 	 229 	 4.437325e+03
600000 	 230 	 4.441869e+03
600000 	 231 	 4.444142e+03
600000 	 232 	 4.448686e+03
600000 	 233 	 4.450958e+03
600000 	 234 	 4.455502e+03
600000 	 235 	 4.457774e+03
600000 	 236 	 4.462318e+03
600000 	 237 	 4.464590e+03
600000 	 238 	 4.469134e+03
600000 	 239 	 4.471406e+03
600000 	 240 	 4.475950e+03
600000 	 241 	 4.478222e+03
600000 	 242 	 4.482766e+03
600000 	 243 	 4.485039e+03
600000 	 244 	 4.489583e+03
600000 	 245 	 4.491855e+03
600000 	 246 	 4.496399e+03
600000 	 247 	 4.498671e+03
600000 	 248 	 4.503215e+03
600000 	 249 	 4.505487e+03
600000 	 250 	 4.510031e+03
600000 	 251 	 4.512303e+03
600000 	 252 	 4.516847e+03
600000 	 253 	 4.519119e+03
600000 	 254 	 4.523663e+03
600000 	 255 	 4.525936e+03
600000 	 256 	 4.528208e+03
600000 	 257 	 4.532752e+03
600000 	 258 	 4.535024e+03
600000 	 259 	 4.539568e+03
600000 	 260 	 4.541840e+03
600000 	 261 	 4.546384e+03
600000 	 262 	 4.548656e+03
600000 	 263 	 4.550928e+03
600000 	 264 	 4.555472e+03
600000 	 265 	 4.557744e+03
600000 	 266 	 4.562288e+03
600000 	 267 	 4.564560e+03
600000 	 268 	 4.566833e+03
600000 	 269 	 4.571377e+03
600000 	 270 	 4.573649e+03
600000 	 271 	 4.578193e+03
600000 	 272 	 4.580465e+03
600000 	 273 	 4.582737e+03
600000 	 274 	 4.587281e+03
600000 	 275 	 4.589553e+03
600000 	 276 	 4.591825e+03
600000 	 277 	 4.596369e+03
600000 	 278 	 4.598641e+03
600000 	 279 	 4.600913e+03
600000 	 280 	 4.605457e+03
600000 	 281 	 4.607730e+03
600000 	 282 	 4.610002e+03
600000 	 283 	 4.614546e+03
600000 	 284 	 4.616818e+03
600000 	 285 	 4.619090e+03
600000 	 286 	 4.623634e+03
600000 	 287 	 4.625906e+03
600000 	 288 	 4.628178e+03
600000 	 289 	 4.632722e+03
600000 	 290 	 4.634994e+03
600000 	 291 	 4.637266e+03
600000 	 292 	 4.641810e+03
600000 	 293 	 4.644082e+03
600000 	 294 	 4.646354e+03
600000 	 295 	 4.650899e+03
600000 	 296 	 4.653171e+03
600000 	 297 	 4.655443e+03
600000 	 298 	 4.659987e+03
600000 	 299 	 4.662259e+03
600000 	 300 	 4.664531e+03
600000 	 301 	 4.666803e+03
600000 	 302 	 4.671347e+03
600000 	 303 	 4.673619e+03
600000 	 304 	 4.675891e+03
600000 	 305 	 4.680435e+03
600000 	 306 	 4.682707e+03
600000 	 307 	 4.684979e+03
600000 	 308 	 4.687251e+03
600000 	 309 	 4.691796e+03
600000 	 310 	 4.694068e+03
600000 	 311 	 4.696340e+03
600000 	 312 	 4.698612e+03
600000 	 313 	 4.703156e+03
600000 	 314 	 4.705428e+03
600000 	 315 	 4.707700e+03
600000 	 316 	 4.709972e+03
600000 	 317 	 4.714516e+03
600000 	 318 	 4.716788e+03
600000 	 319 	 4.719060e+03
600000 	 320 	 4.721332e+03
600000 	 321 	 4.725876e+03
600000 	 322 	 4.728149e+03
600000 	 323 	 4.730421e+03
600000 	 324 	 4.732693e+03
600000 	 325 	 4.734965e+03
600000 	 326 	 4.739509e+03
600000 	 327 	 4.741781e+03
600000 	 328 	 4.744053e+03
600000 	 329 	 4.746325e+03
600000 	 330 	 4.750869e+03
600000 	 331 	 4.753141e+03
600000 	 332 	 4.755413e+03
600000 	 333 	 4.757685e+03
600000 	 334 	 4.759957e+03
600000 	 335 	 4.764501e+03
600000 	 336 	 4.766773e+03
600000 	 337 	 4.769046e+03
600000 	 338 	 4.771318e+03
600000 	 339 	 4.773590e+03
600000 	 340 	 4.778134e+03
800000 	 2.286342e+02 	 4.382228e+03
800000 	 229 	 4.382796e+03
800000 	 230 	 4.387340e+03
800000 	 231 	 4.389612e+03
800000 	 232 	 4.394156e+03
800000 	 233 	 4.396428e+03
800000 	 234 	 4.400972e+03
800000 	 235 	 4.403244e+03
800000 	 236 	 4.407789e+03
800000 	 237 	 4.412333e+03
800000 	 238 	 4.414605e+03
800000 	 239 	 4.419149e+03
800000 	 240 	 4.421421e+03
800000 	 241 	 4.425965e+03
800000 	 242 	 4.428237e+03
800000 	 243 	 4.432781e+03
800000 	 244 	 4.435053e+03
800000 	 245 	 4.439597e+03
800000 	 246 	 4.441869e+03
800000 	 247 	 4.444142e+03
800000 	 248 	 4.448686e+03
800000 	 249 	 4.450958e+03
800000 	 250 	 4.455502e+03
800000 	 251 	 4.457774e+03
800000 	 252 	 4.462318e+03
800000 	 253 	 4.464590e+03
800000 	 254 	 4.469134e+03
800000 	 255 	 4.471406e+03
800000 	 256 	 4.475950e+03
800000 	 257 	 4.478222e+03
800000 	 258 	 4.480494e+03
800000 	 259 	 4.485039e+03
800000 	 260 	 4.487311e+03
800000 	 261 	 4.491855e+03
800000 	 262 	 4.494127e+03
800000 	 263 	 4.496399e+03
800000 	 264 	 4.500943e+03
800000 	 265 	 4.503215e+03
800000 	 266 	 4.507759e+03
800000 	 267 	 4.510031e+03
800000 	 268 	 4.512303e+03
800000 	 269 	 4.516847e+03
800000 	 270 	 4.519119e+03
800000 	 271 	 4.523663e+03
800000 	 272 	 4.525936e+03
800000 	 273 	 4.528208e+03
800000 	 274 	 4.532752e+03
800000 	 275 	 4.535024e+03
800000 	 276 	 4.537296e+03
800000 	 277 	 4.541840e+03
800000 	 278 	 4.544112e+03
800000 	 279 	 4.548656e+03
800000 	 280 	 4.550928e+03
800000 	 281 	 4.553200e+03
800000 	 282 	 4.557744e+03
800000 	 283 	 4.560016e+03
800000 	 284 	 4.562288e+03
800000 	 285 	 4.566833e+03
800000 	 286 	 4.569105e+03
800000 	 287 	 4.571377e+03
800000 	 288 	 4.575921e+03
800000 	 289 	 4.578193e+03
800000 	 290 	 4.580465e+03
800000 	 291 	 4.585009e+03
800000 	 292 	 4.587281e+03
800000 	 293 	 4.589553e+03
800000 	 294 	 4.591825e+03
800000 	 295 	 4.596369e+03
800000 	 296 	 4.598641e+03
800000 	 297 	 4.600913e+03
800000 	 298 	 4.605457e+03
800000 	 299 	 4.607730e+03
800000 	 300 	 4.610002e+03
800000 	 301 	 4.614546e+03
800000 	 302 	 4.616818e+03
800000 	 303 	 4.619090e+03
800000 	 304 	 4.621362e+03
800000 	 305 	 4.625906e+03
800000 	 306 	 4.628178e+03
800000 	 307 	 4.630450e+03
800000 	 308 	 4.632722e+03
800000 	 309 	 4.637266e+03
800000 	 310 	 4.639538e+03
800000 	 311 	 4.641810e+03
800000 	 312 	 4.644082e+03
800000 	 313 	 4.648627e+03
800000 	 314 	 4.650899e+03
800000 	 315 	 4.653171e+03
800000 	 316 	 4.655443e+03
800000 	 317 	 4.659987e+03
800000 	 318 	 4.662259e+03
800000 	 319 	 4.664531e+03
800000 	 320 	 4.666803e+03
800000 	 321 	 4.671347e+03
800000 	 322 	 4.673619e+03
800000 	 323 	 4.675891e+03
800000 	 324 	 4.678163e+03
800000 	 325 	 4.682707e+03
800000 	 326 	 4.684979e+03
800000 	 327 	 4.687251e+03
800000 	 328 	 4.689524e+03
800000 	 329 	 4.691796e+03
800000 	 330 	 4.696340e+03
800000 	 331 	 4.698612e+03
800000 	 332 	 4.700884e+03
800000 	 333 	 4.703156e+03
800000 	 334 	 4.705428e+03
800000 	 335 	 4.709972e+03
800000 	 336 	 4.712244e+03
800000 	 337 	 4.714516e+03
800000 	 338 	 4.716788e+03
800000 	 339 	 4.719060e+03
800000 	 340 	 4.723604e+03
1000000 	 2.348612e+02 	 4.361581e+03
1000000 	 235 	 4.362347e+03
1000000 	 236 	 4.364620e+03
1000000 	 237 	 4.369164e+03
1000000 	 238 	 4.371436e+03
1000000 	 239 	 4.375980e+03
1000000 	 240 	 4.378252e+03
1000000 	 241 	 4.382796e+03
1000000 	 242 	 4.385068e+03
1000000 	 243 	 4.389612e+03
1000000 	 244 	 4.391884e+03
1000000 	 245 	 4.396428e+03
1000000 	 246 	 4.398700e+03
1000000 	 247 	 4.403244e+03
1000000 	 248 	 4.405517e+03
1000000 	 249 	 4.410061e+03
1000000 	 250 	 4.412333e+03
1000000 	 251 	 4.416877e+03
1000000 	 252 	 4.419149e+03
1000000 	 253 	 4.423693e+03
1000000 	 254 	 4.425965e+03
1000000 	 255 	 4.430509e+03
1000000 	 256 	 4.432781e+03
1000000 	 257 	 4.435053e+03
1000000 	 258 	 4.439597e+03
1000000 	 259 	 4.441869e+03
1000000 	 260 	 4.446414e+03
1000000 	 261 	 4.448686e+03
1000000 	 262 	 4.453230e+03
1000000 	 263 	 4.455502e+03
1000000 	 264 	 4.457774e+03
1000000 	 265 	 4.462318e+03
1000000 	 266 	 4.464590e+03
1000000 	 267 	 4.469134e+03
1000000 	 268 	 4.471406e+03
1000000 	 269 	 4.473678e+03
1000000 	 270 	 4.478222e+03
1000000 	 271 	 4.480494e+03
1000000 	 272 	 4.482766e+03
1000000 	 273 	 4.487311e+03
1000000 	 274 	 4.489583e+03
1000000 	 275 	 4.494127e+03
1000000 	 276 	 4.496399e+03
1000000 	 277 	 4.498671e+03
1000000 	 278 	 4.503215e+03
1000000 	 279 	 4.505487e+03
1000000 	 280 	 4.507759e+03
1000000 	 281 	 4.512303e+03
1000000 	 282 	 4.514575e+03
1000000 	 283 	 4.516847e+03
1000000 	 284 	 4.521391e+03
1000000 	 285 	 4.523663e+03
1000000 	 286 	 4.525936e+03
1000000 	 287 	 4.530480e+03
1000000 	 288 	 4.532752e+03
1000000 	 289 	 4.535024e+03
1000000 	 290 	 4.539568e+03
1000000 	 291 	 4.541840e+03
1000000 	 292 	 4.544112e+03
1000000 	 293 	 4.548656e+03
1000000 	 294 	 4.550928e+03
1000000 	 295 	 4.553200e+03
1000000 	 296 	 4.555472e+03
1000000 	 297 	 4.560016e+03
1000000 	 298 	 4.562288e+03
1000000 	 299 	 4.564560e+03
1000000 	 300 	 4.569105e+03
1000000 	 301 	 4.571377e+03
1000000 	 302 	 4.573649e+03
1000000 	 303 	 4.578193e+03
1000000 	 304 	 4.580465e+03
1000000 	 305 	 4.582737e+03
1000000 	 306 	 4.585009e+03
1000000 	 307 	 4.589553e+03
1000000 	 308 	 4.591825e+03
1000000 	 309 	 4.594097e+03
1000000 	 310 	 4.596369e+03
1000000 	 311 	 4.600913e+03
1000000 	 312 	 4.603185e+03
1000000 	 313 	 4.605457e+03
1000000 	 314 	 4.607730e+03
1000000 	 315 	 4.612274e+03
1000000 	 316 	 4.614546e+03
1000000 	 317 	 4.616818e+03
1000000 	 318 	 4.619090e+03
1000000 	 319 	 4.623634e+03
1000000 	 320 	 4.625906e+03
1000000 	 321 	 4.628178e+03
1000000 	 322 	 4.630450e+03
1000000 	 323 	 4.634994e+03
1000000 	 324 	 4.637266e+03
1000000 	 325 	 4.639538e+03
1000000 	 326 	 4.641810e+03
1000000 	 327 	 4.644082e+03
1000000 	 328 	 4.648627e+03
1000000 	 329 	 4.650899e+03
1000000 	 330 	 4.653171e+03
1000000 	 331 	 4.655443e+03
1000000 	 332 	 4.657715e+03
1000000 	 333 	 4.662259e+03
1000000 	 334 	 4.664531e+03
1000000 	 335 	 4.666803e+03
1000000 	 336 	 4.669075e+03
1000000 	 337 	 4.671347e+03
1000000 	 338 	 4.675891e+03
1000000 	 339 	 4.678163e+03
1000000 	 340 	 4.680435e+03
1200000 	 2.402270e+02 	 4.345003e+03
1200000 	 241 	 4.348715e+03
1200000 	 242 	 4.350987e+03
1200000 	 243 	 4.355531e+03
1200000 	 244 	 4.357803e+03
1200000 	 245 	 4.362347e+03
1200000 	 246 	 4.364620e+03
1200000 	 247 	 4.369164e+03
1200000 	 248 	 4.371436e+03
1200000 	 249 	 4.375980e+03
1200000 	 250 	 4.378252e+03
1200000 	 251 	 4.382796e+03
1200000 	 252 	 4.385068e+03
1200000 	 253 	 4.387340e+03
1200000 	 254 	 4.391884e+03
1200000 	 255 	 4.394156e+03
1200000 	 256 	 4.398700e+03
1200000 	 257 	 4.400972e+03
1200000 	 258 	 4.405517e+03
1200000 	 259 	 4.407789e+03
1200000 	 260 	 4.412333e+03
1200000 	 261 	 4.414605e+03
1200000 	 262 	 4.416877e+03
1200000 	 263 	 4.421421e+03
1200000 	 264 	 4.423693e+03
1200000 	 265 	 4.428237e+03
1200000 	 266 	 4.430509e+03
1200000 	 267 	 4.432781e+03
1200000 	 268 	 4.437325e+03
1200000 	 269 	 4.439597e+03
1200000 	 270 	 4.444142e+03
1200000 	 271 	 4.446414e+03
1200000 	 272 	 4.448686e+03
1200000 	 273 	 4.453230e+03
1200000 	 274 	 4.455502e+03
1200000 	 275 	 4.457774e+03
1200000 	 276 	 4.462318e+03
1200000 	 277 	 4.464590e+03
1200000 	 278 	 4.466862e+03
1200000 	 279 	 4.471406e+03
1200000 	 280 	 4.473678e+03
1200000 	 281 	 4.478222e+03
1200000 	 282 	 4.480494e+03
1200000 	 283 	 4.482766e+03
1200000 	 284 	 4.487311e+03
1200000 	 285 	 4.489583e+03
1200000 	 286 	 4.491855e+03
1200000 	 287 	 4.496399e+03
1200000 	 288 	 4.498671e+03
1200000 	 289 	 4.500943e+03
1200000 	 290 	 4.503215e+03
1200000 	 291 	 4.507759e+03
1200000 	 292 	 4.510031e+03
1200000 	 293 	 4.512303e+03
1200000 	 294 	 4.516847e+03
1200000 	 295 	 4.519119e+03
1200000 	 296 	 4.521391e+03
1200000 	 297 	 4.525936e+03
1200000 	 298 	 4.528208e+03
1200000 	 299 	 4.530480e+03
1200000 	 300 	 4.535024e+03
1200000 	 301 	 4.537296e+03
1200000 	 302 	 4.539568e+03
1200000 	 303 	 4.541840e+03
1200000 	 304 	 4.546384e+03
1200000 	 305 	 4.548656e+03
1200000 	 306 	 4.550928e+03
1200000 	 307 	 4.553200e+03
1200000 	 308 	 4.557744e+03
1200000 	 309 	 4.560016e+03
1200000 	 310 	 4.562288e+03
1200000 	 311 	 4.564560e+03
1200000 	 312 	 4.569105e+03
1200000 	 313 	 4.571377e+03
1200000 	 314 	 4.573649e+03
1200000 	 315 	 4.578193e+03
1200000 	 316 	 4.580465e+03
1200000 	 317 	 4.582737e+03
1200000 	 318 	 4.585009e+03
1200000 	 319 	 4.587281e+03
1200000 	 320 	 4.591825e+03
1200000 	 321 	 4.594097e+03
1200000 	 322 	 4.596369e+03
1200000 	 323 	 4.598641e+03
1200000 	 324 	 4.603185e+03
1200000 	 325 	 4.605457e+03
1200000 	 326 	 4.607730e+03
1200000 	 327 	 4.610002e+03
1200000 	 328 	 4.612274e+03
1200000 	 329 	 4.616818e+03
1200000 	 330 	 4.619090e+03
1200000 	 331 	 4.621362e+03
1200000 	 332 	 4.623634e+03
1200000 	 333 	 4.628178e+03
1200000 	 334 	 4.630450e+03
1200000 	 335 	 4.632722e+03
1200000 	 336 	 4.634994e+03
1200000 	 337 	 4.637266e+03
1200000 	 338 	 4.641810e+03
1200000 	 339 	 4.644082e+03
1200000 	 340 	 4.646354e+03
1400000 	 2.449708e+02 	 4.332646e+03
1400000 	 245 	 4.332811e+03
1400000 	 246 	 4.335083e+03
1400000 	 247 	 4.339627e+03
1400000 	 248 	 4.341899e+03
1400000 	 249 	 4.346443e+03
1400000 	 250 	 4.348715e+03
1400000 	 251 	 4.353259e+03
1400000 	 252 	 4.355531e+03
1400000 	 253 	 4.360075e+03
1400000 	 254 	 4.362347e+03
1400000 	 255 	 4.366892e+03
1400000 	 256 	 4.369164e+03
1400000 	 257 	 4.371436e+03
1400000 	 258 	 4.375980e+03
1400000 	 259 	 4.378252e+03
1400000 	 260 	 4.382796e+03
1400000 	 261 	 4.385068e+03
1400000 	 262 	 4.389612e+03
1400000 	 263 	 4.391884e+03
1400000 	 264 	 4.394156e+03
1400000 	 265 	 4.398700e+03
1400000 	 266 	 4.400972e+03
1400000 	 267 	 4.405517e+03
1400000 	 268 	 4.407789e+03
1400000 	 269 	 4.410061e+03
1400000 	 270 	 4.414605e+03
1400000 	 271 	 4.416877e+03
1400000 	 272 	 4.419149e+03
1400000 	 273 	 4.423693e+03
1400000 	 274 	 4.425965e+03
1400000 	 275 	 4.430509e+03
1400000 	 276 	 4.432781e+03
1400000 	 277 	 4.435053e+03
1400000 	 278 	 4.439597e+03
1400000 	 279 	 4.441869e+03
1400000 	 280 	 4.444142e+03
1400000 	 281 	 4.448686e+03
1400000 	 282 	 4.450958e+03
1400000 	 283 	 4.453230e+03
1400000 	 284 	 4.457774e+03
1400000 	 285 	 4.460046e+03
1400000 	 286 	 4.462318e+03
1400000 	 287 	 4.466862e+03
1400000 	 288 	 4.469134e+03
1400000 	 289 	 4.471406e+03
1400000 	 290 	 4.475950e+03
1400000 	 291 	 4.478222e+03
1400000 	 292 	 4.480494e+03
1400000 	 293 	 4.485039e+03
1400000 	 294 	 4.487311e+03
1400000 	 295 	 4.489583e+03
1400000 	 296 	 4.494127e+03
1400000 	 297 	 4.496399e+03
1400000 	 298 	 4.498671e+03
1400000 	 299 	 4.500943e+03
1400000 	 300 	 4.505487e+03
1400000 	 301 	 4.507759e+03
1400000 	 302 	 4.510031e+03
1400000 	 303 	 4.514575e+03
1400000 	 304 	 4.516847e+03
1400000 	 305 	 4.519119e+03
1400000 	 306 	 4.521391e+03
1400000 	 307 	 4.525936e+03
1400000 	 308 	 4.528208e+03
1400000 	 309 	 4.530480e+03
1400000 	 310 	 4.532752e+03
1400000 	 311 	 4.537296e+03
1400000 	 312 	 4.539568e+03
1400000 	 313 	 4.541840e+03
1400000 	 314 	 4.544112e+03
1400000 	 315 	 4.548656e+03
1400000 	 316 	 4.550928e+03
1400000 	 317 	 4.553200e+03
1400000 	 318 	 4.555472e+03
1400000 	 319 	 4.560016e+03
1400000 	 320 	 4.562288e+03
1400000 	 321 	 4.564560e+03
1400000 	 322 	 4.566833e+03
1400000 	 323 	 4.571377e+03
1400000 	 324 	 4.573649e+03
1400000 	 325 	 4.575921e+03
1400000 	 326 	 4.578193e+03
1400000 	 327 	 4.580465e+03
1400000 	 328 	 4.585009e+03
1400000 	 329 	 4.587281e+03
1400000 	 330 	 4.589553e+03
1400000 	 331 	 4.591825e+03
1400000 	 332 	 4.596369e+03
1400000 	 333 	 4.598641e+03
1400000 	 334 	 4.600913e+03
1400000 	 335 	 4.603185e+03
1400000 	 336 	 4.605457e+03
1400000 	 337 	 4.610002e+03
1400000 	 338 	 4.612274e+03
1400000 	 339 	 4.614546e+03
1400000 	 340 	 4.616818e+03
1600000 	 2.492413e+02 	 4.322207e+03
1600000 	 250 	 4.323723e+03
1600000 	 251 	 4.328267e+03
1600000 	 252 	 4.330539e+03
1600000 	 253 	 4.335083e+03
1600000 	 254 	 4.337355e+03
1600000 	 255 	 4.339627e+03
1600000 	 256 	 4.344171e+03
1600000 	 257 	 4.346443e+03
1600000 	 258 	 4.350987e+03
1600000 	 259 	 4.353259e+03
1600000 	 260 	 4.357803e+03
1600000 	 261 	 4.360075e+03
1600000 	 262 	 4.362347e+03
1600000 	 263 	 4.366892e+03
1600000 	 264 	 4.369164e+03
1600000 	 265 	 4.373708e+03
1600000 	 266 	 4.375980e+03
1600000 	 267 	 4.378252e+03
1600000 	 268 	 4.382796e+03
1600000 	 269 	 4.385068e+03
1600000 	 270 	 4.389612e+03
1600000 	 271 	 4.391884e+03
1600000 	 272 	 4.394156e+03
1600000 	 273 	 4.398700e+03
1600000 	 274 	 4.400972e+03
1600000 	 275 	 4.403244e+03
1600000 	 276 	 4.407789e+03
1600000 	 277 	 4.410061e+03
1600000 	 278 	 4.414605e+03
1600000 	 279 	 4.416877e+03
1600000 	 280 	 4.419149e+03
1600000 	 281 	 4.423693e+03
1600000 	 282 	 4.425965e+03
1600000 	 283 	 4.428237e+03
1600000 	 284 	 4.432781e+03
1600000 	 285 	 4.435053e+03
1600000 	 286 	 4.437325e+03
1600000 	 287 	 4.441869e+03
1600000 	 288 	 4.444142e+03
1600000 	 289 	 4.446414e+03
1600000 	 290 	 4.450958e+03
1600000 	 291 	 4.453230e+03
1600000 	 292 	 4.455502e+03
1600000 	 293 	 4.460046e+03
1600000 	 294 	 4.462318e+03
1600000 	 295 	 4.464590e+03
1600000 	 296 	 4.466862e+03
1600000 	 297 	 4.471406e+03
1600000 	 298 	 4.473678e+03
1600000 	 299 	 4.475950e+03
1600000 	 300 	 4.480494e+03
1600000 	 301 	 4.482766e+03
1600000 	 302 	 4.485039e+03
1600000 	 303 	 4.487311e+03
1600000 	 304 	 4.491855e+03
1600000 	 305 	 4.494127e+03
1600000 	 306 	 4.496399e+03
1600000 	 307 	 4.500943e+03
1600000 	 308 	 4.503215e+03
1600000 	 309 	 4.505487e+03
1600000 	 310 	 4.507759e+03
1600000 	 311 	 4.512303e+03
1600000 	 312 	 4.514575e+03
1600000 	 313 	 4.516847e+03
1600000 	 314 	 4.519119e+03
1600000 	 315 	 4.523663e+03
1600000 	 316 	 4.525936e+03
1600000 	 317 	 4.528208e+03
1600000 	 318 	 4.530480e+03
1600000 	 319 	 4.535024e+03
1600000 	 320 	 4.537296e+03
1600000 	 321 	 4.539568e+03
1600000 	 322 	 4.541840e+03
1600000 	 323 	 4.544112e+03
1600000 	 324 	 4.548656e+03
1600000 	 325 	 4.550928e+03
1600000 	 326 	 4.553200e+03
1600000 	 327 	 4.555472e+03
1600000 	 328 	 4.560016e+03
1600000 	 329 	 4.562288e+03
1600000 	 330 	 4.564560e+03
1600000 	 331 	 4.566833e+03
1600000 	 332 	 4.569105e+03
1600000 	 333 	 4.573649e+03
1600000 	 334 	 4.575921e+03
1600000 	 335 	 4.578193e+03
1600000 	 336 	 4.580465e+03
1600000 	 337 	 4.582737e+03
1600000 	 338 	 4.587281e+03
1600000 	 339 	 4.589553e+03
1600000 	 340 	 4.591825e+03
1800000 	 2.531376e+02 	 4.312810e+03
1800000 	 254 	 4.314634e+03
1800000 	 255 	 4.319178e+03
1800000 	 256 	 4.321450e+03
1800000 	 257 	 4.325995e+03
1800000 	 258 	 4.328267e+03
1800000 	 259 	 4.330539e+03
1800000 	 260 	 4.335083e+03
1800000 	 261 	 4.337355e+03
1800000 	 262 	 4.341899e+03
1800000 	 263 	 4.344171e+03
1800000 	 264 	 4.346443e+03
1800000 	 265 	 4.350987e+03
1800000 	 266 	 4.353259e+03
1800000 	 267 	 4.357803e+03
1800000 	 268 	 4.360075e+03
1800000 	 269 	 4.362347e+03
1800000 	 270 	 4.366892e+03
1800000 	 271 	 4.369164e+03
1800000 	 272 	 4.373708e+03
1800000 	 273 	 4.375980e+03
1800000 	 274 	 4.378252e+03
1800000 	 275 	 4.382796e+03
1800000 	 276 	 4.385068e+03
1800000 	 277 	 4.387340e+03
1800000 	 278 	 4.391884e+03
1800000 	 279 	 4.394156e+03
1800000 	 280 	 4.396428e+03
1800000 	 281 	 4.400972e+03
1800000 	 282 	 4.403244e+03
1800000 	 283 	 4.405517e+03
1800000 	 284 	 4.410061e+03
1800000 	 285 	 4.412333e+03
1800000 	 286 	 4.414605e+03
1800000 	 287 	 4.419149e+03
1800000 	 288 	 4.421421e+03
1800000 	 289 	 4.423693e+03
1800000 	 290 	 4.428237e+03
1800000 	 291 	 4.430509e+03
1800000 	 292 	 4.432781e+03
1800000 	 293 	 4.437325e+03
1800000 	 294 	 4.439597e+03
1800000 	 295 	 4.441869e+03
1800000 	 296 	 4.446414e+03
1800000 	 297 	 4.448686e+03
1800000 	 298 	 4.450958e+03
1800000 	 299 	 4.455502e+03
1800000 	 300 	 4.457774e+03
1800000 	 301 	 4.460046e+03
1800000 	 302 	 4.462318e+03
1800000 	 303 	 4.466862e+03
1800000 	 304 	 4.469134e+03
1800000 	 305 	 4.471406e+03
1800000 	 306 	 4.473678e+03
1800000 	 307 	 4.478222e+03
1800000 	 308 	 4.480494e+03
1800000 	 309 	 4.482766e+03
1800000 	 310 	 4.487311e+03
1800000 	 311 	 4.489583e+03
1800000 	 312 	 4.491855e+03
1800000 	 313 	 4.494127e+03
1800000 	 314 	 4.498671e+03
1800000 	 315 	 4.500943e+03
1800000 	 316 	 4.503215e+03
1800000 	 317 	 4.505487e+03
1800000 	 318 	 4.510031e+03
1800000 	 319 	 4.512303e+03
1800000 	 320 	 4.514575e+03
1800000 	 321 	 4.516847e+03
1800000 	 322 	 4.519119e+03
1800000 	 323 	 4.523663e+03
1800000 	 324 	 4.525936e+03
1800000 	 325 	 4.528208e+03
1800000 	 326 	 4.530480e+03
1800000 	 327 	 4.535024e+03
1800000 	 328 	 4.537296e+03
1800000 	 329 	 4.539568e+03
1800000 	 330 	 4.541840e+03
1800000 	 331 	 4.544112e+03
1800000 	 332 	 4.548656e+03
1800000 	 333 	 4.550928e+03
1800000 	 334 	 4.553200e+03
1800000 	 335 	 4.555472e+03
1800000 	 336 	 4.557744e+03
1800000 	 337 	 4.562288e+03
1800000 	 338 	 4.564560e+03
1800000 	 339 	 4.566833e+03
1800000 	 340 	 4.569105e+03
2000000 	 2.567295e+02 	 4.304092e+03
2000000 	 257 	 4.305546e+03
2000000 	 258 	 4.307818e+03
2000000 	 259 	 4.312362e+03
2000000 	 260 	 4.314634e+03
2000000 	 261 	 4.316906e+03
2000000 	 262 	 4.321450e+03
2000000 	 263 	 4.323723e+03
2000000 	 264 	 4.328267e+03
2000000 	 265 	 4.330539e+03
2000000 	 266 	 4.332811e+03
2000000 	 267 	 4.337355e+03
2000000 	 268 	 4.339627e+03
2000000 	 269 	 4.344171e+03
2000000 	 270 	 4.346443e+03
2000000 	 271 	 4.348715e+03
2000000 	 272 	 4.353259e+03
2000000 	 273 	 4.355531e+03
2000000 	 274 	 4.360075e+03
2000000 	 275 	 4.362347e+03
2000000 	 276 	 4.364620e+03
2000000 	 277 	 4.369164e+03
2000000 	 278 	 4.371436e+03
2000000 	 279 	 4.373708e+03
2000000 	 280 	 4.378252e+03
2000000 	 281 	 4.380524e+03
2000000 	 282 	 4.382796e+03
2000000 	 283 	 4.387340e+03
2000000 	 284 	 4.389612e+03
2000000 	 285 	 4.391884e+03
2000000 	 286 	 4.396428e+03
2000000 	 287 	 4.398700e+03
2000000 	 288 	 4.400972e+03
2000000 	 289 	 4.405517e+03
2000000 	 290 	 4.407789e+03
2000000 	 291 	 4.410061e+03
2000000 	 292 	 4.414605e+03
2000000 	 293 	 4.416877e+03
2000000 	 294 	 4.419149e+03
2000000 	 295 	 4.423693e+03
2000000 	 296 	 4.425965e+03
2000000 	 297 	 4.428237e+03
2000000 	 298 	 4.430509e+03
2000000 	 299 	 4.435053e+03
2000000 	 300 	 4.437325e+03
2000000 	 301 	 4.439597e+03
2000000 	 302 	 4.444142e+03
2000000 	 303 	 4.446414e+03
2000000 	 304 	 4.448686e+03
2000000 	 305 	 4.450958e+03
2000000 	 306 	 4.455502e+03
2000000 	 307 	 4.457774e+03
2000000 	 308 	 4.460046e+03
2000000 	 309 	 4.464590e+03
2000000 	 310 	 4.466862e+03
2000000 	 311 	 4.469134e+03
2000000 	 312 	 4.471406e+03
2000000 	 313 	 4.475950e+03
2000000 	 314 	 4.478222e+03
2000000 	 315 	 4.480494e+03
2000000 	 316 	 4.482766e+03
2000000 	 317 	 4.487311e+03
2000000 	 318 	 4.489583e+03
2000000 	 319 	 4.491855e+03
2000000 	 320 	 4.494127e+03
2000000 	 321 	 4.496399e+03
2000000 	 322 	 4.500943e+03
2000000 	 323 	 4.503215e+03
2000000 	 324 	 4.505487e+03
2000000 	 325 	 4.507759e+03
2000000 	 326 	 4.512303e+03
2000000 	 327 	 4.514575e+03
2000000 	 328 	 4.516847e+03
2000000 	 329 	 4.519119e+03
2000000 	 330 	 4.521391e+03
2000000 	 331 	 4.525936e+03
2000000 	 332 	 4.528208e+03
2000000 	 333 	 4.530480e+03
2000000 	 334 	 4.532752e+03
2000000 	 335 	 4.535024e+03
2000000 	 336 	 4.539568e+03
2000000 	 337 	 4.541840e+03
2000000 	 338 	 4.544112e+03
2000000 	 339 	 4.546384e+03
2000000 	 340 	 4.548656e+03
2200000 	 2.600680e+02 	 4.296695e+03
2200000 	 261 	 4.301002e+03
2200000 	 262 	 4.303274e+03
2200000 	 263 	 4.305546e+03
2200000 	 264 	 4.310090e+03
2200000 	 265 	 4.312362e+03
2200000 	 266 	 4.316906e+03
2200000 	 267 	 4.319178e+03
2200000 	 268 	 4.321450e+03
2200000 	 269 	 4.325995e+03
2200000 	 270 	 4.328267e+03
2200000 	 271 	 4.332811e+03
2200000 	 272 	 4.335083e+03
2200000 	 273 	 4.337355e+03
2200000 	 274 	 4.341899e+03
2200000 	 275 	 4.344171e+03
2200000 	 276 	 4.346443e+03
2200000 	 277 	 4.350987e+03
2200000 	 278 	 4.353259e+03
2200000 	 279 	 4.355531e+03
2200000 	 280 	 4.360075e+03
2200000 	 281 	 4.362347e+03
2200000 	 282 	 4.364620e+03
2200000 	 283 	 4.369164e+03
2200000 	 284 	 4.371436e+03
2200000 	 285 	 4.373708e+03
2200000 	 286 	 4.378252e+03
2200000 	 287 	 4.380524e+03
2200000 	 288 	 4.382796e+03
2200000 	 289 	 4.387340e+03
2200000 	 290 	 4.389612e+03
2200000 	 291 	 4.391884e+03
2200000 	 292 	 4.396428e+03
2200000 	 293 	 4.398700e+03
2200000 	 294 	 4.400972e+03
2200000 	 295 	 4.405517e+03
2200000 	 296 	 4.407789e+03
2200000 	 297 	 4.410061e+03
2200000 	 298 	 4.414605e+03
2200000 	 299 	 4.416877e+03
2200000 	 300 	 4.419149e+03
2200000 	 301 	 4.421421e+03
2200000 	 302 	 4.425965e+03
2200000 	 303 	 4.428237e+03
2200000 	 304 	 4.430509e+03
2200000 	 305 	 4.435053e+03
2200000 	 306 	 4.437325e+03
2200000 	 307 	 4.439597e+03
2200000 	 308 	 4.441869e+03
2200000 	 309 	 4.446414e+03
2200000 	 310 	 4.448686e+03
2200000 	 311 	 4.450958e+03
2200000 	 312 	 4.453230e+03
2200000 	 313 	 4.457774e+03
2200000 	 314 	 4.460046e+03
2200000 	 315 	 4.462318e+03
2200000 	 316 	 4.464590e+03
2200000 	 317 	 4.469134e+03
2200000 	 318 	 4.471406e+03
2200000 	 319 	 4.473678e+03
2200000 	 320 	 4.475950e+03
2200000 	 321 	 4.480494e+03
2200000 	 322 	 4.482766e+03
2200000 	 323 	 4.485039e+03
2200000 	 324 	 4.487311e+03
2200000 	 325 	 4.489583e+03
2200000 	 326 	 4.494127e+03
2200000 	 327 	 4.496399e+03
2200000 	 328 	 4.498671e+03
2200000 	 329 	 4.500943e+03
2200000 	 330 	 4.505487e+03
2200000 	 331 	 4.507759e+03
2200000 	 332 	 4.510031e+03
2200000 	 333 	 4.512303e+03
2200000 	 334 	 4.514575e+03
2200000 	 335 	 4.519119e+03
2200000 	 336 	 4.521391e+03
2200000 	 337 	 4.523663e+03
2200000 	 338 	 4.525936e+03
2200000 	 339 	 4.528208e+03
2200000 	 340 	 4.532752e+03
2400000 	 2.631920e+02 	 4.290338e+03
2400000 	 264 	 4.294186e+03
2400000 	 265 	 4.296458e+03
2400000 	 266 	 4.298730e+03
2400000 	 267 	 4.303274e+03
2400000 	 268 	 4.305546e+03
2400000 	 269 	 4.310090e+03
2400000 	 270 	 4.312362e+03
2400000 	 271 	 4.314634e+03
2400000 	 272 	 4.319178e+03
2400000 	 273 	 4.321450e+03
2400000 	 274 	 4.323723e+03
2400000 	 275 	 4.328267e+03
2400000 	 276 	 4.330539e+03
2400000 	 277 	 4.332811e+03
2400000 	 278 	 4.337355e+03
2400000 	 279 	 4.339627e+03
2400000 	 280 	 4.344171e+03
2400000 	 281 	 4.346443e+03
2400000 	 282 	 4.348715e+03
2400000 	 283 	 4.353259e+03
2400000 	 284 	 4.355531e+03
2400000 	 285 	 4.357803e+03
2400000 	 286 	 4.362347e+03
2400000 	 287 	 4.364620e+03
2400000 	 288 	 4.366892e+03
2400000 	 289 	 4.371436e+03
2400000 	 290 	 4.373708e+03
2400000 	 291 	 4.375980e+03
2400000 	 292 	 4.378252e+03
2400000 	 293 	 4.382796e+03
2400000 	 294 	 4.385068e+03
2400000 	 295 	 4.387340e+03
2400000 	 296 	 4.391884e+03
2400000 	 297 	 4.394156e+03
2400000 	 298 	 4.396428e+03
2400000 	 299 	 4.400972e+03
2400000 	 300 	 4.403244e+03
2400000 	 301 	 4.405517e+03
2400000 	 302 	 4.407789e+03
2400000 	 303 	 4.412333e+03
2400000 	 304 	 4.414605e+03
2400000 	 305 	 4.416877e+03
2400000 	 306 	 4.421421e+03
2400000 	 307 	 4.423693e+03
2400000 	 308 	 4.425965e+03
2400000 	 309 	 4.428237e+03
2400000 	 310 	 4.432781e+03
2400000 	 311 	 4.435053e+03
2400000 	 312 	 4.437325e+03
2400000 	 313 	 4.439597e+03
2400000 	 314 	 4.444142e+03
2400000 	 315 	 4.446414e+03
2400000 	 316 	 4.448686e+03
2400000 	 317 	 4.450958e+03
2400000 	 318 	 4.455502e+03
2400000 	 319 	 4.457774e+03
2400000 	 320 	 4.460046e+03
2400000 	 321 	 4.462318e+03
2400000 	 322 	 4.466862e+03
2400000 	 323 	 4.469134e+03
2400000 	 324 	 4.471406e+03
2400000 	 325 	 4.473678e+03
2400000 	 326 	 4.475950e+03
2400000 	 327 	 4.480494e+03
2400000 	 328 	 4.482766e+03
2400000 	 329 	 4.485039e+03
2400000 	 330 	 4.487311e+03
2400000 	 331 	 4.489583e+03
2400000 	 332 	 4.494127e+03
2400000 	 333 	 4.496399e+03
2400000 	 334 	 4.498671e+03
2400000 	 335 	 4.500943e+03
2400000 	 336 	 4.505487e+03
2400000 	 337 	 4.507759e+03
2400000 	 338 	 4.510031e+03
2400000 	 339 	 4.512303e+03
2400000 	 340 	 4.514575e+03
2600000 	 2.661313e+02 	 4.285526e+03
2600000 	 267 	 4.287370e+03
2600000 	 268 	 4.289642e+03
2600000 	 269 	 4.294186e+03
2600000 	 270 	 4.296458e+03
2600000 	 271 	 4.301002e+03
2600000 	 272 	 4.303274e+03
2600000 	 273 	 4.305546e+03
2600000 	 274 	 4.310090e+03
2600000 	 275 	 4.312362e+03
2600000 	 276 	 4.314634e+03
2600000 	 277 	 4.319178e+03
2600000 	 278 	 4.321450e+03
2600000 	 279 	 4.325995e+03
2600000 	 280 	 4.328267e+03
2600000 	 281 	 4.330539e+03
2600000 	 282 	 4.335083e+03
2600000 	 283 	 4.337355e+03
2600000 	 284 	 4.339627e+03
2600000 	 285 	 4.344171e+03
2600000 	 286 	 4.346443e+03
2600000 	 287 	 4.348715e+03
2600000 	 288 	 4.353259e+03
2600000 	 289 	 4.355531e+03
2600000 	 290 	 4.357803e+03
2600000 	 291 	 4.362347e+03
2600000 	 292 	 4.364620e+03
2600000 	 293 	 4.366892e+03
2600000 	 294 	 4.369164e+03
2600000 	 295 	 4.373708e+03
2600000 	 296 	 4.375980e+03
2600000 	 297 	 4.378252e+03
2600000 	 298 	 4.382796e+03
2600000 	 299 	 4.385068e+03
2600000 	 300 	 4.387340e+03
2600000 	 301 	 4.391884e+03
2600000 	 302 	 4.394156e+03
2600000 	 303 	 4.396428e+03
2600000 	 304 	 4.398700e+03
2600000 	 305 	 4.403244e+03
2600000 	 306 	 4.405517e+03
2600000 	 307 	 4.407789e+03
2600000 	 308 	 4.410061e+03
2600000 	 309 	 4.414605e+03
2600000 	 310 	 4.416877e+03
2600000 	 311 	 4.419149e+03
2600000 	 312 	 4.421421e+03
2600000 	 313 	 4.425965e+03
2600000 	 314 	 4.428237e+03
2600000 	 315 	 4.430509e+03
2600000 	 316 	 4.432781e+03
2600000 	 317 	 4.437325e+03
2600000 	 318 	 4.439597e+03
2600000 	 319 	 4.441869e+03
2600000 	 320 	 4.444142e+03
2600000 	 321 	 4.448686e+03
2600000 	 322 	 4.450958e+03
2600000 	 323 	 4.453230e+03
2600000 	 324 	 4.455502e+03
2600000 	 325 	 4.460046e+03
2600000 	 326 	 4.462318e+03
2600000 	 327 	 4.464590e+03
2600000 	 328 	 4.466862e+03
2600000 	 329 	 4.469134e+03
2600000 	 330 	 4.473678e+03
2600000 	 331 	 4.475950e+03
2600000 	 332 	 4.478222e+03
2600000 	 333 	 4.480494e+03
2600000 	 334 	 4.482766e+03
2600000 	 335 	 4.487311e+03
2600000 	 336 	 4.489583e+03
2600000 	 337 	 4.491855e+03
2600000 	 338 	 4.494127e+03
2600000 	 339 	 4.496399e+03
2600000 	 340 	 4.500943e+03
2800000 	 2.689098e+02 	 4.280050e+03
2800000 	 269 	 4.280553e+03
2800000 	 270 	 4.282826e+03
2800000 	 271 	 4.285098e+03
2800000 	 272 	 4.289642e+03
2800000 	 273 	 4.291914e+03
2800000 	 274 	 4.296458e+03
2800000 	 275 	 4.298730e+03
2800000 	 276 	 4.301002e+03
2800000 	 277 	 4.305546e+03
2800000 	 278 	 4.307818e+03
2800000 	 279 	 4.310090e+03
2800000 	 280 	 4.314634e+03
2800000 	 281 	 4.316906e+03
2800000 	 282 	 4.319178e+03
2800000 	 283 	 4.323723e+03
2800000 	 284 	 4.325995e+03
2800000 	 285 	 4.328267e+03
2800000 	 286 	 4.332811e+03
2800000 	 287 	 4.335083e+03
2800000 	 288 	 4.337355e+03
2800000 	 289 	 4.341899e+03
2800000 	 290 	 4.344171e+03
2800000 	 291 	 4.346443e+03
2800000 	 292 	 4.350987e+03
2800000 	 293 	 4.353259e+03
2800000 	 294 	 4.355531e+03
2800000 	 295 	 4.360075e+03
2800000 	 296 	 4.362347e+03
2800000 	 297 	 4.364620e+03
2800000 	 298 	 4.366892e+03
2800000 	 299 	 4.371436e+03
2800000 	 300 	 4.373708e+03
2800000 	 301 	 4.375980e+03
2800000 	 302 	 4.380524e+03
2800000 	 303 	 4.382796e+03
2800000 	 304 	 4.385068e+03
2800000 	 305 	 4.387340e+03
2800000 	 306 	 4.391884e+03
2800000 	 307 	 4.394156e+03
2800000 	 308 	 4.396428e+03
2800000 	 309 	 4.400972e+03
2800000 	 310 	 4.403244e+03
2800000 	 311 	 4.405517e+03
2800000 	 312 	 4.407789e+03
2800000 	 313 	 4.412333e+03
2800000 	 314 	 4.414605e+03
2800000 	 315 	 4.416877e+03
2800000 	 316 	 4.419149e+03
2800000 	 317 	 4.423693e+03
2800000 	 318 	 4.425965e+03
2800000 	 319 	 4.428237e+03
2800000 	 320 	 4.430509e+03
2800000 	 321 	 4.432781e+03
2800000 	 322 	 4.437325e+03
2800000 	 323 	 4.439597e+03
2800000 	 324 	 4.441869e+03
2800000 	 325 	 4.444142e+03
2800000 	 326 	 4.448686e+03
2800000 	 327 	 4.450958e+03
2800000 	 328 	 4.453230e+03
2800000 	 329 	 4.455502e+03
2800000 	 330 	 4.457774e+03
2800000 	 331 	 4.462318e+03
2800000 	 332 	 4.464590e+03
2800000 	 333 	 4.466862e+03
2800000 	 334 	 4.469134e+03
2800000 	 335 	 4.471406e+03
2800000 	 336 	 4.475950e+03
2800000 	 337 	 4.478222e+03
2800000 	 338 	 4.480494e+03
2800000 	 339 	 4.482766e+03
2800000 	 340 	 4.485039e+03
3000000 	 2.715467e+02 	 4.275261e+03
3000000 	 272 	 4.276009e+03
3000000 	 273 	 4.278281e+03
3000000 	 274 	 4.282826e+03
3000000 	 275 	 4.285098e+03
3000000 	 276 	 4.289642e+03
3000000 	 277 	 4.291914e+03
3000000 	 278 	 4.294186e+03
3000000 	 279 	 4.298730e+03
3000000 	 280 	 4.301002e+03
3000000 	 281 	 4.303274e+03
3000000 	 282 	 4.307818e+03
3000000 	 283 	 4.310090e+03
3000000 	 284 	 4.312362e+03
3000000 	 285 	 4.316906e+03
3000000 	 286 	 4.319178e+03
3000000 	 287 	 4.321450e+03
3000000 	 288 	 4.325995e+03
3000000 	 289 	 4.328267e+03
3000000 	 290 	 4.330539e+03
3000000 	 291 	 4.335083e+03
3000000 	 292 	 4.337355e+03
3000000 	 293 	 4.339627e+03
3000000 	 294 	 4.344171e+03
3000000 	 295 	 4.346443e+03
3000000 	 296 	 4.348715e+03
3000000 	 297 	 4.350987e+03
3000000 	 298 	 4.355531e+03
3000000 	 299 	 4.357803e+03
3000000 	 300 	 4.360075e+03
3000000 	 301 	 4.364620e+03
3000000 	 302 	 4.366892e+03
3000000 	 303 	 4.369164e+03
3000000 	 304 	 4.371436e+03
3000000 	 305 	 4.375980e+03
3000000 	 306 	 4.378252e+03
3000000 	 307 	 4.380524e+03
3000000 	 308 	 4.385068e+03
3000000 	 309 	 4.387340e+03
3000000 	 310 	 4.389612e+03
3000000 	 311 	 4.391884e+03
3000000 	 312 	 4.396428e+03
3000000 	 313 	 4.398700e+03
3000000 	 314 	 4.400972e+03
3000000 	 315 	 4.403244e+03
3000000 	 316 	 4.407789e+03
3000000 	 317 	 4.410061e+03
3000000 	 318 	 4.412333e+03
3000000 	 319 	 4.414605e+03
3000000 	 320 	 4.419149e+03
3000000 	 321 	 4.421421e+03
3000000 	 322 	 4.423693e+03
3000000 	 323 	 4.425965e+03
3000000 	 324 	 4.428237e+03
3000000 	 325 	 4.432781e+03
3000000 	 326 	 4.435053e+03
3000000 	 327 	 4.437325e+03
3000000 	 328 	 4.439597e+03
3000000 	 329 	 4.444142e+03
3000000 	 330 	 4.446414e+03
3000000 	 331 	 4.448686e+03
3000000 	 332 	 4.450958e+03
3000000 	 333 	 4.453230e+03
3000000 	 334 	 4.457774e+03
3000000 	 335 	 4.460046e+03
3000000 	 336 	 4.462318e+03
3000000 	 337 	 4.464590e+03
3000000 	 338 	 4.466862e+03
3000000 	 339 	 4.471406e+03
3000000 	 340 	 4.473678e+03
3200000 	 2.740578e+02 	 4.269394e+03
3200000 	 275 	 4.273737e+03
3200000 	 276 	 4.276009e+03
3200000 	 277 	 4.280553e+03
3200000 	 278 	 4.282826e+03
3200000 	 279 	 4.285098e+03
3200000 	 280 	 4.289642e+03
3200000 	 281 	 4.291914e+03
3200000 	 282 	 4.294186e+03
3200000 	 283 	 4.298730e+03
3200000 	 284 	 4.301002e+03
3200000 	 285 	 4.303274e+03
3200000 	 286 	 4.307818e+03
3200000 	 287 	 4.310090e+03
3200000 	 288 	 4.312362e+03
3200000 	 289 	 4.316906e+03
3200000 	 290 	 4.319178e+03
3200000 	 291 	 4.321450e+03
3200000 	 292 	 4.325995e+03
3200000 	 293 	 4.328267e+03
3200000 	 294 	 4.330539e+03
3200000 	 295 	 4.332811e+03
3200000 	 296 	 4.337355e+03
3200000 	 297 	 4.339627e+03
3200000 	 298 	 4.341899e+03
3200000 	 299 	 4.346443e+03
3200000 	 300 	 4.348715e+03
3200000 	 301 	 4.350987e+03
3200000 	 302 	 4.355531e+03
3200000 	 303 	 4.357803e+03
3200000 	 304 	 4.360075e+03
3200000 	 305 	 4.362347e+03
3200000 	 306 	 4.366892e+03
3200000 	 307 	 4.369164e+03
3200000 	 308 	 4.371436e+03
3200000 	 309 	 4.373708e+03
3200000 	 310 	 4.378252e+03
3200000 	 311 	 4.380524e+03
3200000 	 312 	 4.382796e+03
3200000 	 313 	 4.385068e+03
3200000 	 314 	 4.389612e+03
3200000 	 315 	 4.391884e+03
3200000 	 316 	 4.394156e+03
3200000 	 317 	 4.396428e+03
3200000 	 318 	 4.400972e+03
3200000 	 319 	 4.403244e+03
3200000 	 320 	 4.405517e+03
3200000 	 321 	 4.407789e+03
3200000 	 322 	 4.412333e+03
3200000 	 323 	 4.414605e+03
3200000 	 324 	 4.416877e+03
3200000 	 325 	 4.419149e+03
3200000 	 326 	 4.423693e+03
3200000 	 327 	 4.425965e+03
3200000 	 328 	 4.428237e+03
3200000 	 329 	 4.430509e+03
3200000 	 330 	 4.432781e+03
3200000 	 331 	 4.437325e+03
3200000 	 332 	 4.439597e+03
3200000 	 333 	 4.441869e+03
3200000 	 334 	 4.444142e+03
3200000 	 335 	 4.446414e+03
3200000 	 336 	 4.450958e+03
3200000 	 337 	 4.453230e+03
3200000 	 338 	 4.455502e+03
3200000 	 339 	 4.457774e+03
3200000 	 340 	 4.460046e+03
3400000 	 2.764562e+02 	 4.266440e+03
3400000 	 277 	 4.269193e+03
3400000 	 278 	 4.271465e+03
3400000 	 279 	 4.273737e+03
3400000 	 280 	 4.278281e+03
3400000 	 281 	 4.280553e+03
3400000 	 282 	 4.282826e+03
3400000 	 283 	 4.287370e+03
3400000 	 284 	 4.289642e+03
3400000 	 285 	 4.291914e+03
3400000 	 286 	 4.296458e+03
3400000 	 287 	 4.298730e+03
3400000 	 288 	 4.301002e+03
3400000 	 289 	 4.305546e+03
3400000 	 290 	 4.307818e+03
3400000 	 291 	 4.310090e+03
3400000 	 292 	 4.314634e+03
3400000 	 293 	 4.316906e+03
3400000 	 294 	 4.319178e+03
3400000 	 295 	 4.321450e+03
3400000 	 296 	 4.325995e+03
3400000 	 297 	 4.328267e+03
3400000 	 298 	 4.330539e+03
3400000 	 299 	 4.335083e+03
3400000 	 300 	 4.337355e+03
3400000 	 301 	 4.339627e+03
3400000 	 302 	 4.341899e+03
3400000 	 303 	 4.346443e+03
3400000 	 304 	 4.348715e+03
3400000 	 305 	 4.350987e+03
3400000 	 306 	 4.355531e+03
3400000 	 307 	 4.357803e+03
3400000 	 308 	 4.360075e+03
3400000 	 309 	 4.362347e+03
3400000 	 310 	 4.366892e+03
3400000 	 311 	 4.369164e+03
3400000 	 312 	 4.371436e+03
3400000 	 313 	 4.373708e+03
3400000 	 314 	 4.378252e+03
3400000 	 315 	 4.380524e+03
3400000 	 316 	 4.382796e+03
3400000 	 317 	 4.385068e+03
3400000 	 318 	 4.389612e+03
3400000 	 319 	 4.391884e+03
3400000 	 320 	 4.394156e+03
3400000 	 321 	 4.396428e+03
3400000 	 322 	 4.400972e+03
3400000 	 323 	 4.403244e+03
3400000 	 324 	 4.405517e+03
3400000 	 325 	 4.407789e+03
3400000 	 326 	 4.410061e+03
3400000 	 327 	 4.414605e+03
3400000 	 328 	 4.416877e+03
3400000 	 329 	 4.419149e+03
3400000 	 330 	 4.421421e+03
3400000 	 331 	 4.425965e+03
3400000 	 332 	 4.428237e+03
3400000 	 333 	 4.430509e+03
3400000 	 334 	 4.432781e+03
3400000 	 335 	 4.435053e+03
3400000 	 336 	 4.439597e+03
3400000 	 337 	 4.441869e+03
3400000 	 338 	 4.444142e+03
3400000 	 339 	 4.446414e+03
3400000 	 340 	 4.448686e+03
3600000 	 2.787528e+02 	 4.261815e+03
3600000 	 279 	 4.262377e+03
3600000 	 280 	 4.266921e+03
3600000 	 281 	 4.269193e+03
3600000 	 282 	 4.273737e+03
3600000 	 283 	 4.276009e+03
3600000 	 284 	 4.278281e+03
3600000 	 285 	 4.282826e+03
3600000 	 286 	 4.285098e+03
3600000 	 287 	 4.287370e+03
3600000 	 288 	 4.291914e+03
3600000 	 289 	 4.294186e+03
3600000 	 290 	 4.296458e+03
3600000 	 291 	 4.298730e+03
3600000 	 292 	 4.303274e+03
3600000 	 293 	 4.305546e+03
3600000 	 294 	 4.307818e+03
3600000 	 295 	 4.312362e+03
3600000 	 296 	 4.314634e+03
3600000 	 297 	 4.316906e+03
3600000 	 298 	 4.321450e+03
3600000 	 299 	 4.323723e+03
3600000 	 300 	 4.325995e+03
3600000 	 301 	 4.328267e+03
3600000 	 302 	 4.332811e+03
3600000 	 303 	 4.335083e+03
3600000 	 304 	 4.337355e+03
3600000 	 305 	 4.341899e+03
3600000 	 306 	 4.344171e+03
3600000 	 307 	 4.346443e+03
3600000 	 308 	 4.348715e+03
3600000 	 309 	 4.353259e+03
3600000 	 310 	 4.355531e+03
3600000 	 311 	 4.357803e+03
3600000 	 312 	 4.360075e+03
3600000 	 313 	 4.364620e+03
3600000 	 314 	 4.366892e+03
3600000 	 315 	 4.369164e+03
3600000 	 316 	 4.371436e+03
3600000 	 317 	 4.375980e+03
3600000 	 318 	 4.378252e+03
3600000 	 319 	 4.380524e+03
3600000 	 320 	 4.382796e+03
3600000 	 321 	 4.387340e+03
3600000 	 322 	 4.389612e+03
3600000 	 323 	 4.391884e+03
3600000 	 324 	 4.394156e+03
3600000 	 325 	 4.398700e+03
3600000 	 326 	 4.400972e+03
3600000 	 327 	 4.403244e+03
3600000 	 328 	 4.405517e+03
3600000 	 329 	 4.407789e+03
3600000 	 330 	 4.412333e+03
3600000 	 331 	 4.414605e+03
3600000 	 332 	 4.416877e+03
3600000 	 333 	 4.419149e+03
3600000 	 334 	 4.421421e+03
3600000 	 335 	 4.425965e+03
3600000 	 336 	 4.428237e+03
3600000 	 337 	 4.430509e+03
3600000 	 338 	 4.432781e+03
3600000 	 339 	 4.435053e+03
3600000 	 340 	 4.439597e+03
3800000 	 2.809571e+02 	 4.259863e+03
3800000 	 281 	 4.260105e+03
3800000 	 282 	 4.262377e+03
3800000 	 283 	 4.264649e+03
3800000 	 284 	 4.269193e+03
3800000 	 285 	 4.271465e+03
3800000 	 286 	 4.273737e+03
3800000 	 287 	 4.278281e+03
3800000 	 288 	 4.280553e+03
3800000 	 289 	 4.282826e+03
3800000 	 290 	 4.287370e+03
3800000 	 291 	 4.289642e+03
3800000 	 292 	 4.291914e+03
3800000 	 293 	 4.296458e+03
3800000 	 294 	 4.298730e+03
3800000 	 295 	 4.301002e+03
3800000 	 296 	 4.303274e+03
3800000 	 297 	 4.307818e+03
3800000 	 298 	 4.310090e+03
3800000 	 299 	 4.312362e+03
3800000 	 300 	 4.316906e+03
3800000 	 301 	 4.319178e+03
3800000 	 302 	 4.321450e+03
3800000 	 303 	 4.325995e+03
3800000 	 304 	 4.328267e+03
3800000 	 305 	 4.330539e+03
3800000 	 306 	 4.332811e+03
3800000 	 307 	 4.337355e+03
3800000 	 308 	 4.339627e+03
3800000 	 309 	 4.341899e+03
3800000 	 310 	 4.344171e+03
3800000 	 311 	 4.348715e+03
3800000 	 312 	 4.350987e+03
3800000 	 313 	 4.353259e+03
3800000 	 314 	 4.355531e+03
3800000 	 315 	 4.360075e+03
3800000 	 316 	 4.362347e+03
3800000 	 317 	 4.364620e+03
3800000 	 318 	 4.366892e+03
3800000 	 319 	 4.371436e+03
3800000 	 320 	 4.373708e+03
3800000 	 321 	 4.375980e+03
3800000 	 322 	 4.378252e+03
3800000 	 323 	 4.382796e+03
3800000 	 324 	 4.385068e+03
3800000 	 325 	 4.387340e+03
3800000 	 326 	 4.389612e+03
3800000 	 327 	 4.391884e+03
3800000 	 328 	 4.396428e+03
3800000 	 329 	 4.398700e+03
3800000 	 330 	 4.400972e+03
3800000 	 331 	 4.403244e+03
3800000 	 332 	 4.405517e+03
3800000 	 333 	 4.410061e+03
3800000 	 334 	 4.412333e+03
3800000 	 335 	 4.414605e+03
3800000 	 336 	 4.416877e+03
3800000 	 337 	 4.419149e+03
3800000 	 338 	 4.423693e+03
3800000 	 339 	 4.425965e+03
3800000 	 340 	 4.428237e+03
4000000 	 2.830769e+02 	 4.255736e+03
4000000 	 284 	 4.257833e+03
4000000 	 285 	 4.262377e+03
4000000 	 286 	 4.264649e+03
4000000 	 287 	 4.266921e+03
4000000 	 288 	 4.271465e+03
4000000 	 289 	 4.273737e+03
4000000 	 290 	 4.276009e+03
4000000 	 291 	 4.280553e+03
4000000 	 292 	 4.282826e+03
4000000 	 293 	 4.285098e+03
4000000 	 294 	 4.289642e+03
4000000 	 295 	 4.291914e+03
4000000 	 296 	 4.294186e+03
4000000 	 297 	 4.298730e+03
4000000 	 298 	 4.301002e+03
4000000 	 299 	 4.303274e+03
4000000 	 300 	 4.305546e+03
4000000 	 301 	 4.310090e+03
4000000 	 302 	 4.312362e+03
4000000 	 303 	 4.314634e+03
4000000 	 304 	 4.319178e+03
4000000 	 305 	 4.321450e+03
4000000 	 306 	 4.323723e+03
4000000 	 307 	 4.325995e+03
4000000 	 308 	 4.330539e+03
4000000 	 309 	 4.332811e+03
4000000 	 310 	 4.335083e+03
4000000 	 311 	 4.337355e+03
4000000 	 312 	 4.341899e+03
4000000 	 313 	 4.344171e+03
4000000 	 314 	 4.346443e+03
4000000 	 315 	 4.348715e+03
4000000 	 316 	 4.353259e+03
4000000 	 317 	 4.355531e+03
4000000 	 318 	 4.357803e+03
4000000 	 319 	 4.360075e+03
4000000 	 320 	 4.364620e+03
4000000 	 321 	 4.366892e+03
4000000 	 322 	 4.369164e+03
4000000 	 323 	 4.371436e+03
4000000 	 324 	 4.375980e+03
4000000 	 325 	 4.378252e+03
4000000 	 326 	 4.380524e+03
4000000 	 327 	 4.382796e+03
4000000 	 328 	 4.385068e+03
4000000 	 329 	 4.389612e+03
4000000 	 330 	 4.391884e+03
4000000 	 331 	 4.394156e+03
4000000 	 332 	 4.396428e+03
4000000 	 333 	 4.398700e+03
4000000 	 334 	 4.403244e+03
4000000 	 335 	 4.405517e+03
4000000 	 336 	 4.407789e+03
4000000 	 337 	 4.410061e+03
4000000 	 338 	 4.412333e+03
4000000 	 339 	 4.416877e+03
4000000 	 340 	 4.419149e+03
4200000 	 2.851194e+02 	 4.253679e+03
4200000 	 286 	 4.255561e+03
4200000 	 287 	 4.257833e+03
4200000 	 288 	 4.262377e+03
4200000 	 289 	 4.264649e+03
4200000 	 290 	 4.266921e+03
4200000 	 291 	 4.271465e+03
4200000 	 292 	 4.273737e+03
4200000 	 293 	 4.276009e+03
4200000 	 294 	 4.280553e+03
4200000 	 295 	 4.282826e+03
4200000 	 296 	 4.285098e+03
4200000 	 297 	 4.287370e+03
4200000 	 298 	 4.291914e+03
4200000 	 299 	 4.294186e+03
4200000 	 300 	 4.296458e+03
4200000 	 301 	 4.301002e+03
4200000 	 302 	 4.303274e+03
4200000 	 303 	 4.305546e+03
4200000 	 304 	 4.307818e+03
4200000 	 305 	 4.312362e+03
4200000 	 306 	 4.314634e+03
4200000 	 307 	 4.316906e+03
4200000 	 308 	 4.321450e+03
4200000 	 309 	 4.323723e+03
4200000 	 310 	 4.325995e+03
4200000 	 311 	 4.328267e+03
4200000 	 312 	 4.332811e+03
4200000 	 313 	 4.335083e+03
4200000 	 314 	 4.337355e+03
4200000 	 315 	 4.339627e+03
4200000 	 316 	 4.344171e+03
4200000 	 317 	 4.346443e+03
4200000 	 318 	 4.348715e+03
4200000 	 319 	 4.350987e+03
4200000 	 320 	 4.355531e+03
4200000 	 321 	 4.357803e+03
4200000 	 322 	 4.360075e+03
4200000 	 323 	 4.362347e+03
4200000 	 324 	 4.364620e+03
4200000 	 325 	 4.369164e+03
4200000 	 326 	 4.371436e+03
4200000 	 327 	 4.373708e+03
4200000 	 328 	 4.375980e+03
4200000 	 329 	 4.380524e+03
4200000 	 330 	 4.382796e+03
4200000 	 331 	 4.385068e+03
4200000 	 332 	 4.387340e+03
4200000 	 333 	 4.389612e+03
4200000 	 334 	 4.394156e+03
4200000 	 335 	 4.396428e+03
4200000 	 336 	 4.398700e+03
4200000 	 337 	 4.400972e+03
4200000 	 338 	 4.403244e+03
4200000 	 339 	 4.407789e+03
4200000 	 340 	 4.410061e+03
4400000 	 2.870903e+02 	 4.249062e+03
4400000 	 288 	 4.253289e+03
4400000 	 289 	 4.255561e+03
4400000 	 290 	 4.257833e+03
4400000 	 291 	 4.262377e+03
4400000 	 292 	 4.264649e+03
4400000 	 293 	 4.266921e+03
4400000 	 294 	 4.271465e+03
4400000 	 295 	 4.273737e+03
4400000 	 296 	 4.276009e+03
4400000 	 297 	 4.280553e+03
4400000 	 298 	 4.282826e+03
4400000 	 299 	 4.285098e+03
4400000 	 300 	 4.287370e+03
4400000 	 301 	 4.291914e+03
4400000 	 302 	 4.294186e+03
4400000 	 303 	 4.296458e+03
4400000 	 304 	 4.301002e+03
4400000 	 305 	 4.303274e+03
4400000 	 306 	 4.305546e+03
4400000 	 307 	 4.307818e+03
4400000 	 308 	 4.312362e+03
4400000 	 309 	 4.314634e+03
4400000 	 310 	 4.316906e+03
4400000 	 311 	 4.319178e+03
4400000 	 312 	 4.323723e+03
4400000 	 313 	 4.325995e+03
4400000 	 314 	 4.328267e+03
4400000 	 315 	 4.330539e+03
4400000 	 316 	 4.335083e+03
4400000 	 317 	 4.337355e+03
4400000 	 318 	 4.339627e+03
4400000 	 319 	 4.341899e+03
4400000 	 320 	 4.346443e+03
4400000 	 321 	 4.348715e+03
4400000 	 322 	 4.350987e+03
4400000 	 323 	 4.353259e+03
4400000 	 324 	 4.357803e+03
4400000 	 325 	 4.360075e+03
4400000 	 326 	 4.362347e+03
4400000 	 327 	 4.364620e+03
4400000 	 328 	 4.366892e+03
4400000 	 329 	 4.371436e+03
4400000 	 330 	 4.373708e+03
4400000 	 331 	 4.375980e+03
4400000 	 332 	 4.378252e+03
4400000 	 333 	 4.382796e+03
4400000 	 334 	 4.385068e+03
4400000 	 335 	 4.387340e+03
4400000 	 336 	 4.389612e+03
4400000 	 337 	 4.391884e+03
4400000 	 338 	 4.394156e+03
4400000 	 339 	 4.398700e+03
4400000 	 340 	 4.400972e+03
4600000 	 2.889951e+02 	 4.246461e+03
4600000 	 289 	 4.246473e+03
4600000 	 290 	 4.251017e+03
4600000 	 291 	 4.253289e+03
4600000 	 292 	 4.255561e+03
4600000 	 293 	 4.260105e+03
4600000 	 294 	 4.262377e+03
4600000 	 295 	 4.264649e+03
4600000 	 296 	 4.269193e+03
4600000 	 297 	 4.271465e+03
4600000 	 298 	 4.273737e+03
4600000 	 299 	 4.276009e+03
4600000 	 300 	 4.280553e+03
4600000 	 301 	 4.282826e+03
4600000 	 302 	 4.285098e+03
4600000 	 303 	 4.289642e+03
4600000 	 304 	 4.291914e+03
4600000 	 305 	 4.294186e+03
4600000 	 306 	 4.296458e+03
4600000 	 307 	 4.301002e+03
4600000 	 308 	 4.303274e+03
4600000 	 309 	 4.305546e+03
4600000 	 310 	 4.310090e+03
4600000 	 311 	 4.312362e+03
4600000 	 312 	 4.314634e+03
4600000 	 313 	 4.316906e+03
4600000 	 314 	 4.321450e+03
4600000 	 315 	 4.323723e+03
4600000 	 316 	 4.325995e+03
4600000 	 317 	 4.328267e+03
4600000 	 318 	 4.332811e+03
4600000 	 319 	 4.335083e+03
4600000 	 320 	 4.337355e+03
4600000 	 321 	 4.339627e+03
4600000 	 322 	 4.341899e+03
4600000 	 323 	 4.346443e+03
4600000 	 324 	 4.348715e+03
4600000 	 325 	 4.350987e+03
4600000 	 326 	 4.353259e+03
4600000 	 327 	 4.357803e+03
4600000 	 328 	 4.360075e+03
4600000 	 329 	 4.362347e+03
4600000 	 330 	 4.364620e+03
4600000 	 331 	 4.366892e+03
4600000 	 332 	 4.371436e+03
4600000 	 333 	 4.373708e+03
4600000 	 334 	 4.375980e+03
4600000 	 335 	 4.378252e+03
4600000 	 336 	 4.380524e+03
4600000 	 337 	 4.385068e+03
4600000 	 338 	 4.387340e+03
4600000 	 339 	 4.389612e+03
4600000 	 340 	 4.391884e+03
4800000 	 2.908382e+02 	 4.245584e+03
4800000 	 291 	 4.246473e+03
4800000 	 292 	 4.248745e+03
4800000 	 293 	 4.251017e+03
4800000 	 294 	 4.253289e+03
4800000 	 295 	 4.257833e+03
4800000 	 296 	 4.260105e+03
4800000 	 297 	 4.262377e+03
4800000 	 298 	 4.266921e+03
4800000 	 299 	 4.269193e+03
4800000 	 300 	 4.271465e+03
4800000 	 301 	 4.276009e+03
4800000 	 302 	 4.278281e+03
4800000 	 303 	 4.280553e+03
4800000 	 304 	 4.282826e+03
4800000 	 305 	 4.287370e+03
4800000 	 306 	 4.289642e+03
4800000 	 307 	 4.291914e+03
4800000 	 308 	 4.294186e+03
4800000 	 309 	 4.298730e+03
4800000 	 310 	 4.301002e+03
4800000 	 311 	 4.303274e+03
4800000 	 312 	 4.305546e+03
4800000 	 313 	 4.310090e+03
4800000 	 314 	 4.312362e+03
4800000 	 315 	 4.314634e+03
4800000 	 316 	 4.316906e+03
4800000 	 317 	 4.321450e+03
4800000 	 318 	 4.323723e+03
4800000 	 319 	 4.325995e+03
4800000 	 320 	 4.328267e+03
4800000 	 321 	 4.332811e+03
4800000 	 322 	 4.335083e+03
4800000 	 323 	 4.337355e+03
4800000 	 324 	 4.339627e+03
4800000 	 325 	 4.344171e+03
4800000 	 326 	 4.346443e+03
4800000 	 327 	 4.348715e+03
4800000 	 328 	 4.350987e+03
4800000 	 329 	 4.353259e+03
4800000 	 330 	 4.357803e+03
4800000 	 331 	 4.360075e+03
4800000 	 332 	 4.362347e+03
4800000 	 333 	 4.364620e+03
4800000 	 334 	 4.366892e+03
4800000 	 335 	 4.371436e+03
4800000 	 336 	 4.373708e+03
4800000 	 337 	 4.375980e+03
4800000 	 338 	 4.378252e+03
4800000 	 339 	 4.380524e+03
4800000 	 340 	 4.385068e+03
5000000 	 2.926239e+02 	 4.242225e+03
5000000 	 293 	 4.244201e+03
5000000 	 294 	 4.246473e+03
5000000 	 295 	 4.248745e+03
5000000 	 296 	 4.253289e+03
5000000 	 297 	 4.255561e+03
5000000 	 298 	 4.257833e+03
5000000 	 299 	 4.262377e+03
5000000 	 300 	 4.264649e+03
5000000 	 301 	 4.266921e+03
5000000 	 302 	 4.269193e+03
5000000 	 303 	 4.273737e+03
5000000 	 304 	 4.276009e+03
5000000 	 305 	 4.278281e+03
5000000 	 306 	 4.282826e+03
5000000 	 307 	 4.285098e+03
5000000 	 308 	 4.287370e+03
5000000 	 309 	 4.289642e+03
5000000 	 310 	 4.294186e+03
5000000 	 311 	 4.296458e+03
5000000 	 312 	 4.298730e+03
5000000 	 313 	 4.301002e+03
5000000 	 314 	 4.305546e+03
5000000 	 315 	 4.307818e+03
5000000 	 316 	 4.310090e+03
5000000 	 317 	 4.312362e+03
5000000 	 318 	 4.316906e+03
5000000 	 319 	 4.319178e+03
5000000 	 320 	 4.321450e+03
5000000 	 321 	 4.323723e+03
5000000 	 322 	 4.328267e+03
5000000 	 323 	 4.330539e+03
5000000 	 324 	 4.332811e+03
5000000 	 325 	 4.335083e+03
5000000 	 326 	 4.337355e+03
5000000 	 327 	 4.341899e+03
5000000 	 328 	 4.344171e+03
5000000 	 329 	 4.346443e+03
5000000 	 330 	 4.348715e+03
5000000 	 331 	 4.350987e+03
5000000 	 332 	 4.355531e+03
5000000 	 333 	 4.357803e+03
5000000 	 334 	 4.360075e+03
5000000 	 335 	 4.362347e+03
5000000 	 336 	 4.364620e+03
5000000 	 337 	 4.369164e+03
5000000 	 338 	 4.371436e+03
5000000 	 339 	 4.373708e+03
5000000 	 340 	 4.375980e+03
5200000 	 2.943556e+02 	 4.240464e+03
5200000 	 295 	 4.241929e+03
5200000 	 296 	 4.244201e+03
5200000 	 297 	 4.248745e+03
5200000 	 298 	 4.251017e+03
5200000 	 299 	 4.253289e+03
5200000 	 300 	 4.257833e+03
5200000 	 301 	 4.260105e+03
5200000 	 302 	 4.262377e+03
5200000 	 303 	 4.264649e+03
5200000 	 304 	 4.269193e+03
5200000 	 305 	 4.271465e+03
5200000 	 306 	 4.273737e+03
5200000 	 307 	 4.278281e+03
5200000 	 308 	 4.280553e+03
5200000 	 309 	 4.282826e+03
5200000 	 310 	 4.285098e+03
5200000 	 311 	 4.289642e+03
5200000 	 312 	 4.291914e+03
5200000 	 313 	 4.294186e+03
5200000 	 314 	 4.296458e+03
5200000 	 315 	 4.301002e+03
5200000 	 316 	 4.303274e+03
5200000 	 317 	 4.305546e+03
5200000 	 318 	 4.307818e+03
5200000 	 319 	 4.312362e+03
5200000 	 320 	 4.314634e+03
5200000 	 321 	 4.316906e+03
5200000 	 322 	 4.319178e+03
5200000 	 323 	 4.321450e+03
5200000 	 324 	 4.325995e+03
5200000 	 325 	 4.328267e+03
5200000 	 326 	 4.330539e+03
5200000 	 327 	 4.332811e+03
5200000 	 328 	 4.337355e+03
5200000 	 329 	 4.339627e+03
5200000 	 330 	 4.341899e+03
5200000 	 331 	 4.344171e+03
5200000 	 332 	 4.346443e+03
5200000 	 333 	 4.350987e+03
5200000 	 334 	 4.353259e+03
5200000 	 335 	 4.355531e+03
5200000 	 336 	 4.357803e+03
5200000 	 337 	 4.360075e+03
5200000 	 338 	 4.364620e+03
5200000 	 339 	 4.366892e+03
5200000 	 340 	 4.369164e+03
5400000 	 2.960365e+02 	 4.237510e+03
5400000 	 297 	 4.241929e+03
5400000 	 298 	 4.244201e+03
5400000 	 299 	 4.246473e+03
5400000 	 300 	 4.248745e+03
5400000 	 301 	 4.253289e+03
5400000 	 302 	 4.255561e+03
5400000 	 303 	 4.257833e+03
5400000 	 304 	 4.262377e+03
5400000 	 305 	 4.264649e+03
5400000 	 306 	 4.266921e+03
5400000 	 307 	 4.269193e+03
5400000 	 308 	 4.273737e+03
5400000 	 309 	 4.276009e+03
5400000 	 310 	 4.278281e+03
5400000 	 311 	 4.280553e+03
5400000 	 312 	 4.285098e+03
5400000 	 313 	 4.287370e+03
5400000 	 314 	 4.289642e+03
5400000 	 315 	 4.291914e+03
5400000 	 316 	 4.296458e+03
5400000 	 317 	 4.298730e+03
5400000 	 318 	 4.301002e+03
5400000 	 319 	 4.303274e+03
5400000 	 320 	 4.307818e+03
5400000 	 321 	 4.310090e+03
5400000 	 322 	 4.312362e+03
5400000 	 323 	 4.314634e+03
5400000 	 324 	 4.319178e+03
5400000 	 325 	 4.321450e+03
5400000 	 326 	 4.323723e+03
5400000 	 327 	 4.325995e+03
5400000 	 328 	 4.328267e+03
5400000 	 329 	 4.332811e+03
5400000 	 330 	 4.335083e+03
5400000 	 331 	 4.337355e+03
5400000 	 332 	 4.339627e+03
5400000 	 333 	 4.341899e+03
5400000 	 334 	 4.346443e+03
5400000 	 335 	 4.348715e+03
5400000 	 336 	 4.350987e+03
5400000 	 337 	 4.353259e+03
5400000 	 338 	 4.355531e+03
5400000 	 339 	 4.360075e+03
5400000 	 340 	 4.362347e+03
5600000 	 2.976695e+02 	 4.236885e+03
5600000 	 298 	 4.237384e+03
5600000 	 299 	 4.239656e+03
5600000 	 300 	 4.241929e+03
5600000 	 301 	 4.246473e+03
5600000 	 302 	 4.248745e+03
5600000 	 303 	 4.251017e+03
5600000 	 304 	 4.255561e+03
5600000 	 305 	 4.257833e+03
5600000 	 306 	 4.260105e+03
5600000 	 307 	 4.262377e+03
5600000 	 308 	 4.266921e+03
5600000 	 309 	 4.269193e+03
5600000 	 310 	 4.271465e+03
5600000 	 311 	 4.273737e+03
5600000 	 312 	 4.278281e+03
5600000 	 313 	 4.280553e+03
5600000 	 314 	 4.282826e+03
5600000 	 315 	 4.285098e+03
5600000 	 316 	 4.289642e+03
5600000 	 317 	 4.291914e+03
5600000 	 318 	 4.294186e+03
5600000 	 319 	 4.296458e+03
5600000 	 320 	 4.301002e+03
5600000 	 321 	 4.303274e+03
5600000 	 322 	 4.305546e+03
5600000 	 323 	 4.307818e+03
5600000 	 324 	 4.312362e+03
5600000 	 325 	 4.314634e+03
5600000 	 326 	 4.316906e+03
5600000 	 327 	 4.319178e+03
5600000 	 328 	 4.321450e+03
5600000 	 329 	 4.325995e+03
5600000 	 330 	 4.328267e+03
5600000 	 331 	 4.330539e+03
5600000 	 332 	 4.332811e+03
5600000 	 333 	 4.335083e+03
5600000 	 334 	 4.339627e+03
5600000 	 335 	 4.341899e+03
5600000 	 336 	 4.344171e+03
5600000 	 337 	 4.346443e+03
5600000 	 338 	 4.348715e+03
5600000 	 339 	 4.353259e+03
5600000 	 340 	 4.355531e+03
5800000 	 2.992571e+02 	 4.233792e+03
5800000 	 300 	 4.237384e+03
5800000 	 301 	 4.239656e+03
5800000 	 302 	 4.241929e+03
5800000 	 303 	 4.244201e+03
5800000 	 304 	 4.248745e+03
5800000 	 305 	 4.251017e+03
5800000 	 306 	 4.253289e+03
5800000 	 307 	 4.255561e+03
5800000 	 308 	 4.260105e+03
5800000 	 309 	 4.262377e+03
5800000 	 310 	 4.264649e+03
5800000 	 311 	 4.269193e+03
5800000 	 312 	 4.271465e+03
5800000 	 313 	 4.273737e+03
5800000 	 314 	 4.276009e+03
5800000 	 315 	 4.280553e+03
5800000 	 316 	 4.282826e+03
5800000 	 317 	 4.285098e+03
5800000 	 318 	 4.287370e+03
5800000 	 319 	 4.289642e+03
5800000 	 320 	 4.294186e+03
5800000 	 321 	 4.296458e+03
5800000 	 322 	 4.298730e+03
5800000 	 323 	 4.301002e+03
5800000 	 324 	 4.305546e+03
5800000 	 325 	 4.307818e+03
5800000 	 326 	 4.310090e+03
5800000 	 327 	 4.312362e+03
5800000 	 328 	 4.316906e+03
5800000 	 329 	 4.319178e+03
5800000 	 330 	 4.321450e+03
5800000 	 331 	 4.323723e+03
5800000 	 332 	 4.325995e+03
5800000 	 333 	 4.330539e+03
5800000 	 334 	 4.332811e+03
5800000 	 335 	 4.335083e+03
5800000 	 336 	 4.337355e+03
5800000 	 337 	 4.339627e+03
5800000 	 338 	 4.344171e+03
5800000 	 339 	 4.346443e+03
5800000 	 340 	 4.348715e+03
6000000 	 3.008015e+02 	 4.232570e+03
6000000 	 301 	 4.232840e+03
6000000 	 302 	 4.235112e+03
6000000 	 303 	 4.239656e+03
6000000 	 304 	 4.241929e+03
6000000 	 305 	 4.244201e+03
6000000 	 306 	 4.246473e+03
6000000 	 307 	 4.251017e+03
6000000 	 308 	 4.253289e+03
6000000 	 309 	 4.255561e+03
6000000 	 310 	 4.257833e+03
6000000 	 311 	 4.262377e+03
6000000 	 312 	 4.264649e+03
6000000 	 313 	 4.266921e+03
6000000 	 314 	 4.269193e+03
6000000 	 315 	 4.273737e+03
6000000 	 316 	 4.276009e+03
6000000 	 317 	 4.278281e+03
6000000 	 318 	 4.280553e+03
6000000 	 319 	 4.285098e+03
6000000 	 320 	 4.287370e+03
6000000 	 321 	 4.289642e+03
6000000 	 322 	 4.291914e+03
6000000 	 323 	 4.296458e+03
6000000 	 324 	 4.298730e+03
6000000 	 325 	 4.301002e+03
6000000 	 326 	 4.303274e+03
6000000 	 327 	 4.305546e+03
6000000 	 328 	 4.310090e+03
6000000 	 329 	 4.312362e+03
6000000 	 330 	 4.314634e+03
6000000 	 331 	 4.316906e+03
6000000 	 332 	 4.321450e+03
6000000 	 333 	 4.323723e+03
6000000 	 334 	 4.325995e+03
6000000 	 335 	 4.328267e+03
6000000 	 336 	 4.330539e+03
6000000 	 337 	 4.335083e+03
6000000 	 338 	 4.337355e+03
6000000 	 339 	 4.339627e+03
6000000 	 340 	 4.341899e+03
6200000 	 3.023047e+02 	 4.231501e+03
6200000 	 303 	 4.232840e+03
6200000 	 304 	 4.235112e+03
6200000 	 305 	 4.237384e+03
6200000 	 306 	 4.241929e+03
6200000 	 307 	 4.244201e+03
6200000 	 308 	 4.246473e+03
6200000 	 309 	 4.248745e+03
6200000 	 310 	 4.253289e+03
6200000 	 311 	 4.255561e+03
6200000 	 312 	 4.257833e+03
6200000 	 313 	 4.260105e+03
6200000 	 314 	 4.264649e+03
6200000 	 315 	 4.266921e+03
6200000 	 316 	 4.269193e+03
6200000 	 317 	 4.271465e+03
6200000 	 318 	 4.276009e+03
6200000 	 319 	 4.278281e+03
6200000 	 320 	 4.280553e+03
6200000 	 321 	 4.282826e+03
6200000 	 322 	 4.287370e+03
6200000 	 323 	 4.289642e+03
6200000 	 324 	 4.291914e+03
6200000 	 325 	 4.294186e+03
6200000 	 326 	 4.298730e+03
6200000 	 327 	 4.301002e+03
6200000 	 328 	 4.303274e+03
6200000 	 329 	 4.305546e+03
6200000 	 330 	 4.307818e+03
6200000 	 331 	 4.312362e+03
6200000 	 332 	 4.314634e+03
6200000 	 333 	 4.316906e+03
6200000 	 334 	 4.319178e+03
6200000 	 335 	 4.321450e+03
6200000 	 336 	 4.325995e+03
6200000 	 337 	 4.328267e+03
6200000 	 338 	 4.330539e+03
6200000 	 339 	 4.332811e+03
6200000 	 340 	 4.335083e+03
6400000 	 3.037681e+02 	 4.227769e+03
6400000 	 304 	 4.228296e+03
6400000 	 305 	 4.232840e+03
6400000 	 306 	 4.235112e+03
6400000 	 307 	 4.237384e+03
6400000 	 308 	 4.241929e+03
6400000 	 309 	 4.244201e+03
6400000 	 310 	 4.246473e+03
6400000 	 311 	 4.248745e+03
6400000 	 312 	 4.253289e+03
6400000 	 313 	 4.255561e+03
6400000 	 314 	 4.257833e+03
6400000 	 315 	 4.260105e+03
6400000 	 316 	 4.264649e+03
6400000 	 317 	 4.266921e+03
6400000 	 318 	 4.269193e+03
6400000 	 319 	 4.271465e+03
6400000 	 320 	 4.276009e+03
6400000 	 321 	 4.278281e+03
6400000 	 322 	 4.280553e+03
6400000 	 323 	 4.282826e+03
6400000 	 324 	 4.285098e+03
6400000 	 325 	 4.289642e+03
6400000 	 326 	 4.291914e+03
6400000 	 327 	 4.294186e+03
6400000 	 328 	 4.296458e+03
6400000 	 329 	 4.301002e+03
6400000 	 330 	 4.303274e+03
6400000 	 331 	 4.305546e+03
6400000 	 332 	 4.307818e+03
6400000 	 333 	 4.310090e+03
6400000 	 334 	 4.314634e+03
6400000 	 335 	 4.316906e+03
6400000 	 336 	 4.319178e+03
6400000 	 337 	 4.321450e+03
6400000 	 338 	 4.323723e+03
6400000 	 339 	 4.328267e+03
6400000 	 340 	 4.330539e+03
6600000 	 3.051933e+02 	 4.226463e+03
6600000 	 306 	 4.228296e+03
6600000 	 307 	 4.232840e+03
6600000 	 308 	 4.235112e+03
6600000 	 309 	 4.237384e+03
6600000 	 310 	 4.241929e+03
6600000 	 311 	 4.244201e+03
6600000 	 312 	 4.246473e+03
6600000 	 313 	 4.248745e+03
6600000 	 314 	 4.253289e+03
6600000 	 315 	 4.255561e+03
6600000 	 316 	 4.257833e+03
6600000 	 317 	 4.260105e+03
6600000 	 318 	 4.262377e+03
6600000 	 319 	 4.266921e+03
6600000 	 320 	 4.269193e+03
6600000 	 321 	 4.271465e+03
6600000 	 322 	 4.273737e+03
6600000 	 323 	 4.278281e+03
6600000 	 324 	 4.280553e+03
6600000 	 325 	 4.282826e+03
6600000 	 326 	 4.285098e+03
6600000 	 327 	 4.289642e+03
6600000 	 328 	 4.291914e+03
6600000 	 329 	 4.294186e+03
6600000 	 330 	 4.296458e+03
6600000 	 331 	 4.298730e+03
6600000 	 332 	 4.303274e+03
6600000 	 333 	 4.305546e+03
6600000 	 334 	 4.307818e+03
6600000 	 335 	 4.310090e+03
6600000 	 336 	 4.312362e+03
6600000 	 337 	 4.316906e+03
6600000 	 338 	 4.319178e+03
6600000 	 339 	 4.321450e+03
6600000 	 340 	 4.323723e+03
6800000 	 3.065810e+02 	 4.225072e+03
6800000 	 307 	 4.226024e+03
6800000 	 308 	 4.228296e+03
6800000 	 309 	 4.232840e+03
6800000 	 310 	 4.235112e+03
6800000 	 311 	 4.237384e+03
6800000 	 312 	 4.241929e+03
6800000 	 313 	 4.244201e+03
6800000 	 314 	 4.246473e+03
6800000 	 315 	 4.248745e+03
6800000 	 316 	 4.253289e+03
6800000 	 317 	 4.255561e+03
6800000 	 318 	 4.257833e+03
6800000 	 319 	 4.260105e+03
6800000 	 320 	 4.262377e+03
6800000 	 321 	 4.266921e+03
6800000 	 322 	 4.269193e+03
6800000 	 323 	 4.271465e+03
6800000 	 324 	 4.273737e+03
6800000 	 325 	 4.278281e+03
6800000 	 326 	 4.280553e+03
6800000 	 327 	 4.282826e+03
6800000 	 328 	 4.285098e+03
6800000 	 329 	 4.287370e+03
6800000 	 330 	 4.291914e+03
6800000 	 331 	 4.294186e+03
6800000 	 332 	 4.296458e+03
6800000 	 333 	 4.298730e+03
6800000 	 334 	 4.303274e+03
6800000 	 335 	 4.305546e+03
6800000 	 336 	 4.307818e+03
6800000 	 337 	 4.310090e+03
6800000 	 338 	 4.312362e+03
6800000 	 339 	 4.314634e+03
6800000 	 340 	 4.319178e+03
7000000 	 3.079314e+02 	 4.223596e+03
7000000 	 308 	 4.223752e+03
7000000 	 309 	 4.226024e+03
7000000 	 310 	 4.230568e+03
7000000 	 311 	 4.232840e+03
7000000 	 312 	 4.235112e+03
7000000 	 313 	 4.237384e+03
7000000 	 314 	 4.241929e+03
7000000 	 315 	 4.244201e+03
7000000 	 316 	 4.246473e+03
7000000 	 317 	 4.248745e+03
7000000 	 318 	 4.253289e+03
7000000 	 319 	 4.255561e+03
7000000 	 320 	 4.257833e+03
7000000 	 321 	 4.260105e+03
7000000 	 322 	 4.264649e+03
7000000 	 323 	 4.266921e+03
7000000 	 324 	 4.269193e+03
7000000 	 325 	 4.271465e+03
7000000 	 326 	 4.273737e+03
7000000 	 327 	 4.278281e+03
7000000 	 328 	 4.280553e+03
7000000 	 329 	 4.282826e+03
7000000 	 330 	 4.285098e+03
7000000 	 331 	 4.287370e+03
7000000 	 332 	 4.291914e+03
7000000 	 333 	 4.294186e+03
7000000 	 334 	 4.296458e+03
7000000 	 335 	 4.298730e+03
7000000 	 336 	 4.303274e+03
7000000 	 337 	 4.305546e+03
7000000 	 338 	 4.307818e+03
7000000 	 339 	 4.310090e+03
7000000 	 340 	 4.312362e+03
7200000 	 3.092430e+02 	 4.222032e+03
7200000 	 310 	 4.223752e+03
7200000 	 311 	 4.228296e+03
7200000 	 312 	 4.230568e+03
7200000 	 313 	 4.232840e+03
7200000 	 314 	 4.235112e+03
7200000 	 315 	 4.239656e+03
7200000 	 316 	 4.241929e+03
7200000 	 317 	 4.244201e+03
7200000 	 318 	 4.246473e+03
7200000 	 319 	 4.248745e+03
7200000 	 320 	 4.253289e+03
7200000 	 321 	 4.255561e+03
7200000 	 322 	 4.257833e+03
7200000 	 323 	 4.260105e+03
7200000 	 324 	 4.264649e+03
7200000 	 325 	 4.266921e+03
7200000 	 326 	 4.269193e+03
7200000 	 327 	 4.271465e+03
7200000 	 328 	 4.276009e+03
7200000 	 329 	 4.278281e+03
7200000 	 330 	 4.280553e+03
7200000 	 331 	 4.282826e+03
7200000 	 332 	 4.285098e+03
7200000 	 333 	 4.289642e+03
7200000 	 334 	 4.291914e+03
7200000 	 335 	 4.294186e+03
7200000 	 336 	 4.296458e+03
7200000 	 337 	 4.298730e+03
7200000 	 338 	 4.303274e+03
7200000 	 339 	 4.305546e+03
7200000 	 340 	 4.307818e+03
7400000 	 3.095700e+02 	 4.218509e+03
7400000 	 310 	 4.219208e+03
7400000 	 311 	 4.221480e+03
7400000 	 312 	 4.226024e+03
7400000 	 313 	 4.228296e+03
7400000 	 314 	 4.230568e+03
7400000 	 315 	 4.232840e+03
7400000 	 316 	 4.235112e+03
7400000 	 317 	 4.239656e+03
7400000 	 318 	 4.241929e+03
7400000 	 319 	 4.244201e+03
7400000 	 320 	 4.246473e+03
7400000 	 321 	 4.251017e+03
7400000 	 322 	 4.253289e+03
7400000 	 323 	 4.255561e+03
7400000 	 324 	 4.257833e+03
7400000 	 325 	 4.262377e+03
7400000 	 326 	 4.264649e+03
7400000 	 327 	 4.266921e+03
7400000 	 328 	 4.269193e+03
7400000 	 329 	 4.271465e+03
7400000 	 330 	 4.276009e+03
7400000 	 331 	 4.278281e+03
7400000 	 332 	 4.280553e+03
7400000 	 333 	 4.282826e+03
7400000 	 334 	 4.285098e+03
7400000 	 335 	 4.289642e+03
7400000 	 336 	 4.291914e+03
7400000 	 337 	 4.294186e+03
7400000 	 338 	 4.296458e+03
7400000 	 339 	 4.298730e+03
7400000 	 340 	 4.303274e+03
7600000 	 3.095700e+02 	 4.213965e+03
7600000 	 310 	 4.214664e+03
7600000 	 311 	 4.216936e+03
7600000 	 312 	 4.219208e+03
7600000 	 313 	 4.223752e+03
7600000 	 314 	 4.226024e+03
7600000 	 315 	 4.228296e+03
7600000 	 316 	 4.230568e+03
7600000 	 317 	 4.235112e+03
7600000 	 318 	 4.237384e+03
7600000 	 319 	 4.239656e+03
7600000 	 320 	 4.241929e+03
7600000 	 321 	 4.244201e+03
7600000 	 322 	 4.248745e+03
7600000 	 323 	 4.251017e+03
7600000 	 324 	 4.253289e+03
7600000 	 325 	 4.255561e+03
7600000 	 326 	 4.260105e+03
7600000 	 327 	 4.262377e+03
7600000 	 328 	 4.264649e+03
7600000 	 329 	 4.266921e+03
7600000 	 330 	 4.269193e+03
7600000 	 331 	 4.273737e+03
7600000 	 332 	 4.276009e+03
7600000 	 333 	 4.278281e+03
7600000 	 334 	 4.280553e+03
7600000 	 335 	 4.282826e+03
7600000 	 336 	 4.287370e+03
7600000 	 337 	 4.289642e+03
7600000 	 338 	 4.291914e+03
7600000 	 339 	 4.294186e+03
7600000 	 340 	 4.296458e+03
7800000 	 3.095700e+02 	 4.207887e+03
7800000 	 310 	 4.210120e+03
7800000 	 311 	 4.212392e+03
7800000 	 312 	 4.214664e+03
7800000 	 313 	 4.216936e+03
7800000 	 314 	 4.221480e+03
7800000 	 315 	 4.223752e+03
7800000 	 316 	 4.226024e+03
7800000 	 317 	 4.228296e+03
7800000 	 318 	 4.232840e+03
7800000 	 319 	 4.235112e+03
7800000 	 320 	 4.237384e+03
7800000 	 321 	 4.239656e+03
7800000 	 322 	 4.244201e+03
7800000 	 323 	 4.246473e+03
7800000 	 324 	 4.248745e+03
7800000 	 325 	 4.251017e+03
7800000 	 326 	 4.253289e+03
7800000 	 327 	 4.257833e+03
7800000 	 328 	 4.260105e+03
7800000 	 329 	 4.262377e+03
7800000 	 330 	 4.264649e+03
7800000 	 331 	 4.269193e+03
7800000 	 332 	 4.271465e+03
7800000 	 333 	 4.273737e+03
7800000 	 334 	 4.276009e+03
7800000 	 335 	 4.278281e+03
7800000 	 336 	 4.282826e+03
7800000 	 337 	 4.285098e+03
7800000 	 338 	 4.287370e+03
7800000 	 339 	 4.289642e+03
7800000 	 340 	 4.291914e+03
8000000 	 3.095700e+02 	 4.203343e+03
8000000 	 310 	 4.205576e+03
8000000 	 311 	 4.207848e+03
8000000 	 312 	 4.210120e+03
8000000 	 313 	 4.212392e+03
8000000 	 314 	 4.216936e+03
8000000 	 315 	 4.219208e+03
8000000 	 316 	 4.221480e+03
8000000 	 317 	 4.223752e+03
8000000 	 318 	 4.226024e+03
8000000 	 319 	 4.230568e+03
8000000 	 320 	 4.232840e+03
8000000 	 321 	 4.235112e+03
8000000 	 322 	 4.237384e+03
8000000 	 323 	 4.241929e+03
8000000 	 324 	 4.244201e+03
8000000 	 325 	 4.246473e+03
8000000 	 326 	 4.248745e+03
8000000 	 327 	 4.253289e+03
8000000 	 328 	 4.255561e+03
8000000 	 329 	 4.257833e+03
8000000 	 330 	 4.260105e+03
8000000 	 331 	 4.262377e+03
8000000 	 332 	 4.266921e+03
8000000 	 333 	 4.269193e+03
8000000 	 334 	 4.271465e+03
8000000 	 335 	 4.273737e+03
8000000 	 336 	 4.276009e+03
8000000 	 337 	 4.280553e+03
8000000 	 338 	 4.282826e+03
8000000 	 339 	 4.285098e+03
8000000 	 340 	 4.287370e+03
8200000 	 3.095700e+02 	 4.197782e+03
8200000 	 310 	 4.198759e+03
8200000 	 311 	 4.203304e+03
8200000 	 312 	 4.205576e+03
8200000 	 313 	 4.207848e+03
8200000 	 314 	 4.210120e+03
8200000 	 315 	 4.214664e+03
8200000 	 316 	 4.216936e+03
8200000 	 317 	 4.219208e+03
8200000 	 318 	 4.221480e+03
8200000 	 319 	 4.226024e+03
8200000 	 320 	 4.228296e+03
8200000 	 321 	 4.230568e+03
8200000 	 322 	 4.232840e+03
8200000 	 323 	 4.237384e+03
8200000 	 324 	 4.239656e+03
8200000 	 325 	 4.241929e+03
8200000 	 326 	 4.244201e+03
8200000 	 327 	 4.246473e+03
8200000 	 328 	 4.251017e+03
8200000 	 329 	 4.253289e+03
8200000 	 330 	 4.255561e+03
8200000 	 331 	 4.257833e+03
8200000 	 332 	 4.262377e+03
8200000 	 333 	 4.264649e+03
8200000 	 334 	 4.266921e+03
8200000 	 335 	 4.269193e+03
8200000 	 336 	 4.271465e+03
8200000 	 337 	 4.276009e+03
8200000 	 338 	 4.278281e+03
8200000 	 339 	 4.280553e+03
8200000 	 340 	 4.282826e+03
8400000 	 3.095700e+02 	 4.193238e+03
8400000 	 310 	 4.194215e+03
8400000 	 311 	 4.198759e+03
8400000 	 312 	 4.201032e+03
8400000 	 313 	 4.203304e+03
8400000 	 314 	 4.205576e+03
8400000 	 315 	 4.210120e+03
8400000 	 316 	 4.212392e+03
8400000 	 317 	 4.214664e+03
8400000 	 318 	 4.216936e+03
8400000 	 319 	 4.221480e+03
8400000 	 320 	 4.223752e+03
8400000 	 321 	 4.226024e+03
8400000 	 322 	 4.228296e+03
8400000 	 323 	 4.232840e+03
8400000 	 324 	 4.235112e+03
8400000 	 325 	 4.237384e+03
8400000 	 326 	 4.239656e+03
8400000 	 327 	 4.241929e+03
8400000 	 328 	 4.246473e+03
8400000 	 329 	 4.248745e+03
8400000 	 330 	 4.251017e+03
8400000 	 331 	 4.253289e+03
8400000 	 332 	 4.257833e+03
8400000 	 333 	 4.260105e+03
8400000 	 334 	 4.262377e+03
8400000 	 335 	 4.264649e+03
8400000 	 336 	 4.266921e+03
8400000 	 337 	 4.271465e+03
8400000 	 338 	 4.273737e+03
8400000 	 339 	 4.276009e+03
8400000 	 340 	 4.278281e+03
8600000 	 3.095700e+02 	 4.188694e+03
8600000 	 310 	 4.189671e+03
8600000 	 311 	 4.194215e+03
8600000 	 312 	 4.196487e+03
8600000 	 313 	 4.198759e+03
8600000 	 314 	 4.203304e+03
8600000 	 315 	 4.205576e+03
8600000 	 316 	 4.207848e+03
8600000 	 317 	 4.210120e+03
8600000 	 318 	 4.212392e+03
8600000 	 319 	 4.216936e+03
8600000 	 320 	 4.219208e+03
8600000 	 321 	 4.221480e+03
8600000 	 322 	 4.223752e+03
8600000 	 323 	 4.228296e+03
8600000 	 324 	 4.230568e+03
8600000 	 325 	 4.232840e+03
8600000 	 326 	 4.235112e+03
8600000 	 327 	 4.239656e+03
8600000 	 328 	 4.241929e+03
8600000 	 329 	 4.244201e+03
8600000 	 330 	 4.246473e+03
8600000 	 331 	 4.248745e+03
8600000 	 332 	 4.253289e+03
8600000 	 333 	 4.255561e+03
8600000 	 334 	 4.257833e+03
8600000 	 335 	 4.260105e+03
8600000 	 336 	 4.262377e+03
8600000 	 337 	 4.266921e+03
8600000 	 338 	 4.269193e+03
8600000 	 339 	 4.271465e+03
8600000 	 340 	 4.273737e+03
8800000 	 3.095700e+02 	 4.185167e+03
8800000 	 310 	 4.187399e+03
8800000 	 311 	 4.189671e+03
8800000 	 312 	 4.191943e+03
8800000 	 313 	 4.194215e+03
8800000 	 314 	 4.198759e+03
8800000 	 315 	 4.201032e+03
8800000 	 316 	 4.203304e+03
8800000 	 317 	 4.205576e+03
8800000 	 318 	 4.210120e+03
8800000 	 319 	 4.212392e+03
8800000 	 320 	 4.214664e+03
8800000 	 321 	 4.216936e+03
8800000 	 322 	 4.221480e+03
8800000 	 323 	 4.223752e+03
8800000 	 324 	 4.226024e+03
8800000 	 325 	 4.228296e+03
8800000 	 326 	 4.230568e+03
8800000 	 327 	 4.235112e+03
8800000 	 328 	 4.237384e+03
8800000 	 329 	 4.239656e+03
8800000 	 330 	 4.241929e+03
8800000 	 331 	 4.244201e+03
8800000 	 332 	 4.248745e+03
8800000 	 333 	 4.251017e+03
8800000 	 334 	 4.253289e+03
8800000 	 335 	 4.255561e+03
8800000 	 336 	 4.257833e+03
8800000 	 337 	 4.262377e+03
8800000 	 338 	 4.264649e+03
8800000 	 339 	 4.266921e+03
8800000 	 340 	 4.269193e+03
9000000 	 3.095700e+02 	 4.180623e+03
9000000 	 310 	 4.182855e+03
9000000 	 311 	 4.185127e+03
9000000 	 312 	 4.187399e+03
9000000 	 313 	 4.189671e+03
9000000 	 314 	 4.194215e+03
9000000 	 315 	 4.196487e+03
9000000 	 316 	 4.198759e+03
9000000 	 317 	 4.201032e+03
9000000 	 318 	 4.205576e+03
9000000 	 319 	 4.207848e+03
9000000 	 320 	 4.210120e+03
9000000 	 321 	 4.212392e+03
9000000 	 322 	 4.216936e+03
9000000 	 323 	 4.219208e+03
9000000 	 324 	 4.221480e+03
9000000 	 325 	 4.223752e+03
9000000 	 326 	 4.228296e+03
9000000 	 327 	 4.230568e+03
9000000 	 328 	 4.232840e+03
9000000 	 329 	 4.235112e+03
9000000 	 330 	 4.237384e+03
9000000 	 331 	 4.241929e+03
9000000 	 332 	 4.244201e+03
9000000 	 333 	 4.246473e+03
9000000 	 334 	 4.248745e+03
9000000 	 335 	 4.251017e+03
9000000 	 336 	 4.255561e+03
9000000 	 337 	 4.257833e+03
9000000 	 338 	 4.260105e+03
9000000 	 339 	 4.262377e+03
9000000 	 340 	 4.264649e+03
9200000 	 3.095700e+02 	 4.177612e+03
9200000 	 310 	 4.178311e+03
9200000 	 311 	 4.180583e+03
9200000 	 312 	 4.182855e+03
9200000 	 313 	 4.187399e+03
9200000 	 314 	 4.189671e+03
9200000 	 315 	 4.191943e+03
9200000 	 316 	 4.194215e+03
9200000 	 317 	 4.198759e+03
9200000 	 318 	 4.201032e+03
9200000 	 319 	 4.203304e+03
9200000 	 320 	 4.205576e+03
9200000 	 321 	 4.210120e+03
9200000 	 322 	 4.212392e+03
9200000 	 323 	 4.214664e+03
9200000 	 324 	 4.216936e+03
9200000 	 325 	 4.219208e+03
9200000 	 326 	 4.223752e+03
9200000 	 327 	 4.226024e+03
9200000 	 328 	 4.228296e+03
9200000 	 329 	 4.230568e+03
9200000 	 330 	 4.235112e+03
9200000 	 331 	 4.237384e+03
9200000 	 332 	 4.239656e+03
9200000 	 333 	 4.241929e+03
9200000 	 334 	 4.244201e+03
9200000 	 335 	 4.248745e+03
9200000 	 336 	 4.251017e+03
9200000 	 337 	 4.253289e+03
9200000 	 338 	 4.255561e+03
9200000 	 339 	 4.257833e+03
9200000 	 340 	 4.262377e+03
9400000 	 3.095700e+02 	 4.172790e+03
9400000 	 310 	 4.173767e+03
9400000 	 311 	 4.176039e+03
9400000 	 312 	 4.180583e+03
9400000 	 313 	 4.182855e+03
9400000 	 314 	 4.185127e+03
9400000 	 315 	 4.187399e+03
9400000 	 316 	 4.191943e+03
9400000 	 317 	 4.194215e+03
9400000 	 318 	 4.196487e+03
9400000 	 319 	 4.198759e+03
9400000 	 320 	 4.203304e+03
9400000 	 321 	 4.205576e+03
9400000 	 322 	 4.207848e+03
9400000 	 323 	 4.210120e+03
9400000 	 324 	 4.212392e+03
9400000 	 325 	 4.216936e+03
9400000 	 326 	 4.219208e+03
9400000 	 327 	 4.221480e+03
9400000 	 328 	 4.223752e+03
9400000 	 329 	 4.228296e+03
9400000 	 330 	 4.230568e+03
9400000 	 331 	 4.232840e+03
9400000 	 332 	 4.235112e+03
9400000 	 333 	 4.237384e+03
9400000 	 334 	 4.241929e+03
9400000 	 335 	 4.244201e+03
9400000 	 336 	 4.246473e+03
9400000 	 337 	 4.248745e+03
9400000 	 338 	 4.251017e+03
9400000 	 339 	 4.255561e+03
9400000 	 340 	 4.257833e+03
9600000 	 3.095700e+02 	 4.168246e+03
9600000 	 310 	 4.169223e+03
9600000 	 311 	 4.173767e+03
9600000 	 312 	 4.176039e+03
9600000 	 313 	 4.178311e+03
9600000 	 314 	 4.180583e+03
9600000 	 315 	 4.185127e+03
9600000 	 316 	 4.187399e+03
9600000 	 317 	 4.189671e+03
9600000 	 318 	 4.191943e+03
9600000 	 319 	 4.196487e+03
9600000 	 320 	 4.198759e+03
9600000 	 321 	 4.201032e+03
9600000 	 322 	 4.203304e+03
9600000 	 323 	 4.207848e+03
9600000 	 324 	 4.210120e+03
9600000 	 325 	 4.212392e+03
9600000 	 326 	 4.214664e+03
9600000 	 327 	 4.216936e+03
9600000 	 328 	 4.221480e+03
9600000 	 329 	 4.223752e+03
9600000 	 330 	 4.226024e+03
9600000 	 331 	 4.228296e+03
9600000 	 332 	 4.230568e+03
9600000 	 333 	 4.235112e+03
9600000 	 334 	 4.237384e+03
9600000 	 335 	 4.239656e+03
9600000 	 336 	 4.241929e+03
9600000 	 337 	 4.244201e+03
9600000 	 338 	 4.248745e+03
9600000 	 339 	 4.251017e+03
9600000 	 340 	 4.253289e+03
9800000 	 3.095700e+02 	 4.164718e+03
9800000 	 310 	 4.166951e+03
9800000 	 311 	 4.169223e+03
9800000 	 312 	 4.171495e+03
9800000 	 313 	 4.173767e+03
9800000 	 314 	 4.178311e+03
9800000 	 315 	 4.180583e+03
9800000 	 316 	 4.182855e+03
9800000 	 317 	 4.185127e+03
9800000 	 318 	 4.189671e+03
9800000 	 319 	 4.191943e+03
9800000 	 320 	 4.194215e+03
9800000 	 321 	 4.196487e+03
9800000 	 322 	 4.201032e+03
9800000 	 323 	 4.203304e+03
9800000 	 324 	 4.205576e+03
9800000 	 325 	 4.207848e+03
9800000 	 326 	 4.210120e+03
9800000 	 327 	 4.214664e+03
9800000 	 328 	 4.216936e+03
9800000 	 329 	 4.219208e+03
9800000 	 330 	 4.221480e+03
9800000 	 331 	 4.226024e+03
9800000 	 332 	 4.228296e+03
9800000 	 333 	 4.230568e+03
9800000 	 334 	 4.232840e+03
9800000 	 335 	 4.235112e+03
9800000 	 336 	 4.239656e+03
9800000 	 337 	 4.241929e+03
9800000 	 338 	 4.244201e+03
9800000 	 339 	 4.246473e+03
9800000 	 340 	 4.248745e+03
10000000 	 3.095700e+02 	 4.161708e+03
10000000 	 310 	 4.162407e+03
10000000 	 311 	 4.164679e+03
10000000 	 312 	 4.166951e+03
10000000 	 313 	 4.171495e+03
10000000 	 314 	 4.173767e+03
10000000 	 315 	 4.176039e+03
10000000 	 316 	 4.178311e+03
10000000 	 317 	 4.182855e+03
10000000 	 318 	 4.185127e+03
10000000 	 319 	 4.187399e+03
10000000 	 320 	 4.189671e+03
10000000 	 321 	 4.194215e+03
10000000 	 322 	 4.196487e+03
10000000 	 323 	 4.198759e+03
10000000 	 324 	 4.201032e+03
10000000 	 325 	 4.205576e+03
10000000 	 326 	 4.207848e+03
10000000 	 327 	 4.210120e+03
10000000 	 328 	 4.212392e+03
10000000 	 329 	 4.214664e+03
10000000 	 330 	 4.219208e+03
10000000 	 331 	 4.221480e+03
10000000 	 332 	 4.223752e+03
10000000 	 333 	 4.226024e+03
10000000 	 334 	 4.228296e+03
10000000 	 335 	 4.232840e+03
10000000 	 336 	 4.235112e+03
10000000 	 337 	 4.237384e+03
10000000 	 338 	 4.239656e+03
10000000 	 339 	 4.241929e+03
10000000 	 340 	 4.246473e+03
