Table: Adiabatic compressibility [G]
Temperature {K} 	Pressure {kPa} 	Adiabatic compressibility {1/kPa} 	Uncertainty {1/kPa} 
197	200	0.003793	1.3e-5
198	200	0.003794	1.2e-5
199	200	0.003795	1.2e-5
200	200	0.003796	1.1e-5
201	200	0.003797	1.1e-5
202	200	0.003798	1.0e-5
203	200	0.0037992	9.7e-6
204	200	0.0038003	9.2e-6
205	200	0.0038015	8.8e-6
206	200	0.0038028	8.4e-6
207	200	0.0038040	8.0e-6
208	200	0.0038053	7.7e-6
209	200	0.0038067	7.3e-6
210	200	0.0038080	7.0e-6
211	200	0.0038094	6.7e-6
212	200	0.0038108	6.4e-6
212	400	0.0019240	7.7e-6
213	200	0.0038122	6.1e-6
213	400	0.0019241	7.3e-6
214	200	0.0038137	5.8e-6
214	400	0.0019242	7.0e-6
215	200	0.0038151	5.6e-6
215	400	0.0019243	6.6e-6
216	200	0.0038166	5.4e-6
216	400	0.0019245	6.3e-6
217	200	0.0038180	5.1e-6
217	400	0.0019247	6.1e-6
218	200	0.0038195	4.9e-6
218	400	0.0019250	5.8e-6
219	200	0.0038210	4.7e-6
219	400	0.0019253	5.5e-6
220	200	0.0038225	4.5e-6
220	400	0.0019256	5.3e-6
221	200	0.0038240	4.3e-6
221	400	0.0019260	5.1e-6
222	200	0.0038255	4.2e-6
222	400	0.0019264	4.8e-6
222	600	0.0012958	5.6e-6
223	200	0.0038271	4.0e-6
223	400	0.0019268	4.6e-6
223	600	0.0012956	5.4e-6
224	200	0.0038286	3.8e-6
224	400	0.0019272	4.4e-6
224	600	0.0012955	5.1e-6
225	200	0.0038301	3.7e-6
225	400	0.0019276	4.2e-6
225	600	0.0012955	4.9e-6
226	200	0.0038316	3.5e-6
226	400	0.0019281	4.1e-6
226	600	0.0012954	4.7e-6
227	200	0.0038332	3.4e-6
227	400	0.0019285	3.9e-6
227	600	0.0012954	4.5e-6
228	200	0.0038347	3.3e-6
228	400	0.0019290	3.7e-6
228	600	0.0012954	4.3e-6
229	200	0.0038362	3.1e-6
229	400	0.0019295	3.6e-6
229	600	0.0012955	4.1e-6
229	800	0.0009800	4.7e-6
230	200	0.0038377	3.0e-6
230	400	0.0019300	3.4e-6
230	600	0.0012956	3.9e-6
230	800	0.0009797	4.5e-6
231	200	0.0038393	2.9e-6
231	400	0.0019305	3.3e-6
231	600	0.0012956	3.7e-6
231	800	0.0009795	4.3e-6
232	200	0.0038408	2.8e-6
232	400	0.0019310	3.2e-6
232	600	0.0012957	3.6e-6
232	800	0.0009793	4.1e-6
233	200	0.0038423	2.7e-6
233	400	0.0019316	3.0e-6
233	600	0.0012959	3.4e-6
233	800	0.0009792	3.9e-6
234	200	0.0038438	2.6e-6
234	400	0.0019321	2.9e-6
234	600	0.0012960	3.3e-6
234	800	0.0009790	3.7e-6
235	200	0.0038454	2.5e-6
235	400	0.0019327	2.8e-6
235	600	0.0012962	3.2e-6
235	800	0.0009789	3.6e-6
235	1000	0.0007896	4.1e-6
236	200	0.0038469	2.4e-6
236	400	0.0019332	2.7e-6
236	600	0.0012964	3.0e-6
236	800	0.0009789	3.4e-6
236	1000	0.0007893	3.9e-6
237	200	0.0038484	2.3e-6
237	400	0.0019338	2.6e-6
237	600	0.0012965	2.9e-6
237	800	0.0009788	3.3e-6
237	1000	0.0007891	3.7e-6
238	200	0.0038499	2.3e-6
238	400	0.0019344	2.5e-6
238	600	0.0012967	2.8e-6
238	800	0.0009787	3.1e-6
238	1000	0.0007888	3.5e-6
239	200	0.0038514	2.2e-6
239	400	0.0019349	2.4e-6
239	600	0.0012969	2.7e-6
239	800	0.0009787	3.0e-6
239	1000	0.0007886	3.4e-6
240	200	0.0038529	2.1e-6
240	400	0.0019355	2.3e-6
240	600	0.0012972	2.6e-6
240	800	0.0009787	2.9e-6
240	1000	0.0007884	3.2e-6
241	200	0.0038544	2.1e-6
241	400	0.0019361	2.3e-6
241	600	0.0012974	2.5e-6
241	800	0.0009787	2.8e-6
241	1000	0.0007882	3.1e-6
241	1200	0.0006619	3.5e-6
242	200	0.0038559	2.0e-6
242	400	0.0019367	2.2e-6
242	600	0.0012976	2.4e-6
242	800	0.0009787	2.6e-6
242	1000	0.0007881	2.9e-6
242	1200	0.0006616	3.3e-6
243	200	0.0038574	1.9e-6
243	400	0.0019373	2.1e-6
243	600	0.0012979	2.3e-6
243	800	0.0009788	2.5e-6
243	1000	0.0007879	2.8e-6
243	1200	0.0006613	3.1e-6
244	200	0.0038589	1.9e-6
244	400	0.0019379	2.0e-6
244	600	0.0012981	2.2e-6
244	800	0.0009788	2.4e-6
244	1000	0.0007878	2.7e-6
244	1200	0.0006611	3.0e-6
245	200	0.0038603	1.8e-6
245	400	0.0019385	2.0e-6
245	600	0.0012984	2.1e-6
245	800	0.0009789	2.3e-6
245	1000	0.0007877	2.6e-6
245	1200	0.0006608	2.9e-6
246	200	0.0038618	1.8e-6
246	400	0.0019391	1.9e-6
246	600	0.0012987	2.1e-6
246	800	0.0009790	2.3e-6
246	1000	0.0007876	2.5e-6
246	1200	0.0006606	2.7e-6
246	1400	0.0005704	3.1e-6
247	200	0.0038633	1.7e-6
247	400	0.0019397	1.8e-6
247	600	0.0012990	2.0e-6
247	800	0.0009791	2.2e-6
247	1000	0.0007876	2.4e-6
247	1200	0.0006604	2.6e-6
247	1400	0.0005701	2.9e-6
248	200	0.0038647	1.7e-6
248	400	0.0019403	1.8e-6
248	600	0.0012992	1.9e-6
248	800	0.0009791	2.1e-6
248	1000	0.0007875	2.3e-6
248	1200	0.0006602	2.5e-6
248	1400	0.0005698	2.8e-6
249	200	0.0038662	1.6e-6
249	400	0.0019409	1.7e-6
249	600	0.0012995	1.9e-6
249	800	0.0009792	2.0e-6
249	1000	0.0007875	2.2e-6
249	1200	0.0006601	2.4e-6
249	1400	0.0005695	2.7e-6
250	200	0.0038676	1.6e-6
250	400	0.0019415	1.7e-6
250	600	0.0012998	1.8e-6
250	800	0.0009794	1.9e-6
250	1000	0.0007875	2.1e-6
250	1200	0.0006599	2.3e-6
250	1400	0.0005692	2.5e-6
250	1600	0.0005017	2.8e-6
251	200	0.0038691	1.6e-6
251	400	0.0019421	1.6e-6
251	600	0.0013001	1.7e-6
251	800	0.0009795	1.9e-6
251	1000	0.0007874	2.0e-6
251	1200	0.0006598	2.2e-6
251	1400	0.0005690	2.4e-6
251	1600	0.0005013	2.7e-6
252	200	0.0038705	1.5e-6
252	400	0.0019427	1.6e-6
252	600	0.0013004	1.7e-6
252	800	0.0009796	1.8e-6
252	1000	0.0007874	2.0e-6
252	1200	0.0006597	2.1e-6
252	1400	0.0005688	2.3e-6
252	1600	0.0005010	2.6e-6
253	200	0.0038720	1.5e-6
253	400	0.0019433	1.6e-6
253	600	0.0013007	1.6e-6
253	800	0.0009797	1.8e-6
253	1000	0.0007874	1.9e-6
253	1200	0.0006596	2.1e-6
253	1400	0.0005686	2.2e-6
253	1600	0.0005007	2.5e-6
254	200	0.0038734	1.4e-6
254	400	0.0019439	1.5e-6
254	600	0.0013010	1.6e-6
254	800	0.0009799	1.7e-6
254	1000	0.0007875	1.8e-6
254	1200	0.0006595	2.0e-6
254	1400	0.0005684	2.1e-6
254	1600	0.0005004	2.4e-6
254	1800	0.0004479	2.6e-6
255	200	0.0038748	1.4e-6
255	400	0.0019445	1.5e-6
255	600	0.0013013	1.5e-6
255	800	0.0009800	1.6e-6
255	1000	0.0007875	1.8e-6
255	1200	0.0006594	1.9e-6
255	1400	0.0005682	2.1e-6
255	1600	0.0005001	2.3e-6
255	1800	0.0004475	2.5e-6
256	200	0.0038762	1.4e-6
256	400	0.0019451	1.4e-6
256	600	0.0013016	1.5e-6
256	800	0.0009802	1.6e-6
256	1000	0.0007875	1.7e-6
256	1200	0.0006593	1.8e-6
256	1400	0.0005681	2.0e-6
256	1600	0.0004999	2.2e-6
256	1800	0.0004472	2.4e-6
257	200	0.0038776	1.4e-6
257	400	0.0019457	1.4e-6
257	600	0.0013019	1.5e-6
257	800	0.0009803	1.5e-6
257	1000	0.0007876	1.6e-6
257	1200	0.0006593	1.8e-6
257	1400	0.0005679	1.9e-6
257	1600	0.0004996	2.1e-6
257	1800	0.0004468	2.3e-6
257	2000	0.0004049	2.5e-6
258	200	0.0038790	1.3e-6
258	400	0.0019463	1.4e-6
258	600	0.0013023	1.4e-6
258	800	0.0009805	1.5e-6
258	1000	0.0007876	1.6e-6
258	1200	0.0006593	1.7e-6
258	1400	0.0005678	1.8e-6
258	1600	0.0004994	2.0e-6
258	1800	0.0004465	2.2e-6
258	2000	0.0004045	2.4e-6
259	200	0.0038804	1.3e-6
259	400	0.0019469	1.3e-6
259	600	0.0013026	1.4e-6
259	800	0.0009806	1.5e-6
259	1000	0.0007877	1.5e-6
259	1200	0.0006592	1.6e-6
259	1400	0.0005677	1.8e-6
259	1600	0.0004992	1.9e-6
259	1800	0.0004463	2.1e-6
259	2000	0.0004042	2.3e-6
260	200	0.0038818	1.3e-6
260	400	0.0019475	1.3e-6
260	600	0.0013029	1.4e-6
260	800	0.0009808	1.4e-6
260	1000	0.0007877	1.5e-6
260	1200	0.0006592	1.6e-6
260	1400	0.0005676	1.7e-6
260	1600	0.0004991	1.8e-6
260	1800	0.0004460	2.0e-6
260	2000	0.0004038	2.2e-6
261	200	0.0038832	1.3e-6
261	400	0.0019481	1.3e-6
261	600	0.0013032	1.3e-6
261	800	0.0009810	1.4e-6
261	1000	0.0007878	1.5e-6
261	1200	0.0006592	1.5e-6
261	1400	0.0005675	1.6e-6
261	1600	0.0004989	1.8e-6
261	1800	0.0004458	1.9e-6
261	2000	0.0004035	2.1e-6
261	2200	0.0003692	2.3e-6
262	200	0.0038846	1.2e-6
262	400	0.0019487	1.3e-6
262	600	0.0013035	1.3e-6
262	800	0.0009811	1.3e-6
262	1000	0.0007879	1.4e-6
262	1200	0.0006592	1.5e-6
262	1400	0.0005674	1.6e-6
262	1600	0.0004988	1.7e-6
262	1800	0.0004456	1.8e-6
262	2000	0.0004032	2.0e-6
262	2200	0.0003688	2.2e-6
263	200	0.0038860	1.2e-6
263	400	0.0019493	1.2e-6
263	600	0.0013039	1.3e-6
263	800	0.0009813	1.3e-6
263	1000	0.0007879	1.4e-6
263	1200	0.0006592	1.4e-6
263	1400	0.0005673	1.5e-6
263	1600	0.0004986	1.6e-6
263	1800	0.0004454	1.8e-6
263	2000	0.0004029	1.9e-6
263	2200	0.0003685	2.1e-6
264	200	0.0038873	1.2e-6
264	400	0.0019498	1.2e-6
264	600	0.0013042	1.2e-6
264	800	0.0009815	1.3e-6
264	1000	0.0007880	1.3e-6
264	1200	0.0006592	1.4e-6
264	1400	0.0005673	1.5e-6
264	1600	0.0004985	1.6e-6
264	1800	0.0004452	1.7e-6
264	2000	0.0004027	1.9e-6
264	2200	0.0003681	2.0e-6
264	2400	0.0003396	2.2e-6
265	200	0.0038887	1.2e-6
265	400	0.0019504	1.2e-6
265	600	0.0013045	1.2e-6
265	800	0.0009817	1.2e-6
265	1000	0.0007881	1.3e-6
265	1200	0.0006592	1.4e-6
265	1400	0.0005672	1.4e-6
265	1600	0.0004984	1.5e-6
265	1800	0.0004450	1.6e-6
265	2000	0.0004025	1.8e-6
265	2200	0.0003678	1.9e-6
265	2400	0.0003392	2.1e-6
266	200	0.0038900	1.2e-6
266	400	0.0019510	1.2e-6
266	600	0.0013048	1.2e-6
266	800	0.0009819	1.2e-6
266	1000	0.0007882	1.3e-6
266	1200	0.0006592	1.3e-6
266	1400	0.0005672	1.4e-6
266	1600	0.0004983	1.5e-6
266	1800	0.0004448	1.6e-6
266	2000	0.0004022	1.7e-6
266	2200	0.0003675	1.9e-6
266	2400	0.0003388	2.0e-6
267	200	0.0038914	1.1e-6
267	400	0.0019516	1.1e-6
267	600	0.0013052	1.2e-6
267	800	0.0009820	1.2e-6
267	1000	0.0007883	1.2e-6
267	1200	0.0006592	1.3e-6
267	1400	0.0005671	1.4e-6
267	1600	0.0004982	1.4e-6
267	1800	0.0004447	1.5e-6
267	2000	0.0004020	1.7e-6
267	2200	0.0003673	1.8e-6
267	2400	0.0003385	2.0e-6
267	2600	0.0003143	2.2e-6
268	200	0.0038927	1.1e-6
268	400	0.0019522	1.1e-6
268	600	0.0013055	1.1e-6
268	800	0.0009822	1.2e-6
268	1000	0.0007884	1.2e-6
268	1200	0.0006592	1.3e-6
268	1400	0.0005671	1.3e-6
268	1600	0.0004981	1.4e-6
268	1800	0.0004446	1.5e-6
268	2000	0.0004018	1.6e-6
268	2200	0.0003670	1.7e-6
268	2400	0.0003382	1.9e-6
268	2600	0.0003139	2.1e-6
269	200	0.0038941	1.1e-6
269	400	0.0019528	1.1e-6
269	600	0.0013058	1.1e-6
269	800	0.0009824	1.1e-6
269	1000	0.0007885	1.2e-6
269	1200	0.0006593	1.2e-6
269	1400	0.0005671	1.3e-6
269	1600	0.0004980	1.4e-6
269	1800	0.0004444	1.4e-6
269	2000	0.0004017	1.5e-6
269	2200	0.0003668	1.7e-6
269	2400	0.0003379	1.8e-6
269	2600	0.0003135	2.0e-6
269	2800	0.0002929	2.2e-6
270	200	0.0038954	1.1e-6
270	400	0.0019534	1.1e-6
270	600	0.0013061	1.1e-6
270	800	0.0009826	1.1e-6
270	1000	0.0007886	1.2e-6
270	1200	0.0006593	1.2e-6
270	1400	0.0005671	1.2e-6
270	1600	0.0004980	1.3e-6
270	1800	0.0004443	1.4e-6
270	2000	0.0004015	1.5e-6
270	2200	0.0003666	1.6e-6
270	2400	0.0003376	1.7e-6
270	2600	0.0003132	1.9e-6
270	2800	0.0002925	2.1e-6
271	200	0.0038967	1.1e-6
271	400	0.0019540	1.1e-6
271	600	0.0013065	1.1e-6
271	800	0.0009828	1.1e-6
271	1000	0.0007887	1.1e-6
271	1200	0.0006594	1.2e-6
271	1400	0.0005671	1.2e-6
271	1600	0.0004979	1.3e-6
271	1800	0.0004442	1.4e-6
271	2000	0.0004013	1.4e-6
271	2200	0.0003664	1.6e-6
271	2400	0.0003373	1.7e-6
271	2600	0.0003129	1.8e-6
271	2800	0.0002921	2.0e-6
272	200	0.0038980	1.1e-6
272	400	0.0019545	1.1e-6
272	600	0.0013068	1.1e-6
272	800	0.0009830	1.1e-6
272	1000	0.0007888	1.1e-6
272	1200	0.0006594	1.1e-6
272	1400	0.0005670	1.2e-6
272	1600	0.0004979	1.2e-6
272	1800	0.0004441	1.3e-6
272	2000	0.0004012	1.4e-6
272	2200	0.0003662	1.5e-6
272	2400	0.0003371	1.6e-6
272	2600	0.0003126	1.8e-6
272	2800	0.0002917	1.9e-6
272	3000	0.0002738	2.1e-6
273	200	0.0038993	1.1e-6
273	400	0.0019551	1.0e-6
273	600	0.0013071	1.1e-6
273	800	0.0009832	1.1e-6
273	1000	0.0007889	1.1e-6
273	1200	0.0006595	1.1e-6
273	1400	0.0005670	1.2e-6
273	1600	0.0004978	1.2e-6
273	1800	0.0004440	1.3e-6
273	2000	0.0004011	1.4e-6
273	2200	0.0003660	1.5e-6
273	2400	0.0003369	1.6e-6
273	2600	0.0003123	1.7e-6
273	2800	0.0002914	1.9e-6
273	3000	0.0002734	2.1e-6
274	200	0.0039006	1.0e-6
274	400	0.0019557	1.0e-6
274	600	0.0013075	1.0e-6
274	800	0.0009834	1.0e-6
274	1000	0.0007890	1.1e-6
274	1200	0.0006595	1.1e-6
274	1400	0.0005670	1.1e-6
274	1600	0.0004978	1.2e-6
274	1800	0.0004439	1.2e-6
274	2000	0.0004009	1.3e-6
274	2200	0.0003658	1.4e-6
274	2400	0.0003367	1.5e-6
274	2600	0.0003121	1.6e-6
274	2800	0.0002911	1.8e-6
274	3000	0.0002730	2.0e-6
275	200	0.0039019	1.0e-6
275	400	0.0019563	1.0e-6
275	600	0.0013078	1.0e-6
275	800	0.0009836	1.0e-6
275	1000	0.0007891	1.0e-6
275	1200	0.0006596	1.1e-6
275	1400	0.0005671	1.1e-6
275	1600	0.0004977	1.2e-6
275	1800	0.0004439	1.2e-6
275	2000	0.0004008	1.3e-6
275	2200	0.0003657	1.4e-6
275	2400	0.0003365	1.5e-6
275	2600	0.0003118	1.6e-6
275	2800	0.0002908	1.7e-6
275	3000	0.0002726	1.9e-6
275	3200	0.0002569	2.1e-6
276	200	0.0039032	1.0e-6
276	400	0.0019568	1.0e-6
276	600	0.0013081	1.0e-6
276	800	0.0009838	1.0e-6
276	1000	0.0007893	1.0e-6
276	1200	0.0006596	1.0e-6
276	1400	0.0005671	1.1e-6
276	1600	0.0004977	1.1e-6
276	1800	0.0004438	1.2e-6
276	2000	0.0004007	1.2e-6
276	2200	0.0003656	1.3e-6
276	2400	0.0003363	1.4e-6
276	2600	0.0003116	1.5e-6
276	2800	0.0002905	1.7e-6
276	3000	0.0002723	1.8e-6
276	3200	0.0002565	2.0e-6
277	200	0.0039045	1.0e-6
277	400	0.00195741	1.00e-6
277	600	0.00130843	9.9e-7
277	800	0.00098399	1.00e-6
277	1000	0.0007894	1.0e-6
277	1200	0.0006597	1.0e-6
277	1400	0.0005671	1.1e-6
277	1600	0.0004977	1.1e-6
277	1800	0.0004437	1.2e-6
277	2000	0.0004006	1.2e-6
277	2200	0.0003654	1.3e-6
277	2400	0.0003361	1.4e-6
277	2600	0.0003114	1.5e-6
277	2800	0.0002903	1.6e-6
277	3000	0.0002720	1.8e-6
277	3200	0.0002561	1.9e-6
277	3400	0.0002422	2.1e-6
278	200	0.0039058	1.0e-6
278	400	0.00195798	9.9e-7
278	600	0.00130876	9.8e-7
278	800	0.00098420	9.8e-7
278	1000	0.00078950	9.9e-7
278	1200	0.0006597	1.0e-6
278	1400	0.0005671	1.0e-6
278	1600	0.0004977	1.1e-6
278	1800	0.0004437	1.1e-6
278	2000	0.0004005	1.2e-6
278	2200	0.0003653	1.3e-6
278	2400	0.0003360	1.3e-6
278	2600	0.0003112	1.4e-6
278	2800	0.0002900	1.6e-6
278	3000	0.0002717	1.7e-6
278	3200	0.0002558	1.9e-6
278	3400	0.0002418	2.1e-6
279	200	0.00390708	9.9e-7
279	400	0.00195855	9.8e-7
279	600	0.00130909	9.7e-7
279	800	0.00098440	9.7e-7
279	1000	0.00078962	9.8e-7
279	1200	0.00065981	9.9e-7
279	1400	0.0005671	1.0e-6
279	1600	0.0004976	1.1e-6
279	1800	0.0004436	1.1e-6
279	2000	0.0004005	1.2e-6
279	2200	0.0003652	1.2e-6
279	2400	0.0003358	1.3e-6
279	2600	0.0003110	1.4e-6
279	2800	0.0002898	1.5e-6
279	3000	0.0002715	1.6e-6
279	3200	0.0002555	1.8e-6
279	3400	0.0002415	2.0e-6
279	3600	0.0002291	2.2e-6
280	200	0.00390835	9.8e-7
280	400	0.00195912	9.7e-7
280	600	0.00130942	9.6e-7
280	800	0.00098460	9.6e-7
280	1000	0.00078975	9.6e-7
280	1200	0.00065987	9.8e-7
280	1400	0.0005671	1.0e-6
280	1600	0.0004976	1.0e-6
280	1800	0.0004436	1.1e-6
280	2000	0.0004004	1.1e-6
280	2200	0.0003651	1.2e-6
280	2400	0.0003357	1.3e-6
280	2600	0.0003109	1.4e-6
280	2800	0.0002896	1.5e-6
280	3000	0.0002712	1.6e-6
280	3200	0.0002552	1.7e-6
280	3400	0.0002411	1.9e-6
280	3600	0.0002287	2.1e-6
281	200	0.00390961	9.8e-7
281	400	0.00195968	9.6e-7
281	600	0.00130974	9.5e-7
281	800	0.00098481	9.4e-7
281	1000	0.00078987	9.5e-7
281	1200	0.00065995	9.6e-7
281	1400	0.00056717	9.8e-7
281	1600	0.0004976	1.0e-6
281	1800	0.0004435	1.1e-6
281	2000	0.0004003	1.1e-6
281	2200	0.0003650	1.2e-6
281	2400	0.0003356	1.2e-6
281	2600	0.0003107	1.3e-6
281	2800	0.0002894	1.4e-6
281	3000	0.0002710	1.5e-6
281	3200	0.0002550	1.7e-6
281	3400	0.0002408	1.8e-6
281	3600	0.0002283	2.0e-6
282	200	0.00391087	9.7e-7
282	400	0.00196024	9.5e-7
282	600	0.00131007	9.4e-7
282	800	0.00098501	9.3e-7
282	1000	0.00079000	9.3e-7
282	1200	0.00066002	9.5e-7
282	1400	0.00056720	9.7e-7
282	1600	0.00049761	1.00e-6
282	1800	0.0004435	1.0e-6
282	2000	0.0004002	1.1e-6
282	2200	0.0003649	1.1e-6
282	2400	0.0003354	1.2e-6
282	2600	0.0003105	1.3e-6
282	2800	0.0002892	1.4e-6
282	3000	0.0002708	1.5e-6
282	3200	0.0002547	1.6e-6
282	3400	0.0002405	1.8e-6
282	3600	0.0002280	1.9e-6
282	3800	0.0002168	2.2e-6
283	200	0.00391212	9.6e-7
283	400	0.00196080	9.4e-7
283	600	0.00131040	9.3e-7
283	800	0.00098522	9.2e-7
283	1000	0.00079013	9.2e-7
283	1200	0.00066009	9.3e-7
283	1400	0.00056723	9.5e-7
283	1600	0.00049761	9.8e-7
283	1800	0.0004435	1.0e-6
283	2000	0.0004002	1.1e-6
283	2200	0.0003648	1.1e-6
283	2400	0.0003353	1.2e-6
283	2600	0.0003104	1.3e-6
283	2800	0.0002891	1.4e-6
283	3000	0.0002706	1.5e-6
283	3200	0.0002545	1.6e-6
283	3400	0.0002403	1.7e-6
283	3600	0.0002277	1.9e-6
283	3800	0.0002164	2.1e-6
284	200	0.00391336	9.5e-7
284	400	0.00196136	9.3e-7
284	600	0.00131072	9.2e-7
284	800	0.00098542	9.1e-7
284	1000	0.00079026	9.1e-7
284	1200	0.00066017	9.2e-7
284	1400	0.00056727	9.4e-7
284	1600	0.00049761	9.6e-7
284	1800	0.00044344	1.00e-6
284	2000	0.0004001	1.0e-6
284	2200	0.0003647	1.1e-6
284	2400	0.0003352	1.2e-6
284	2600	0.0003103	1.2e-6
284	2800	0.0002889	1.3e-6
284	3000	0.0002704	1.4e-6
284	3200	0.0002543	1.5e-6
284	3400	0.0002400	1.7e-6
284	3600	0.0002274	1.8e-6
284	3800	0.0002161	2.0e-6
284	4000	0.0002059	2.2e-6
285	200	0.00391460	9.4e-7
285	400	0.00196192	9.2e-7
285	600	0.00131105	9.1e-7
285	800	0.00098563	9e-7
285	1000	0.00079039	9e-7
285	1200	0.00066025	9.1e-7
285	1400	0.00056731	9.2e-7
285	1600	0.00049761	9.5e-7
285	1800	0.00044342	9.8e-7
285	2000	0.0004001	1.0e-6
285	2200	0.0003646	1.1e-6
285	2400	0.0003351	1.1e-6
285	2600	0.0003101	1.2e-6
285	2800	0.0002888	1.3e-6
285	3000	0.0002702	1.4e-6
285	3200	0.0002541	1.5e-6
285	3400	0.0002398	1.6e-6
285	3600	0.0002271	1.7e-6
285	3800	0.0002158	1.9e-6
285	4000	0.0002056	2.1e-6
286	200	0.00391584	9.4e-7
286	400	0.00196247	9.2e-7
286	600	0.00131137	9e-7
286	800	0.00098583	8.9e-7
286	1000	0.00079052	8.9e-7
286	1200	0.00066033	9e-7
286	1400	0.00056735	9.1e-7
286	1600	0.00049762	9.3e-7
286	1800	0.00044340	9.6e-7
286	2000	0.0004000	1.0e-6
286	2200	0.0003646	1.1e-6
286	2400	0.0003350	1.1e-6
286	2600	0.0003100	1.2e-6
286	2800	0.0002886	1.3e-6
286	3000	0.0002701	1.3e-6
286	3200	0.0002539	1.4e-6
286	3400	0.0002396	1.6e-6
286	3600	0.0002269	1.7e-6
286	3800	0.0002155	1.8e-6
286	4000	0.0002052	2.0e-6
286	4200	0.0001960	2.3e-6
287	200	0.00391706	9.3e-7
287	400	0.00196303	9.1e-7
287	600	0.00131169	8.9e-7
287	800	0.00098604	8.8e-7
287	1000	0.00079066	8.8e-7
287	1200	0.00066041	8.8e-7
287	1400	0.00056739	9e-7
287	1600	0.00049763	9.2e-7
287	1800	0.00044338	9.5e-7
287	2000	0.00039999	9.9e-7
287	2200	0.0003645	1.0e-6
287	2400	0.0003349	1.1e-6
287	2600	0.0003099	1.2e-6
287	2800	0.0002885	1.2e-6
287	3000	0.0002699	1.3e-6
287	3200	0.0002537	1.4e-6
287	3400	0.0002394	1.5e-6
287	3600	0.0002266	1.6e-6
287	3800	0.0002152	1.8e-6
287	4000	0.0002050	2.0e-6
287	4200	0.0001956	2.2e-6
288	200	0.00391829	9.2e-7
288	400	0.00196358	9e-7
288	600	0.00131202	8.9e-7
288	800	0.00098625	8.8e-7
288	1000	0.00079079	8.7e-7
288	1200	0.00066049	8.7e-7
288	1400	0.00056743	8.9e-7
288	1600	0.00049764	9.1e-7
288	1800	0.00044337	9.3e-7
288	2000	0.00039996	9.7e-7
288	2200	0.0003644	1.0e-6
288	2400	0.0003349	1.1e-6
288	2600	0.0003098	1.1e-6
288	2800	0.0002884	1.2e-6
288	3000	0.0002698	1.3e-6
288	3200	0.0002535	1.4e-6
288	3400	0.0002392	1.5e-6
288	3600	0.0002264	1.6e-6
288	3800	0.0002150	1.7e-6
288	4000	0.0002047	1.9e-6
288	4200	0.0001953	2.1e-6
288	4400	0.0001868	2.3e-6
289	200	0.00391950	9.2e-7
289	400	0.00196412	9e-7
289	600	0.00131234	8.8e-7
289	800	0.00098645	8.7e-7
289	1000	0.00079093	8.6e-7
289	1200	0.00066058	8.6e-7
289	1400	0.00056748	8.7e-7
289	1600	0.00049766	8.9e-7
289	1800	0.00044336	9.2e-7
289	2000	0.00039992	9.5e-7
289	2200	0.00036439	1.00e-6
289	2400	0.0003348	1.0e-6
289	2600	0.0003097	1.1e-6
289	2800	0.0002883	1.2e-6
289	3000	0.0002696	1.3e-6
289	3200	0.0002534	1.3e-6
289	3400	0.0002390	1.4e-6
289	3600	0.0002262	1.5e-6
289	3800	0.0002148	1.7e-6
289	4000	0.0002044	1.8e-6
289	4200	0.0001950	2.0e-6
289	4400	0.0001865	2.2e-6
290	200	0.00392071	9.1e-7
290	400	0.00196467	8.9e-7
290	600	0.00131266	8.7e-7
290	800	0.00098666	8.6e-7
290	1000	0.00079106	8.5e-7
290	1200	0.00066067	8.6e-7
290	1400	0.00056753	8.6e-7
290	1600	0.00049768	8.8e-7
290	1800	0.00044335	9.1e-7
290	2000	0.00039989	9.4e-7
290	2200	0.00036434	9.8e-7
290	2400	0.0003347	1.0e-6
290	2600	0.0003096	1.1e-6
290	2800	0.0002881	1.2e-6
290	3000	0.0002695	1.2e-6
290	3200	0.0002532	1.3e-6
290	3400	0.0002388	1.4e-6
290	3600	0.0002260	1.5e-6
290	3800	0.0002145	1.6e-6
290	4000	0.0002042	1.8e-6
290	4200	0.0001948	1.9e-6
290	4400	0.0001862	2.1e-6
290	4600	0.0001782	2.4e-6
291	200	0.00392192	9e-7
291	400	0.00196522	8.8e-7
291	600	0.00131298	8.6e-7
291	800	0.00098687	8.5e-7
291	1000	0.00079120	8.5e-7
291	1200	0.00066075	8.5e-7
291	1400	0.00056758	8.5e-7
291	1600	0.00049770	8.7e-7
291	1800	0.00044335	8.9e-7
291	2000	0.00039987	9.3e-7
291	2200	0.00036429	9.7e-7
291	2400	0.0003346	1.0e-6
291	2600	0.0003096	1.1e-6
291	2800	0.0002880	1.1e-6
291	3000	0.0002694	1.2e-6
291	3200	0.0002531	1.3e-6
291	3400	0.0002387	1.4e-6
291	3600	0.0002258	1.5e-6
291	3800	0.0002144	1.6e-6
291	4000	0.0002040	1.7e-6
291	4200	0.0001946	1.9e-6
291	4400	0.0001859	2.1e-6
291	4600	0.0001780	2.3e-6
291	4800	0.0001705	2.6e-6
292	200	0.00392312	9e-7
292	400	0.00196576	8.8e-7
292	600	0.00131330	8.6e-7
292	800	0.00098707	8.5e-7
292	1000	0.00079133	8.4e-7
292	1200	0.00066084	8.4e-7
292	1400	0.00056763	8.5e-7
292	1600	0.00049772	8.6e-7
292	1800	0.00044335	8.8e-7
292	2000	0.00039984	9.1e-7
292	2200	0.00036425	9.5e-7
292	2400	0.00033458	1.00e-6
292	2600	0.0003095	1.0e-6
292	2800	0.0002880	1.1e-6
292	3000	0.0002693	1.2e-6
292	3200	0.0002530	1.3e-6
292	3400	0.0002385	1.3e-6
292	3600	0.0002257	1.4e-6
292	3800	0.0002142	1.5e-6
292	4000	0.0002038	1.7e-6
292	4200	0.0001943	1.8e-6
292	4400	0.0001857	2.0e-6
292	4600	0.0001777	2.2e-6
292	4800	0.0001703	2.5e-6
293	200	0.00392431	8.9e-7
293	400	0.00196630	8.7e-7
293	600	0.00131362	8.5e-7
293	800	0.00098728	8.4e-7
293	1000	0.00079147	8.3e-7
293	1200	0.00066093	8.3e-7
293	1400	0.00056768	8.4e-7
293	1600	0.00049775	8.5e-7
293	1800	0.00044335	8.7e-7
293	2000	0.00039982	9e-7
293	2200	0.00036421	9.4e-7
293	2400	0.00033453	9.8e-7
293	2600	0.0003094	1.0e-6
293	2800	0.0002879	1.1e-6
293	3000	0.0002692	1.2e-6
293	3200	0.0002528	1.2e-6
293	3400	0.0002384	1.3e-6
293	3600	0.0002255	1.4e-6
293	3800	0.0002140	1.5e-6
293	4000	0.0002036	1.6e-6
293	4200	0.0001941	1.7e-6
293	4400	0.0001855	1.9e-6
293	4600	0.0001775	2.1e-6
293	4800	0.0001700	2.3e-6
293	5000	0.0001630	2.7e-6
294	200	0.00392550	8.9e-7
294	400	0.00196684	8.6e-7
294	600	0.00131394	8.5e-7
294	800	0.00098749	8.3e-7
294	1000	0.00079161	8.2e-7
294	1200	0.00066102	8.2e-7
294	1400	0.00056774	8.3e-7
294	1600	0.00049777	8.4e-7
294	1800	0.00044335	8.6e-7
294	2000	0.00039981	8.9e-7
294	2200	0.00036417	9.2e-7
294	2400	0.00033447	9.7e-7
294	2600	0.0003093	1.0e-6
294	2800	0.0002878	1.1e-6
294	3000	0.0002691	1.1e-6
294	3200	0.0002527	1.2e-6
294	3400	0.0002383	1.3e-6
294	3600	0.0002254	1.4e-6
294	3800	0.0002138	1.5e-6
294	4000	0.0002034	1.6e-6
294	4200	0.0001939	1.7e-6
294	4400	0.0001853	1.8e-6
294	4600	0.0001773	2.0e-6
294	4800	0.0001698	2.2e-6
294	5000	0.0001628	2.5e-6
295	200	0.00392668	8.8e-7
295	400	0.00196737	8.6e-7
295	600	0.00131426	8.4e-7
295	800	0.00098769	8.3e-7
295	1000	0.00079175	8.2e-7
295	1200	0.00066111	8.2e-7
295	1400	0.00056779	8.2e-7
295	1600	0.00049780	8.3e-7
295	1800	0.00044336	8.5e-7
295	2000	0.00039979	8.8e-7
295	2200	0.00036414	9.1e-7
295	2400	0.00033442	9.5e-7
295	2600	0.00030927	1.00e-6
295	2800	0.0002877	1.1e-6
295	3000	0.0002690	1.1e-6
295	3200	0.0002526	1.2e-6
295	3400	0.0002381	1.3e-6
295	3600	0.0002252	1.3e-6
295	3800	0.0002137	1.4e-6
295	4000	0.0002033	1.5e-6
295	4200	0.0001938	1.6e-6
295	4400	0.0001851	1.8e-6
295	4600	0.0001771	1.9e-6
295	4800	0.0001696	2.1e-6
295	5000	0.0001626	2.4e-6
295	5200	0.0001559	2.8e-6
296	200	0.00392786	8.8e-7
296	400	0.00196791	8.5e-7
296	600	0.00131458	8.3e-7
296	800	0.00098790	8.2e-7
296	1000	0.00079189	8.1e-7
296	1200	0.00066121	8.1e-7
296	1400	0.00056785	8.1e-7
296	1600	0.00049783	8.2e-7
296	1800	0.00044336	8.4e-7
296	2000	0.00039978	8.7e-7
296	2200	0.00036411	9e-7
296	2400	0.00033438	9.4e-7
296	2600	0.00030921	9.8e-7
296	2800	0.0002876	1.0e-6
296	3000	0.0002689	1.1e-6
296	3200	0.0002525	1.2e-6
296	3400	0.0002380	1.2e-6
296	3600	0.0002251	1.3e-6
296	3800	0.0002135	1.4e-6
296	4000	0.0002031	1.5e-6
296	4200	0.0001936	1.6e-6
296	4400	0.0001849	1.7e-6
296	4600	0.0001769	1.9e-6
296	4800	0.0001695	2.1e-6
296	5000	0.0001625	2.3e-6
296	5200	0.0001558	2.6e-6
297	200	0.00392903	8.7e-7
297	400	0.00196844	8.5e-7
297	600	0.00131489	8.3e-7
297	800	0.00098811	8.1e-7
297	1000	0.00079203	8.1e-7
297	1200	0.00066130	8e-7
297	1400	0.00056791	8.1e-7
297	1600	0.00049786	8.2e-7
297	1800	0.00044337	8.3e-7
297	2000	0.00039977	8.6e-7
297	2200	0.00036409	8.9e-7
297	2400	0.00033434	9.3e-7
297	2600	0.00030915	9.7e-7
297	2800	0.0002876	1.0e-6
297	3000	0.0002688	1.1e-6
297	3200	0.0002524	1.1e-6
297	3400	0.0002379	1.2e-6
297	3600	0.0002250	1.3e-6
297	3800	0.0002134	1.4e-6
297	4000	0.0002030	1.5e-6
297	4200	0.0001934	1.6e-6
297	4400	0.0001848	1.7e-6
297	4600	0.0001767	1.8e-6
297	4800	0.0001693	2.0e-6
297	5000	0.0001623	2.2e-6
297	5200	0.0001557	2.5e-6
297	5400	0.0001492	2.9e-6
298	200	0.00393020	8.7e-7
298	400	0.00196897	8.4e-7
298	600	0.00131521	8.2e-7
298	800	0.00098832	8.1e-7
298	1000	0.00079217	8e-7
298	1200	0.00066139	8e-7
298	1400	0.00056797	8e-7
298	1600	0.00049790	8.1e-7
298	1800	0.00044338	8.2e-7
298	2000	0.00039976	8.5e-7
298	2200	0.00036406	8.8e-7
298	2400	0.00033430	9.1e-7
298	2600	0.00030910	9.6e-7
298	2800	0.0002875	1.0e-6
298	3000	0.0002687	1.1e-6
298	3200	0.0002523	1.1e-6
298	3400	0.0002378	1.2e-6
298	3600	0.0002249	1.3e-6
298	3800	0.0002133	1.3e-6
298	4000	0.0002028	1.4e-6
298	4200	0.0001933	1.5e-6
298	4400	0.0001846	1.6e-6
298	4600	0.0001766	1.8e-6
298	4800	0.0001691	1.9e-6
298	5000	0.0001622	2.1e-6
298	5200	0.0001556	2.3e-6
298	5400	0.0001492	2.7e-6
298	5600	0.0001427	3.2e-6
299	200	0.00393136	8.6e-7
299	400	0.00196950	8.4e-7
299	600	0.00131552	8.2e-7
299	800	0.00098852	8e-7
299	1000	0.00079231	7.9e-7
299	1200	0.00066149	7.9e-7
299	1400	0.00056803	7.9e-7
299	1600	0.00049793	8e-7
299	1800	0.00044340	8.2e-7
299	2000	0.00039976	8.4e-7
299	2200	0.00036404	8.7e-7
299	2400	0.00033426	9e-7
299	2600	0.00030905	9.4e-7
299	2800	0.00028743	9.9e-7
299	3000	0.0002687	1.0e-6
299	3200	0.0002522	1.1e-6
299	3400	0.0002377	1.2e-6
299	3600	0.0002248	1.2e-6
299	3800	0.0002132	1.3e-6
299	4000	0.0002027	1.4e-6
299	4200	0.0001932	1.5e-6
299	4400	0.0001845	1.6e-6
299	4600	0.0001764	1.7e-6
299	4800	0.0001690	1.8e-6
299	5000	0.0001620	2.0e-6
299	5200	0.0001554	2.2e-6
299	5400	0.0001491	2.5e-6
299	5600	0.0001428	3.0e-6
300	200	0.00393252	8.6e-7
300	400	0.00197002	8.3e-7
300	600	0.00131584	8.1e-7
300	800	0.00098873	8e-7
300	1000	0.00079245	7.9e-7
300	1200	0.00066158	7.8e-7
300	1400	0.00056810	7.9e-7
300	1600	0.00049797	7.9e-7
300	1800	0.00044341	8.1e-7
300	2000	0.00039975	8.3e-7
300	2200	0.00036402	8.6e-7
300	2400	0.00033423	8.9e-7
300	2600	0.00030901	9.3e-7
300	2800	0.00028737	9.8e-7
300	3000	0.0002686	1.0e-6
300	3200	0.0002522	1.1e-6
300	3400	0.0002376	1.1e-6
300	3600	0.0002247	1.2e-6
300	3800	0.0002131	1.3e-6
300	4000	0.0002026	1.4e-6
300	4200	0.0001930	1.5e-6
300	4400	0.0001843	1.6e-6
300	4600	0.0001763	1.7e-6
300	4800	0.0001689	1.8e-6
300	5000	0.0001619	1.9e-6
300	5200	0.0001553	2.1e-6
300	5400	0.0001491	2.4e-6
300	5600	0.0001429	2.7e-6
300	5800	0.0001366	3.3e-6
301	200	0.00393367	8.5e-7
301	400	0.00197055	8.3e-7
301	600	0.00131615	8.1e-7
301	800	0.00098894	7.9e-7
301	1000	0.00079259	7.8e-7
301	1200	0.00066168	7.8e-7
301	1400	0.00056816	7.8e-7
301	1600	0.00049801	7.9e-7
301	1800	0.00044343	8e-7
301	2000	0.00039975	8.2e-7
301	2200	0.00036400	8.5e-7
301	2400	0.00033420	8.8e-7
301	2600	0.00030896	9.2e-7
301	2800	0.00028732	9.6e-7
301	3000	0.0002685	1.0e-6
301	3200	0.0002521	1.1e-6
301	3400	0.0002375	1.1e-6
301	3600	0.0002246	1.2e-6
301	3800	0.0002130	1.3e-6
301	4000	0.0002025	1.3e-6
301	4200	0.0001929	1.4e-6
301	4400	0.0001842	1.5e-6
301	4600	0.0001762	1.6e-6
301	4800	0.0001687	1.7e-6
301	5000	0.0001618	1.9e-6
301	5200	0.0001552	2.0e-6
301	5400	0.0001490	2.3e-6
301	5600	0.0001429	2.6e-6
301	5800	0.0001368	3.0e-6
301	6000	0.0001303	3.9e-6
302	200	0.00393481	8.5e-7
302	400	0.00197107	8.2e-7
302	600	0.00131646	8.1e-7
302	800	0.00098914	7.9e-7
302	1000	0.00079273	7.8e-7
302	1200	0.00066178	7.7e-7
302	1400	0.00056822	7.7e-7
302	1600	0.00049805	7.8e-7
302	1800	0.00044345	7.9e-7
302	2000	0.00039975	8.1e-7
302	2200	0.00036399	8.4e-7
302	2400	0.00033417	8.7e-7
302	2600	0.00030892	9.1e-7
302	2800	0.00028726	9.5e-7
302	3000	0.0002685	1.0e-6
302	3200	0.0002520	1.1e-6
302	3400	0.0002375	1.1e-6
302	3600	0.0002245	1.2e-6
302	3800	0.0002129	1.2e-6
302	4000	0.0002024	1.3e-6
302	4200	0.0001928	1.4e-6
302	4400	0.0001841	1.5e-6
302	4600	0.0001761	1.6e-6
302	4800	0.0001686	1.7e-6
302	5000	0.0001617	1.8e-6
302	5200	0.0001552	2.0e-6
302	5400	0.0001489	2.1e-6
302	5600	0.0001429	2.4e-6
302	5800	0.0001370	2.8e-6
302	6000	0.0001308	3.4e-6
303	200	0.00393595	8.4e-7
303	400	0.00197159	8.2e-7
303	600	0.00131677	8e-7
303	800	0.00098935	7.9e-7
303	1000	0.00079287	7.7e-7
303	1200	0.00066188	7.7e-7
303	1400	0.00056829	7.7e-7
303	1600	0.00049809	7.7e-7
303	1800	0.00044347	7.9e-7
303	2000	0.00039976	8.1e-7
303	2200	0.00036398	8.3e-7
303	2400	0.00033415	8.6e-7
303	2600	0.00030889	9e-7
303	2800	0.00028722	9.4e-7
303	3000	0.00026842	9.9e-7
303	3200	0.0002519	1.0e-6
303	3400	0.0002374	1.1e-6
303	3600	0.0002244	1.2e-6
303	3800	0.0002128	1.2e-6
303	4000	0.0002023	1.3e-6
303	4200	0.0001927	1.4e-6
303	4400	0.0001840	1.4e-6
303	4600	0.0001760	1.5e-6
303	4800	0.0001685	1.6e-6
303	5000	0.0001616	1.7e-6
303	5200	0.0001551	1.9e-6
303	5400	0.0001489	2.1e-6
303	5600	0.0001429	2.3e-6
303	5800	0.0001371	2.6e-6
303	6000	0.0001311	3.1e-6
303	6200	0.0001246	4.0e-6
304	200	0.00393709	8.4e-7
304	400	0.00197211	8.2e-7
304	600	0.00131709	8e-7
304	800	0.00098955	7.8e-7
304	1000	0.00079302	7.7e-7
304	1200	0.00066197	7.6e-7
304	1400	0.00056836	7.6e-7
304	1600	0.00049813	7.7e-7
304	1800	0.00044349	7.8e-7
304	2000	0.00039976	8e-7
304	2200	0.00036397	8.2e-7
304	2400	0.00033412	8.5e-7
304	2600	0.00030885	8.9e-7
304	2800	0.00028717	9.3e-7
304	3000	0.00026836	9.7e-7
304	3200	0.0002519	1.0e-6
304	3400	0.0002373	1.1e-6
304	3600	0.0002243	1.1e-6
304	3800	0.0002127	1.2e-6
304	4000	0.0002022	1.3e-6
304	4200	0.0001926	1.3e-6
304	4400	0.0001839	1.4e-6
304	4600	0.0001758	1.5e-6
304	4800	0.0001684	1.6e-6
304	5000	0.0001615	1.7e-6
304	5200	0.0001550	1.8e-6
304	5400	0.0001488	2.0e-6
304	5600	0.0001429	2.2e-6
304	5800	0.0001371	2.4e-6
304	6000	0.0001314	2.9e-6
304	6200	0.0001252	3.5e-6
304	6400	0.0001180	4.8e-6
305	200	0.00393822	8.3e-7
305	400	0.00197262	8.1e-7
305	600	0.00131740	7.9e-7
305	800	0.00098976	7.8e-7
305	1000	0.00079316	7.7e-7
305	1200	0.00066207	7.6e-7
305	1400	0.00056842	7.6e-7
305	1600	0.00049817	7.6e-7
305	1800	0.00044351	7.7e-7
305	2000	0.00039977	7.9e-7
305	2200	0.00036396	8.1e-7
305	2400	0.00033410	8.4e-7
305	2600	0.00030882	8.8e-7
305	2800	0.00028713	9.2e-7
305	3000	0.00026831	9.6e-7
305	3200	0.0002518	1.0e-6
305	3400	0.0002372	1.1e-6
305	3600	0.0002243	1.1e-6
305	3800	0.0002126	1.2e-6
305	4000	0.0002021	1.2e-6
305	4200	0.0001925	1.3e-6
305	4400	0.0001838	1.4e-6
305	4600	0.0001758	1.5e-6
305	4800	0.0001683	1.6e-6
305	5000	0.0001614	1.7e-6
305	5200	0.0001549	1.8e-6
305	5400	0.0001488	1.9e-6
305	5600	0.0001429	2.1e-6
305	5800	0.0001372	2.3e-6
305	6000	0.0001315	2.6e-6
305	6200	0.0001257	3.2e-6
305	6400	0.0001192	4.1e-6
306	200	0.00393934	8.3e-7
306	400	0.00197314	8.1e-7
306	600	0.00131770	7.9e-7
306	800	0.00098997	7.7e-7
306	1000	0.00079330	7.6e-7
306	1200	0.00066217	7.5e-7
306	1400	0.00056849	7.5e-7
306	1600	0.00049821	7.6e-7
306	1800	0.00044354	7.7e-7
306	2000	0.00039978	7.8e-7
306	2200	0.00036395	8.1e-7
306	2400	0.00033409	8.3e-7
306	2600	0.00030879	8.7e-7
306	2800	0.00028709	9.1e-7
306	3000	0.00026826	9.5e-7
306	3200	0.00025177	1.00e-6
306	3400	0.0002372	1.0e-6
306	3600	0.0002242	1.1e-6
306	3800	0.0002125	1.2e-6
306	4000	0.0002020	1.2e-6
306	4200	0.0001924	1.3e-6
306	4400	0.0001837	1.4e-6
306	4600	0.0001757	1.4e-6
306	4800	0.0001682	1.5e-6
306	5000	0.0001613	1.6e-6
306	5200	0.0001548	1.7e-6
306	5400	0.0001487	1.8e-6
306	5600	0.0001429	2.0e-6
306	5800	0.0001372	2.2e-6
306	6000	0.0001317	2.5e-6
306	6200	0.0001261	2.9e-6
306	6400	0.0001200	3.6e-6
306	6600	0.0001128	4.8e-6
307	200	0.00394046	8.3e-7
307	400	0.00197365	8e-7
307	600	0.00131801	7.8e-7
307	800	0.00099017	7.7e-7
307	1000	0.00079344	7.6e-7
307	1200	0.00066227	7.5e-7
307	1400	0.00056856	7.5e-7
307	1600	0.00049826	7.5e-7
307	1800	0.00044356	7.6e-7
307	2000	0.00039978	7.8e-7
307	2200	0.00036395	8e-7
307	2400	0.00033407	8.3e-7
307	2600	0.00030877	8.6e-7
307	2800	0.00028706	9e-7
307	3000	0.00026822	9.4e-7
307	3200	0.00025171	9.8e-7
307	3400	0.0002371	1.0e-6
307	3600	0.0002241	1.1e-6
307	3800	0.0002125	1.1e-6
307	4000	0.0002019	1.2e-6
307	4200	0.0001924	1.3e-6
307	4400	0.0001836	1.3e-6
307	4600	0.0001756	1.4e-6
307	4800	0.0001681	1.5e-6
307	5000	0.0001612	1.6e-6
307	5200	0.0001548	1.7e-6
307	5400	0.0001487	1.8e-6
307	5600	0.0001429	1.9e-6
307	5800	0.0001373	2.1e-6
307	6000	0.0001318	2.3e-6
307	6200	0.0001263	2.7e-6
307	6400	0.0001206	3.2e-6
307	6600	0.0001142	4.1e-6
307	6800	0.0001056	6.1e-6
308	200	0.00394157	8.2e-7
308	400	0.00197416	8e-7
308	600	0.00131832	7.8e-7
308	800	0.00099038	7.6e-7
308	1000	0.00079359	7.5e-7
308	1200	0.00066237	7.5e-7
308	1400	0.00056863	7.4e-7
308	1600	0.00049830	7.5e-7
308	1800	0.00044359	7.6e-7
308	2000	0.00039980	7.7e-7
308	2200	0.00036395	7.9e-7
308	2400	0.00033405	8.2e-7
308	2600	0.00030874	8.5e-7
308	2800	0.00028702	8.9e-7
308	3000	0.00026818	9.3e-7
308	3200	0.00025166	9.7e-7
308	3400	0.0002371	1.0e-6
308	3600	0.0002241	1.1e-6
308	3800	0.0002124	1.1e-6
308	4000	0.0002019	1.2e-6
308	4200	0.0001923	1.2e-6
308	4400	0.0001835	1.3e-6
308	4600	0.0001755	1.4e-6
308	4800	0.0001681	1.5e-6
308	5000	0.0001612	1.5e-6
308	5200	0.0001547	1.6e-6
308	5400	0.0001486	1.7e-6
308	5600	0.0001428	1.8e-6
308	5800	0.0001373	2.0e-6
308	6000	0.0001319	2.2e-6
308	6200	0.0001265	2.5e-6
308	6400	0.0001210	2.9e-6
308	6600	0.0001152	3.6e-6
308	6800	0.0001081	4.8e-6
308	7000	9.58e-5	9.1e-6
309	200	0.00394268	8.2e-7
309	400	0.00197467	8e-7
309	600	0.00131863	7.8e-7
309	800	0.00099058	7.6e-7
309	1000	0.00079373	7.5e-7
309	1200	0.00066247	7.4e-7
309	1400	0.00056870	7.4e-7
309	1600	0.00049835	7.4e-7
309	1800	0.00044361	7.5e-7
309	2000	0.00039981	7.7e-7
309	2200	0.00036395	7.9e-7
309	2400	0.00033404	8.1e-7
309	2600	0.00030872	8.4e-7
309	2800	0.00028699	8.8e-7
309	3000	0.00026814	9.2e-7
309	3200	0.00025162	9.6e-7
309	3400	0.0002370	1.0e-6
309	3600	0.0002240	1.1e-6
309	3800	0.0002123	1.1e-6
309	4000	0.0002018	1.2e-6
309	4200	0.0001922	1.2e-6
309	4400	0.0001835	1.3e-6
309	4600	0.0001754	1.4e-6
309	4800	0.0001680	1.4e-6
309	5000	0.0001611	1.5e-6
309	5200	0.0001546	1.6e-6
309	5400	0.0001486	1.7e-6
309	5600	0.0001428	1.8e-6
309	5800	0.0001373	1.9e-6
309	6000	0.0001319	2.1e-6
309	6200	0.0001267	2.3e-6
309	6400	0.0001214	2.7e-6
309	6600	0.0001158	3.2e-6
309	6800	0.0001096	4.1e-6
309	7000	0.0001014	5.8e-6
310	200	0.00394379	8.1e-7
310	400	0.00197517	7.9e-7
310	600	0.00131893	7.7e-7
310	800	0.00099078	7.6e-7
310	1000	0.00079387	7.4e-7
310	1200	0.00066257	7.4e-7
310	1400	0.00056877	7.4e-7
310	1600	0.00049840	7.4e-7
310	1800	0.00044364	7.5e-7
310	2000	0.00039982	7.6e-7
310	2200	0.00036395	7.8e-7
310	2400	0.00033403	8e-7
310	2600	0.00030870	8.3e-7
310	2800	0.00028696	8.7e-7
310	3000	0.00026810	9e-7
310	3200	0.00025157	9.5e-7
310	3400	0.00023696	9.9e-7
310	3600	0.0002239	1.0e-6
310	3800	0.0002123	1.1e-6
310	4000	0.0002017	1.1e-6
310	4200	0.0001921	1.2e-6
310	4400	0.0001834	1.3e-6
310	4600	0.0001754	1.3e-6
310	4800	0.0001679	1.4e-6
310	5000	0.0001610	1.5e-6
310	5200	0.0001546	1.5e-6
310	5400	0.0001485	1.6e-6
310	5600	0.0001428	1.7e-6
310	5800	0.0001373	1.9e-6
310	6000	0.0001320	2.0e-6
310	6200	0.0001268	2.2e-6
310	6400	0.0001216	2.5e-6
310	6600	0.0001163	2.9e-6
310	6800	0.0001106	3.6e-6
310	7000	0.0001038	4.7e-6
310	7200	9.34e-5	7.2e-6
310	7400	3.83e-5	6.7e-6
310	7600	2.66e-5	3.0e-6
310	7800	2.18e-5	2.1e-6
310	8000	1.89e-5	1.7e-6
310	8200	1.69e-5	1.4e-6
310	8400	1.54e-5	1.2e-6
310	8600	1.42e-5	1.1e-6
310	8800	1.325e-5	9.8e-7
310	9000	1.244e-5	8.9e-7
310	9200	1.174e-5	8.2e-7
310	9400	1.114e-5	7.6e-7
310	9600	1.062e-5	7.1e-7
310	9800	1.015e-5	6.6e-7
310	10000	9.73e-6	6.3e-7
311	200	0.00394489	8.1e-7
311	400	0.00197568	7.9e-7
311	600	0.00131924	7.7e-7
311	800	0.00099099	7.5e-7
311	1000	0.00079401	7.4e-7
311	1200	0.00066268	7.3e-7
311	1400	0.00056884	7.3e-7
311	1600	0.00049845	7.3e-7
311	1800	0.00044367	7.4e-7
311	2000	0.00039984	7.5e-7
311	2200	0.00036395	7.7e-7
311	2400	0.00033402	8e-7
311	2600	0.00030868	8.2e-7
311	2800	0.00028693	8.6e-7
311	3000	0.00026807	8.9e-7
311	3200	0.00025153	9.4e-7
311	3400	0.00023692	9.8e-7
311	3600	0.0002239	1.0e-6
311	3800	0.0002122	1.1e-6
311	4000	0.0002017	1.1e-6
311	4200	0.0001921	1.2e-6
311	4400	0.0001833	1.2e-6
311	4600	0.0001753	1.3e-6
311	4800	0.0001679	1.4e-6
311	5000	0.0001610	1.4e-6
311	5200	0.0001545	1.5e-6
311	5400	0.0001485	1.6e-6
311	5600	0.0001428	1.7e-6
311	5800	0.0001373	1.8e-6
311	6000	0.0001321	1.9e-6
311	6200	0.0001269	2.1e-6
311	6400	0.0001219	2.4e-6
311	6600	0.0001167	2.7e-6
311	6800	0.0001113	3.2e-6
311	7000	0.0001053	4.0e-6
311	7200	9.76e-5	5.4e-6
311	7400	8.31e-5	9.4e-6
311	7600	3.89e-5	5.9e-6
311	7800	2.76e-5	2.8e-6
311	8000	2.27e-5	2.1e-6
311	8200	1.96e-5	1.7e-6
311	8400	1.75e-5	1.4e-6
311	8600	1.59e-5	1.2e-6
311	8800	1.47e-5	1.1e-6
311	9000	1.364e-5	9.7e-7
311	9200	1.279e-5	8.9e-7
311	9400	1.206e-5	8.1e-7
311	9600	1.144e-5	7.6e-7
311	9800	1.089e-5	7.1e-7
311	10000	1.040e-5	6.6e-7
312	200	0.00394598	8.1e-7
312	400	0.00197618	7.8e-7
312	600	0.00131954	7.7e-7
312	800	0.00099119	7.5e-7
312	1000	0.00079416	7.4e-7
312	1200	0.00066278	7.3e-7
312	1400	0.00056891	7.3e-7
312	1600	0.00049849	7.3e-7
312	1800	0.00044370	7.4e-7
312	2000	0.00039985	7.5e-7
312	2200	0.00036395	7.7e-7
312	2400	0.00033402	7.9e-7
312	2600	0.00030866	8.2e-7
312	2800	0.00028691	8.5e-7
312	3000	0.00026803	8.9e-7
312	3200	0.00025149	9.3e-7
312	3400	0.00023687	9.7e-7
312	3600	0.0002238	1.0e-6
312	3800	0.0002122	1.1e-6
312	4000	0.0002016	1.1e-6
312	4200	0.0001920	1.2e-6
312	4400	0.0001833	1.2e-6
312	4600	0.0001752	1.3e-6
312	4800	0.0001678	1.3e-6
312	5000	0.0001609	1.4e-6
312	5200	0.0001545	1.5e-6
312	5400	0.0001484	1.6e-6
312	5600	0.0001427	1.6e-6
312	5800	0.0001373	1.7e-6
312	6000	0.0001321	1.9e-6
312	6200	0.0001270	2.0e-6
312	6400	0.0001220	2.2e-6
312	6600	0.0001170	2.5e-6
312	6800	0.0001119	2.9e-6
312	7000	0.0001063	3.5e-6
312	7200	9.98e-5	4.5e-6
312	7400	9.08e-5	6.2e-6
312	7600	7.0e-5	1.1e-5
312	7800	3.89e-5	5.0e-6
312	8000	2.85e-5	2.7e-6
312	8200	2.34e-5	2.0e-6
312	8400	2.03e-5	1.6e-6
312	8600	1.81e-5	1.4e-6
312	8800	1.64e-5	1.2e-6
312	9000	1.51e-5	1.1e-6
312	9200	1.403e-5	9.6e-7
312	9400	1.314e-5	8.8e-7
312	9600	1.238e-5	8.1e-7
312	9800	1.173e-5	7.5e-7
312	10000	1.116e-5	7e-7
313	200	0.00394707	8e-7
313	400	0.00197668	7.8e-7
313	600	0.00131984	7.6e-7
313	800	0.00099140	7.5e-7
313	1000	0.00079430	7.3e-7
313	1200	0.00066288	7.3e-7
313	1400	0.00056899	7.2e-7
313	1600	0.00049854	7.2e-7
313	1800	0.00044374	7.3e-7
313	2000	0.00039987	7.4e-7
313	2200	0.00036396	7.6e-7
313	2400	0.00033401	7.8e-7
313	2600	0.00030865	8.1e-7
313	2800	0.00028689	8.4e-7
313	3000	0.00026800	8.8e-7
313	3200	0.00025146	9.1e-7
313	3400	0.00023683	9.6e-7
313	3600	0.0002238	1.0e-6
313	3800	0.0002121	1.0e-6
313	4000	0.0002016	1.1e-6
313	4200	0.0001920	1.2e-6
313	4400	0.0001832	1.2e-6
313	4600	0.0001752	1.3e-6
313	4800	0.0001677	1.3e-6
313	5000	0.0001609	1.4e-6
313	5200	0.0001544	1.4e-6
313	5400	0.0001484	1.5e-6
313	5600	0.0001427	1.6e-6
313	5800	0.0001373	1.7e-6
313	6000	0.0001321	1.8e-6
313	6200	0.0001271	1.9e-6
313	6400	0.0001222	2.1e-6
313	6600	0.0001173	2.4e-6
313	6800	0.0001123	2.7e-6
313	7000	0.0001071	3.2e-6
313	7200	0.0001012	3.9e-6
313	7400	9.41e-5	5.1e-6
313	7600	8.34e-5	7.0e-6
313	7800	6.06e-5	8.7e-6
313	8000	3.87e-5	4.4e-6
313	8200	2.91e-5	2.5e-6
313	8400	2.41e-5	1.9e-6
313	8600	2.09e-5	1.6e-6
313	8800	1.86e-5	1.3e-6
313	9000	1.69e-5	1.2e-6
313	9200	1.55e-5	1.0e-6
313	9400	1.440e-5	9.5e-7
313	9600	1.348e-5	8.7e-7
313	9800	1.269e-5	8e-7
313	10000	1.202e-5	7.5e-7
314	200	0.00394816	8e-7
314	400	0.00197718	7.8e-7
314	600	0.00132015	7.6e-7
314	800	0.00099160	7.4e-7
314	1000	0.00079444	7.3e-7
314	1200	0.00066298	7.2e-7
314	1400	0.00056906	7.2e-7
314	1600	0.00049860	7.2e-7
314	1800	0.00044377	7.3e-7
314	2000	0.00039989	7.4e-7
314	2200	0.00036396	7.6e-7
314	2400	0.00033400	7.8e-7
314	2600	0.00030863	8e-7
314	2800	0.00028686	8.3e-7
314	3000	0.00026797	8.7e-7
314	3200	0.00025142	9e-7
314	3400	0.00023679	9.5e-7
314	3600	0.00022375	9.9e-7
314	3800	0.0002121	1.0e-6
314	4000	0.0002015	1.1e-6
314	4200	0.0001919	1.1e-6
314	4400	0.0001832	1.2e-6
314	4600	0.0001751	1.2e-6
314	4800	0.0001677	1.3e-6
314	5000	0.0001608	1.4e-6
314	5200	0.0001544	1.4e-6
314	5400	0.0001484	1.5e-6
314	5600	0.0001427	1.6e-6
314	5800	0.0001373	1.6e-6
314	6000	0.0001322	1.7e-6
314	6200	0.0001272	1.9e-6
314	6400	0.0001223	2.0e-6
314	6600	0.0001175	2.2e-6
314	6800	0.0001127	2.5e-6
314	7000	0.0001077	2.9e-6
314	7200	0.0001023	3.5e-6
314	7400	9.61e-5	4.3e-6
314	7600	8.82e-5	5.6e-6
314	7800	7.56e-5	7.3e-6
314	8000	5.48e-5	6.8e-6
314	8200	3.82e-5	3.8e-6
314	8400	2.96e-5	2.4e-6
314	8600	2.47e-5	1.8e-6
314	8800	2.14e-5	1.5e-6
314	9000	1.91e-5	1.3e-6
314	9200	1.73e-5	1.1e-6
314	9400	1.59e-5	1.0e-6
314	9600	1.477e-5	9.3e-7
314	9800	1.381e-5	8.5e-7
314	10000	1.300e-5	7.9e-7
315	200	0.00394924	8e-7
315	400	0.00197767	7.7e-7
315	600	0.00132045	7.5e-7
315	800	0.00099180	7.4e-7
315	1000	0.00079459	7.3e-7
315	1200	0.00066309	7.2e-7
315	1400	0.00056913	7.2e-7
315	1600	0.00049865	7.2e-7
315	1800	0.00044380	7.2e-7
315	2000	0.00039991	7.3e-7
315	2200	0.00036397	7.5e-7
315	2400	0.00033400	7.7e-7
315	2600	0.00030862	8e-7
315	2800	0.00028685	8.2e-7
315	3000	0.00026795	8.6e-7
315	3200	0.00025139	8.9e-7
315	3400	0.00023675	9.3e-7
315	3600	0.00022371	9.8e-7
315	3800	0.0002120	1.0e-6
315	4000	0.0002015	1.1e-6
315	4200	0.0001919	1.1e-6
315	4400	0.0001831	1.2e-6
315	4600	0.0001751	1.2e-6
315	4800	0.0001676	1.3e-6
315	5000	0.0001608	1.3e-6
315	5200	0.0001543	1.4e-6
315	5400	0.0001483	1.5e-6
315	5600	0.0001427	1.5e-6
315	5800	0.0001373	1.6e-6
315	6000	0.0001322	1.7e-6
315	6200	0.0001272	1.8e-6
315	6400	0.0001224	1.9e-6
315	6600	0.0001177	2.1e-6
315	6800	0.0001130	2.3e-6
315	7000	0.0001082	2.7e-6
315	7200	0.0001031	3.1e-6
315	7400	9.75e-5	3.8e-6
315	7600	9.09e-5	4.7e-6
315	7800	8.21e-5	6.0e-6
315	8000	6.84e-5	6.8e-6
315	8200	5.09e-5	5.6e-6
315	8400	3.77e-5	3.4e-6
315	8600	2.99e-5	2.2e-6
315	8800	2.51e-5	1.7e-6
315	9000	2.19e-5	1.4e-6
315	9200	1.95e-5	1.2e-6
315	9400	1.77e-5	1.1e-6
315	9600	1.629e-5	1.00e-6
315	9800	1.512e-5	9.1e-7
315	10000	1.413e-5	8.4e-7
316	200	0.00395031	7.9e-7
316	400	0.00197817	7.7e-7
316	600	0.00132075	7.5e-7
316	800	0.00099200	7.4e-7
316	1000	0.00079473	7.2e-7
316	1200	0.00066319	7.2e-7
316	1400	0.00056921	7.1e-7
316	1600	0.00049870	7.1e-7
316	1800	0.00044384	7.2e-7
316	2000	0.00039993	7.3e-7
316	2200	0.00036398	7.4e-7
316	2400	0.00033400	7.6e-7
316	2600	0.00030861	7.9e-7
316	2800	0.00028683	8.2e-7
316	3000	0.00026792	8.5e-7
316	3200	0.00025136	8.9e-7
316	3400	0.00023672	9.2e-7
316	3600	0.00022367	9.7e-7
316	3800	0.0002120	1.0e-6
316	4000	0.0002014	1.1e-6
316	4200	0.0001918	1.1e-6
316	4400	0.0001831	1.2e-6
316	4600	0.0001750	1.2e-6
316	4800	0.0001676	1.3e-6
316	5000	0.0001607	1.3e-6
316	5200	0.0001543	1.4e-6
316	5400	0.0001483	1.4e-6
316	5600	0.0001427	1.5e-6
316	5800	0.0001373	1.6e-6
316	6000	0.0001322	1.6e-6
316	6200	0.0001273	1.7e-6
316	6400	0.0001226	1.9e-6
316	6600	0.0001179	2.0e-6
316	6800	0.0001133	2.2e-6
316	7000	0.0001086	2.5e-6
316	7200	0.0001038	2.9e-6
316	7400	9.86e-5	3.4e-6
316	7600	9.28e-5	4.1e-6
316	7800	8.57e-5	5.1e-6
316	8000	7.60e-5	6.1e-6
316	8200	6.24e-5	6.1e-6
316	8400	4.80e-5	4.7e-6
316	8600	3.71e-5	3.0e-6
316	8800	3.01e-5	2.1e-6
316	9000	2.55e-5	1.6e-6
316	9200	2.23e-5	1.4e-6
316	9400	1.99e-5	1.2e-6
316	9600	1.81e-5	1.1e-6
316	9800	1.665e-5	9.7e-7
316	10000	1.545e-5	8.9e-7
317	200	0.00395138	7.9e-7
317	400	0.00197866	7.7e-7
317	600	0.00132105	7.5e-7
317	800	0.00099220	7.3e-7
317	1000	0.00079487	7.2e-7
317	1200	0.00066329	7.1e-7
317	1400	0.00056928	7.1e-7
317	1600	0.00049875	7.1e-7
317	1800	0.00044387	7.1e-7
317	2000	0.00039995	7.2e-7
317	2200	0.00036399	7.4e-7
317	2400	0.00033400	7.6e-7
317	2600	0.00030860	7.8e-7
317	2800	0.00028681	8.1e-7
317	3000	0.00026790	8.4e-7
317	3200	0.00025133	8.8e-7
317	3400	0.00023668	9.1e-7
317	3600	0.00022363	9.5e-7
317	3800	0.00021193	1.00e-6
317	4000	0.0002014	1.0e-6
317	4200	0.0001918	1.1e-6
317	4400	0.0001830	1.1e-6
317	4600	0.0001750	1.2e-6
317	4800	0.0001676	1.2e-6
317	5000	0.0001607	1.3e-6
317	5200	0.0001543	1.3e-6
317	5400	0.0001483	1.4e-6
317	5600	0.0001426	1.5e-6
317	5800	0.0001373	1.5e-6
317	6000	0.0001322	1.6e-6
317	6200	0.0001273	1.7e-6
317	6400	0.0001226	1.8e-6
317	6600	0.0001180	1.9e-6
317	6800	0.0001135	2.1e-6
317	7000	0.0001090	2.3e-6
317	7200	0.0001043	2.6e-6
317	7400	9.94e-5	3.1e-6
317	7600	9.41e-5	3.6e-6
317	7800	8.80e-5	4.4e-6
317	8000	8.04e-5	5.3e-6
317	8200	7.03e-5	5.9e-6
317	8400	5.78e-5	5.4e-6
317	8600	4.57e-5	4.1e-6
317	8800	3.64e-5	2.8e-6
317	9000	3.01e-5	2.0e-6
317	9200	2.58e-5	1.5e-6
317	9400	2.27e-5	1.3e-6
317	9600	2.03e-5	1.1e-6
317	9800	1.85e-5	1.0e-6
317	10000	1.698e-5	9.4e-7
318	200	0.00395245	7.8e-7
318	400	0.00197915	7.6e-7
318	600	0.00132134	7.4e-7
318	800	0.00099241	7.3e-7
318	1000	0.00079502	7.2e-7
318	1200	0.00066340	7.1e-7
318	1400	0.00056936	7.1e-7
318	1600	0.00049880	7.1e-7
318	1800	0.00044391	7.1e-7
318	2000	0.00039997	7.2e-7
318	2200	0.00036400	7.3e-7
318	2400	0.00033400	7.5e-7
318	2600	0.00030860	7.8e-7
318	2800	0.00028680	8e-7
318	3000	0.00026788	8.3e-7
318	3200	0.00025130	8.7e-7
318	3400	0.00023665	9e-7
318	3600	0.00022360	9.4e-7
318	3800	0.00021189	9.8e-7
318	4000	0.0002013	1.0e-6
318	4200	0.0001917	1.1e-6
318	4400	0.0001830	1.1e-6
318	4600	0.0001749	1.2e-6
318	4800	0.0001675	1.2e-6
318	5000	0.0001606	1.3e-6
318	5200	0.0001542	1.3e-6
318	5400	0.0001483	1.4e-6
318	5600	0.0001426	1.4e-6
318	5800	0.0001373	1.5e-6
318	6000	0.0001322	1.6e-6
318	6200	0.0001274	1.6e-6
318	6400	0.0001227	1.7e-6
318	6600	0.0001182	1.8e-6
318	6800	0.0001137	2.0e-6
318	7000	0.0001093	2.2e-6
318	7200	0.0001048	2.5e-6
318	7400	0.0001001	2.8e-6
318	7600	9.51e-5	3.3e-6
318	7800	8.96e-5	3.9e-6
318	8000	8.32e-5	4.6e-6
318	8200	7.53e-5	5.3e-6
318	8400	6.53e-5	5.5e-6
318	8600	5.40e-5	4.7e-6
318	8800	4.38e-5	3.6e-6
318	9000	3.58e-5	2.5e-6
318	9200	3.01e-5	1.8e-6
318	9400	2.60e-5	1.5e-6
318	9600	2.29e-5	1.3e-6
318	9800	2.06e-5	1.1e-6
318	10000	1.88e-5	1.0e-6
319	200	0.00395351	7.8e-7
319	400	0.00197964	7.6e-7
319	600	0.00132164	7.4e-7
319	800	0.00099261	7.3e-7
319	1000	0.00079516	7.1e-7
319	1200	0.00066350	7.1e-7
319	1400	0.00056943	7e-7
319	1600	0.00049886	7e-7
319	1800	0.00044395	7.1e-7
319	2000	0.00039999	7.2e-7
319	2200	0.00036401	7.3e-7
319	2400	0.00033400	7.5e-7
319	2600	0.00030859	7.7e-7
319	2800	0.00028678	8e-7
319	3000	0.00026786	8.3e-7
319	3200	0.00025128	8.6e-7
319	3400	0.00023662	8.9e-7
319	3600	0.00022357	9.3e-7
319	3800	0.00021186	9.7e-7
319	4000	0.0002013	1.0e-6
319	4200	0.0001917	1.1e-6
319	4400	0.0001829	1.1e-6
319	4600	0.0001749	1.1e-6
319	4800	0.0001675	1.2e-6
319	5000	0.0001606	1.2e-6
319	5200	0.0001542	1.3e-6
319	5400	0.0001482	1.3e-6
319	5600	0.0001426	1.4e-6
319	5800	0.0001373	1.5e-6
319	6000	0.0001323	1.5e-6
319	6200	0.0001274	1.6e-6
319	6400	0.0001228	1.7e-6
319	6600	0.0001183	1.8e-6
319	6800	0.0001139	1.9e-6
319	7000	0.0001095	2.1e-6
319	7200	0.0001051	2.3e-6
319	7400	0.0001007	2.6e-6
319	7600	9.60e-5	3.0e-6
319	7800	9.09e-5	3.5e-6
319	8000	8.52e-5	4.1e-6
319	8200	7.86e-5	4.8e-6
319	8400	7.05e-5	5.2e-6
319	8600	6.09e-5	5.0e-6
319	8800	5.10e-5	4.2e-6
319	9000	4.22e-5	3.2e-6
319	9200	3.52e-5	2.3e-6
319	9400	3.00e-5	1.7e-6
319	9600	2.61e-5	1.4e-6
319	9800	2.32e-5	1.2e-6
319	10000	2.09e-5	1.1e-6
320	200	0.00395456	7.8e-7
320	400	0.00198013	7.6e-7
320	600	0.00132194	7.4e-7
320	800	0.00099281	7.2e-7
320	1000	0.00079530	7.1e-7
320	1200	0.00066360	7e-7
320	1400	0.00056951	7e-7
320	1600	0.00049891	7e-7
320	1800	0.00044398	7e-7
320	2000	0.00040002	7.1e-7
320	2200	0.00036402	7.2e-7
320	2400	0.00033401	7.4e-7
320	2600	0.00030858	7.6e-7
320	2800	0.00028677	7.9e-7
320	3000	0.00026784	8.2e-7
320	3200	0.00025125	8.5e-7
320	3400	0.00023659	8.8e-7
320	3600	0.00022353	9.2e-7
320	3800	0.00021182	9.6e-7
320	4000	0.0002012	1.0e-6
320	4200	0.0001916	1.0e-6
320	4400	0.0001829	1.1e-6
320	4600	0.0001748	1.1e-6
320	4800	0.0001674	1.2e-6
320	5000	0.0001606	1.2e-6
320	5200	0.0001542	1.3e-6
320	5400	0.0001482	1.3e-6
320	5600	0.0001426	1.4e-6
320	5800	0.0001373	1.4e-6
320	6000	0.0001323	1.5e-6
320	6200	0.0001275	1.5e-6
320	6400	0.0001229	1.6e-6
320	6600	0.0001184	1.7e-6
320	6800	0.0001140	1.8e-6
320	7000	0.0001098	2.0e-6
320	7200	0.0001055	2.2e-6
320	7400	0.0001011	2.4e-6
320	7600	9.66e-5	2.7e-6
320	7800	9.19e-5	3.2e-6
320	8000	8.68e-5	3.7e-6
320	8200	8.09e-5	4.3e-6
320	8400	7.41e-5	4.8e-6
320	8600	6.61e-5	5.0e-6
320	8800	5.72e-5	4.5e-6
320	9000	4.84e-5	3.7e-6
320	9200	4.08e-5	2.8e-6
320	9400	3.46e-5	2.1e-6
320	9600	2.98e-5	1.6e-6
320	9800	2.62e-5	1.3e-6
320	10000	2.34e-5	1.2e-6
321	200	0.00395562	7.7e-7
321	400	0.00198061	7.5e-7
321	600	0.00132223	7.4e-7
321	800	0.00099301	7.2e-7
321	1000	0.00079544	7.1e-7
321	1200	0.00066371	7e-7
321	1400	0.00056958	7e-7
321	1600	0.00049897	7e-7
321	1800	0.00044402	7e-7
321	2000	0.00040004	7.1e-7
321	2200	0.00036404	7.2e-7
321	2400	0.00033401	7.4e-7
321	2600	0.00030858	7.6e-7
321	2800	0.00028676	7.8e-7
321	3000	0.00026783	8.1e-7
321	3200	0.00025123	8.4e-7
321	3400	0.00023657	8.8e-7
321	3600	0.00022351	9.1e-7
321	3800	0.00021179	9.5e-7
321	4000	0.00020121	9.9e-7
321	4200	0.0001916	1.0e-6
321	4400	0.0001828	1.1e-6
321	4600	0.0001748	1.1e-6
321	4800	0.0001674	1.2e-6
321	5000	0.0001605	1.2e-6
321	5200	0.0001542	1.3e-6
321	5400	0.0001482	1.3e-6
321	5600	0.0001426	1.3e-6
321	5800	0.0001373	1.4e-6
321	6000	0.0001323	1.4e-6
321	6200	0.0001275	1.5e-6
321	6400	0.0001229	1.6e-6
321	6600	0.0001185	1.7e-6
321	6800	0.0001142	1.8e-6
321	7000	0.0001100	1.9e-6
321	7200	0.0001058	2.0e-6
321	7400	0.0001015	2.3e-6
321	7600	9.72e-5	2.5e-6
321	7800	9.27e-5	2.9e-6
321	8000	8.79e-5	3.3e-6
321	8200	8.27e-5	3.8e-6
321	8400	7.68e-5	4.3e-6
321	8600	6.99e-5	4.7e-6
321	8800	6.22e-5	4.6e-6
321	9000	5.40e-5	4.1e-6
321	9200	4.63e-5	3.3e-6
321	9400	3.95e-5	2.6e-6
321	9600	3.40e-5	2.0e-6
321	9800	2.96e-5	1.6e-6
321	10000	2.62e-5	1.3e-6
322	200	0.00395666	7.7e-7
322	400	0.00198110	7.5e-7
322	600	0.00132253	7.3e-7
322	800	0.00099321	7.2e-7
322	1000	0.00079559	7.1e-7
322	1200	0.00066381	7e-7
322	1400	0.00056966	6.9e-7
322	1600	0.00049902	6.9e-7
322	1800	0.00044406	7e-7
322	2000	0.00040007	7e-7
322	2200	0.00036405	7.2e-7
322	2400	0.00033402	7.3e-7
322	2600	0.00030858	7.5e-7
322	2800	0.00028675	7.8e-7
322	3000	0.00026781	8e-7
322	3200	0.00025121	8.3e-7
322	3400	0.00023654	8.7e-7
322	3600	0.00022348	9e-7
322	3800	0.00021176	9.4e-7
322	4000	0.00020118	9.8e-7
322	4200	0.0001916	1.0e-6
322	4400	0.0001828	1.1e-6
322	4600	0.0001748	1.1e-6
322	4800	0.0001674	1.1e-6
322	5000	0.0001605	1.2e-6
322	5200	0.0001541	1.2e-6
322	5400	0.0001482	1.3e-6
322	5600	0.0001426	1.3e-6
322	5800	0.0001373	1.4e-6
322	6000	0.0001323	1.4e-6
322	6200	0.0001275	1.5e-6
322	6400	0.0001230	1.5e-6
322	6600	0.0001186	1.6e-6
322	6800	0.0001143	1.7e-6
322	7000	0.0001101	1.8e-6
322	7200	0.0001060	1.9e-6
322	7400	0.0001019	2.1e-6
322	7600	9.77e-5	2.4e-6
322	7800	9.34e-5	2.7e-6
322	8000	8.89e-5	3.0e-6
322	8200	8.41e-5	3.5e-6
322	8400	7.87e-5	3.9e-6
322	8600	7.28e-5	4.3e-6
322	8800	6.60e-5	4.5e-6
322	9000	5.87e-5	4.3e-6
322	9200	5.13e-5	3.7e-6
322	9400	4.44e-5	3.0e-6
322	9600	3.84e-5	2.4e-6
322	9800	3.34e-5	1.8e-6
322	10000	2.94e-5	1.5e-6
323	200	0.00395771	7.7e-7
323	400	0.00198158	7.5e-7
323	600	0.00132282	7.3e-7
323	800	0.00099341	7.1e-7
323	1000	0.00079573	7e-7
323	1200	0.00066392	6.9e-7
323	1400	0.00056974	6.9e-7
323	1600	0.00049908	6.9e-7
323	1800	0.00044410	6.9e-7
323	2000	0.00040009	7e-7
323	2200	0.00036407	7.1e-7
323	2400	0.00033402	7.3e-7
323	2600	0.00030858	7.5e-7
323	2800	0.00028674	7.7e-7
323	3000	0.00026780	8e-7
323	3200	0.00025120	8.3e-7
323	3400	0.00023652	8.6e-7
323	3600	0.00022345	8.9e-7
323	3800	0.00021173	9.3e-7
323	4000	0.00020115	9.7e-7
323	4200	0.0001915	1.0e-6
323	4400	0.0001828	1.0e-6
323	4600	0.0001747	1.1e-6
323	4800	0.0001673	1.1e-6
323	5000	0.0001605	1.2e-6
323	5200	0.0001541	1.2e-6
323	5400	0.0001481	1.3e-6
323	5600	0.0001426	1.3e-6
323	5800	0.0001373	1.3e-6
323	6000	0.0001323	1.4e-6
323	6200	0.0001276	1.4e-6
323	6400	0.0001230	1.5e-6
323	6600	0.0001187	1.6e-6
323	6800	0.0001144	1.6e-6
323	7000	0.0001103	1.7e-6
323	7200	0.0001062	1.9e-6
323	7400	0.0001022	2.0e-6
323	7600	9.81e-5	2.2e-6
323	7800	9.40e-5	2.5e-6
323	8000	8.97e-5	2.8e-6
323	8200	8.52e-5	3.2e-6
323	8400	8.03e-5	3.6e-6
323	8600	7.49e-5	4.0e-6
323	8800	6.90e-5	4.2e-6
323	9000	6.25e-5	4.2e-6
323	9200	5.56e-5	3.9e-6
323	9400	4.89e-5	3.4e-6
323	9600	4.27e-5	2.7e-6
323	9800	3.74e-5	2.2e-6
323	10000	3.28e-5	1.7e-6
324	200	0.00395874	7.6e-7
324	400	0.00198206	7.4e-7
324	600	0.00132312	7.3e-7
324	800	0.00099361	7.1e-7
324	1000	0.00079587	7e-7
324	1200	0.00066402	6.9e-7
324	1400	0.00056982	6.9e-7
324	1600	0.00049914	6.9e-7
324	1800	0.00044414	6.9e-7
324	2000	0.00040012	7e-7
324	2200	0.00036408	7.1e-7
324	2400	0.00033403	7.2e-7
324	2600	0.00030858	7.4e-7
324	2800	0.00028674	7.6e-7
324	3000	0.00026779	7.9e-7
324	3200	0.00025118	8.2e-7
324	3400	0.00023650	8.5e-7
324	3600	0.00022343	8.8e-7
324	3800	0.00021170	9.2e-7
324	4000	0.00020112	9.5e-7
324	4200	0.00019152	9.9e-7
324	4400	0.0001828	1.0e-6
324	4600	0.0001747	1.1e-6
324	4800	0.0001673	1.1e-6
324	5000	0.0001605	1.2e-6
324	5200	0.0001541	1.2e-6
324	5400	0.0001481	1.2e-6
324	5600	0.0001425	1.3e-6
324	5800	0.0001373	1.3e-6
324	6000	0.0001323	1.4e-6
324	6200	0.0001276	1.4e-6
324	6400	0.0001231	1.5e-6
324	6600	0.0001187	1.5e-6
324	6800	0.0001145	1.6e-6
324	7000	0.0001104	1.7e-6
324	7200	0.0001064	1.8e-6
324	7400	0.0001025	1.9e-6
324	7600	9.85e-5	2.1e-6
324	7800	9.45e-5	2.3e-6
324	8000	9.04e-5	2.6e-6
324	8200	8.61e-5	2.9e-6
324	8400	8.16e-5	3.3e-6
324	8600	7.67e-5	3.6e-6
324	8800	7.13e-5	3.9e-6
324	9000	6.55e-5	4.1e-6
324	9200	5.93e-5	4.0e-6
324	9400	5.29e-5	3.6e-6
324	9600	4.68e-5	3.0e-6
324	9800	4.13e-5	2.5e-6
324	10000	3.64e-5	2.0e-6
325	200	0.00395978	7.6e-7
325	400	0.00198254	7.4e-7
325	600	0.00132341	7.2e-7
325	800	0.00099381	7.1e-7
325	1000	0.00079602	7e-7
325	1200	0.00066413	6.9e-7
325	1400	0.00056989	6.8e-7
325	1600	0.00049919	6.8e-7
325	1800	0.00044418	6.9e-7
325	2000	0.00040015	6.9e-7
325	2200	0.00036410	7e-7
325	2400	0.00033404	7.2e-7
325	2600	0.00030858	7.4e-7
325	2800	0.00028673	7.6e-7
325	3000	0.00026777	7.8e-7
325	3200	0.00025116	8.1e-7
325	3400	0.00023648	8.4e-7
325	3600	0.00022340	8.7e-7
325	3800	0.00021168	9.1e-7
325	4000	0.00020109	9.4e-7
325	4200	0.00019149	9.8e-7
325	4400	0.0001827	1.0e-6
325	4600	0.0001747	1.1e-6
325	4800	0.0001673	1.1e-6
325	5000	0.0001604	1.1e-6
325	5200	0.0001541	1.2e-6
325	5400	0.0001481	1.2e-6
325	5600	0.0001425	1.3e-6
325	5800	0.0001373	1.3e-6
325	6000	0.0001323	1.3e-6
325	6200	0.0001276	1.4e-6
325	6400	0.0001231	1.4e-6
325	6600	0.0001188	1.5e-6
325	6800	0.0001146	1.5e-6
325	7000	0.0001106	1.6e-6
325	7200	0.0001066	1.7e-6
325	7400	0.0001027	1.8e-6
325	7600	9.88e-5	2.0e-6
325	7800	9.49e-5	2.2e-6
325	8000	9.10e-5	2.4e-6
325	8200	8.69e-5	2.7e-6
325	8400	8.26e-5	3.0e-6
325	8600	7.81e-5	3.3e-6
325	8800	7.32e-5	3.7e-6
325	9000	6.79e-5	3.9e-6
325	9200	6.23e-5	3.9e-6
325	9400	5.64e-5	3.7e-6
325	9600	5.05e-5	3.3e-6
325	9800	4.50e-5	2.8e-6
325	10000	4.00e-5	2.3e-6
326	200	0.00396081	7.6e-7
326	400	0.00198301	7.4e-7
326	600	0.00132370	7.2e-7
326	800	0.00099401	7.1e-7
326	1000	0.00079616	6.9e-7
326	1200	0.00066423	6.9e-7
326	1400	0.00056997	6.8e-7
326	1600	0.00049925	6.8e-7
326	1800	0.00044422	6.8e-7
326	2000	0.00040018	6.9e-7
326	2200	0.00036412	7e-7
326	2400	0.00033405	7.1e-7
326	2600	0.00030858	7.3e-7
326	2800	0.00028673	7.5e-7
326	3000	0.00026776	7.8e-7
326	3200	0.00025115	8e-7
326	3400	0.00023646	8.3e-7
326	3600	0.00022338	8.6e-7
326	3800	0.00021165	9e-7
326	4000	0.00020107	9.3e-7
326	4200	0.00019146	9.7e-7
326	4400	0.0001827	1.0e-6
326	4600	0.0001747	1.0e-6
326	4800	0.0001673	1.1e-6
326	5000	0.0001604	1.1e-6
326	5200	0.0001540	1.2e-6
326	5400	0.0001481	1.2e-6
326	5600	0.0001425	1.2e-6
326	5800	0.0001373	1.3e-6
326	6000	0.0001323	1.3e-6
326	6200	0.0001276	1.4e-6
326	6400	0.0001232	1.4e-6
326	6600	0.0001189	1.4e-6
326	6800	0.0001147	1.5e-6
326	7000	0.0001107	1.6e-6
326	7200	0.0001068	1.7e-6
326	7400	0.0001029	1.8e-6
326	7600	9.91e-5	1.9e-6
326	7800	9.53e-5	2.0e-6
326	8000	9.15e-5	2.2e-6
326	8200	8.75e-5	2.5e-6
326	8400	8.35e-5	2.8e-6
326	8600	7.92e-5	3.1e-6
326	8800	7.47e-5	3.4e-6
326	9000	6.99e-5	3.6e-6
326	9200	6.47e-5	3.7e-6
326	9400	5.93e-5	3.7e-6
326	9600	5.38e-5	3.4e-6
326	9800	4.84e-5	3.0e-6
326	10000	4.34e-5	2.5e-6
327	200	0.00396183	7.5e-7
327	400	0.00198349	7.3e-7
327	600	0.00132399	7.2e-7
327	800	0.00099420	7e-7
327	1000	0.00079630	6.9e-7
327	1200	0.00066434	6.8e-7
327	1400	0.00057005	6.8e-7
327	1600	0.00049931	6.8e-7
327	1800	0.00044427	6.8e-7
327	2000	0.00040021	6.8e-7
327	2200	0.00036414	7e-7
327	2400	0.00033406	7.1e-7
327	2600	0.00030858	7.3e-7
327	2800	0.00028672	7.5e-7
327	3000	0.00026776	7.7e-7
327	3200	0.00025114	8e-7
327	3400	0.00023645	8.3e-7
327	3600	0.00022336	8.6e-7
327	3800	0.00021163	8.9e-7
327	4000	0.00020104	9.2e-7
327	4200	0.00019143	9.6e-7
327	4400	0.00018267	9.9e-7
327	4600	0.0001746	1.0e-6
327	4800	0.0001672	1.1e-6
327	5000	0.0001604	1.1e-6
327	5200	0.0001540	1.1e-6
327	5400	0.0001481	1.2e-6
327	5600	0.0001425	1.2e-6
327	5800	0.0001373	1.3e-6
327	6000	0.0001323	1.3e-6
327	6200	0.0001277	1.3e-6
327	6400	0.0001232	1.4e-6
327	6600	0.0001189	1.4e-6
327	6800	0.0001148	1.5e-6
327	7000	0.0001108	1.5e-6
327	7200	0.0001069	1.6e-6
327	7400	0.0001031	1.7e-6
327	7600	9.94e-5	1.8e-6
327	7800	9.57e-5	1.9e-6
327	8000	9.19e-5	2.1e-6
327	8200	8.81e-5	2.3e-6
327	8400	8.42e-5	2.6e-6
327	8600	8.02e-5	2.8e-6
327	8800	7.59e-5	3.1e-6
327	9000	7.15e-5	3.4e-6
327	9200	6.67e-5	3.5e-6
327	9400	6.17e-5	3.6e-6
327	9600	5.66e-5	3.5e-6
327	9800	5.15e-5	3.2e-6
327	10000	4.65e-5	2.8e-6
328	200	0.00396285	7.5e-7
328	400	0.00198396	7.3e-7
328	600	0.00132428	7.1e-7
328	800	0.00099440	7e-7
328	1000	0.00079644	6.9e-7
328	1200	0.00066444	6.8e-7
328	1400	0.00057013	6.7e-7
328	1600	0.00049937	6.7e-7
328	1800	0.00044431	6.8e-7
328	2000	0.00040024	6.8e-7
328	2200	0.00036416	6.9e-7
328	2400	0.00033407	7e-7
328	2600	0.00030859	7.2e-7
328	2800	0.00028672	7.4e-7
328	3000	0.00026775	7.6e-7
328	3200	0.00025112	7.9e-7
328	3400	0.00023643	8.2e-7
328	3600	0.00022334	8.5e-7
328	3800	0.00021161	8.8e-7
328	4000	0.00020102	9.1e-7
328	4200	0.00019141	9.5e-7
328	4400	0.00018264	9.8e-7
328	4600	0.0001746	1.0e-6
328	4800	0.0001672	1.1e-6
328	5000	0.0001604	1.1e-6
328	5200	0.0001540	1.1e-6
328	5400	0.0001481	1.2e-6
328	5600	0.0001425	1.2e-6
328	5800	0.0001373	1.2e-6
328	6000	0.0001324	1.3e-6
328	6200	0.0001277	1.3e-6
328	6400	0.0001232	1.3e-6
328	6600	0.0001190	1.4e-6
328	6800	0.0001149	1.4e-6
328	7000	0.0001109	1.5e-6
328	7200	0.0001071	1.6e-6
328	7400	0.0001033	1.6e-6
328	7600	9.96e-5	1.7e-6
328	7800	9.60e-5	1.9e-6
328	8000	9.23e-5	2.0e-6
328	8200	8.86e-5	2.2e-6
328	8400	8.49e-5	2.4e-6
328	8600	8.10e-5	2.6e-6
328	8800	7.70e-5	2.9e-6
328	9000	7.28e-5	3.1e-6
328	9200	6.84e-5	3.3e-6
328	9400	6.38e-5	3.4e-6
328	9600	5.90e-5	3.4e-6
328	9800	5.41e-5	3.2e-6
328	10000	4.94e-5	2.9e-6
329	200	0.00396387	7.5e-7
329	400	0.00198443	7.3e-7
329	600	0.00132457	7.1e-7
329	800	0.00099460	7e-7
329	1000	0.00079658	6.9e-7
329	1200	0.00066455	6.8e-7
329	1400	0.00057020	6.7e-7
329	1600	0.00049942	6.7e-7
329	1800	0.00044435	6.7e-7
329	2000	0.00040027	6.8e-7
329	2200	0.00036418	6.9e-7
329	2400	0.00033408	7e-7
329	2600	0.00030859	7.2e-7
329	2800	0.00028672	7.4e-7
329	3000	0.00026774	7.6e-7
329	3200	0.00025111	7.8e-7
329	3400	0.00023642	8.1e-7
329	3600	0.00022333	8.4e-7
329	3800	0.00021159	8.7e-7
329	4000	0.00020100	9e-7
329	4200	0.00019139	9.4e-7
329	4400	0.00018262	9.7e-7
329	4600	0.0001746	1.0e-6
329	4800	0.0001672	1.0e-6
329	5000	0.0001603	1.1e-6
329	5200	0.0001540	1.1e-6
329	5400	0.0001481	1.1e-6
329	5600	0.0001425	1.2e-6
329	5800	0.0001373	1.2e-6
329	6000	0.0001324	1.2e-6
329	6200	0.0001277	1.3e-6
329	6400	0.0001233	1.3e-6
329	6600	0.0001190	1.4e-6
329	6800	0.0001149	1.4e-6
329	7000	0.0001110	1.5e-6
329	7200	0.0001072	1.5e-6
329	7400	0.0001035	1.6e-6
329	7600	9.99e-5	1.7e-6
329	7800	9.63e-5	1.8e-6
329	8000	9.27e-5	1.9e-6
329	8200	8.91e-5	2.1e-6
329	8400	8.54e-5	2.2e-6
329	8600	8.17e-5	2.5e-6
329	8800	7.79e-5	2.7e-6
329	9000	7.40e-5	2.9e-6
329	9200	6.98e-5	3.1e-6
329	9400	6.55e-5	3.3e-6
329	9600	6.10e-5	3.3e-6
329	9800	5.65e-5	3.2e-6
329	10000	5.19e-5	3.0e-6
330	200	0.00396488	7.4e-7
330	400	0.00198490	7.2e-7
330	600	0.00132486	7.1e-7
330	800	0.00099479	6.9e-7
330	1000	0.00079673	6.8e-7
330	1200	0.00066465	6.7e-7
330	1400	0.00057028	6.7e-7
330	1600	0.00049948	6.7e-7
330	1800	0.00044439	6.7e-7
330	2000	0.00040030	6.7e-7
330	2200	0.00036420	6.8e-7
330	2400	0.00033409	7e-7
330	2600	0.00030860	7.1e-7
330	2800	0.00028672	7.3e-7
330	3000	0.00026774	7.5e-7
330	3200	0.00025110	7.8e-7
330	3400	0.00023640	8e-7
330	3600	0.00022331	8.3e-7
330	3800	0.00021157	8.6e-7
330	4000	0.00020098	8.9e-7
330	4200	0.00019137	9.3e-7
330	4400	0.00018260	9.6e-7
330	4600	0.00017456	9.9e-7
330	4800	0.0001672	1.0e-6
330	5000	0.0001603	1.1e-6
330	5200	0.0001540	1.1e-6
330	5400	0.0001480	1.1e-6
330	5600	0.0001425	1.2e-6
330	5800	0.0001373	1.2e-6
330	6000	0.0001324	1.2e-6
330	6200	0.0001277	1.3e-6
330	6400	0.0001233	1.3e-6
330	6600	0.0001191	1.3e-6
330	6800	0.0001150	1.4e-6
330	7000	0.0001111	1.4e-6
330	7200	0.0001073	1.5e-6
330	7400	0.0001037	1.5e-6
330	7600	0.0001001	1.6e-6
330	7800	9.65e-5	1.7e-6
330	8000	9.30e-5	1.8e-6
330	8200	8.95e-5	1.9e-6
330	8400	8.60e-5	2.1e-6
330	8600	8.24e-5	2.3e-6
330	8800	7.87e-5	2.5e-6
330	9000	7.49e-5	2.7e-6
330	9200	7.10e-5	2.9e-6
330	9400	6.70e-5	3.1e-6
330	9600	6.28e-5	3.2e-6
330	9800	5.85e-5	3.2e-6
330	10000	5.41e-5	3.0e-6
331	200	0.00396589	7.4e-7
331	400	0.00198537	7.2e-7
331	600	0.00132514	7.1e-7
331	800	0.00099499	6.9e-7
331	1000	0.00079687	6.8e-7
331	1200	0.00066476	6.7e-7
331	1400	0.00057036	6.7e-7
331	1600	0.00049954	6.6e-7
331	1800	0.00044444	6.7e-7
331	2000	0.00040033	6.7e-7
331	2200	0.00036422	6.8e-7
331	2400	0.00033411	6.9e-7
331	2600	0.00030860	7.1e-7
331	2800	0.00028672	7.3e-7
331	3000	0.00026773	7.5e-7
331	3200	0.00025109	7.7e-7
331	3400	0.00023639	8e-7
331	3600	0.00022329	8.2e-7
331	3800	0.00021155	8.5e-7
331	4000	0.00020096	8.8e-7
331	4200	0.00019135	9.2e-7
331	4400	0.00018258	9.5e-7
331	4600	0.00017454	9.8e-7
331	4800	0.0001671	1.0e-6
331	5000	0.0001603	1.0e-6
331	5200	0.0001540	1.1e-6
331	5400	0.0001480	1.1e-6
331	5600	0.0001425	1.1e-6
331	5800	0.0001373	1.2e-6
331	6000	0.0001324	1.2e-6
331	6200	0.0001277	1.2e-6
331	6400	0.0001233	1.3e-6
331	6600	0.0001191	1.3e-6
331	6800	0.0001151	1.3e-6
331	7000	0.0001112	1.4e-6
331	7200	0.0001074	1.4e-6
331	7400	0.0001038	1.5e-6
331	7600	0.0001002	1.6e-6
331	7800	9.67e-5	1.6e-6
331	8000	9.33e-5	1.7e-6
331	8200	8.98e-5	1.9e-6
331	8400	8.64e-5	2.0e-6
331	8600	8.29e-5	2.2e-6
331	8800	7.94e-5	2.3e-6
331	9000	7.58e-5	2.5e-6
331	9200	7.21e-5	2.7e-6
331	9400	6.82e-5	2.9e-6
331	9600	6.43e-5	3.0e-6
331	9800	6.02e-5	3.1e-6
331	10000	5.61e-5	3.0e-6
332	200	0.00396689	7.4e-7
332	400	0.00198583	7.2e-7
332	600	0.00132543	7e-7
332	800	0.00099519	6.9e-7
332	1000	0.00079701	6.8e-7
332	1200	0.00066486	6.7e-7
332	1400	0.00057044	6.6e-7
332	1600	0.00049960	6.6e-7
332	1800	0.00044448	6.6e-7
332	2000	0.00040036	6.7e-7
332	2200	0.00036424	6.8e-7
332	2400	0.00033412	6.9e-7
332	2600	0.00030861	7e-7
332	2800	0.00028672	7.2e-7
332	3000	0.00026773	7.4e-7
332	3200	0.00025109	7.6e-7
332	3400	0.00023638	7.9e-7
332	3600	0.00022328	8.2e-7
332	3800	0.00021154	8.5e-7
332	4000	0.00020094	8.8e-7
332	4200	0.00019133	9.1e-7
332	4400	0.00018256	9.4e-7
332	4600	0.00017452	9.7e-7
332	4800	0.0001671	1.0e-6
332	5000	0.0001603	1.0e-6
332	5200	0.0001539	1.1e-6
332	5400	0.0001480	1.1e-6
332	5600	0.0001425	1.1e-6
332	5800	0.0001373	1.2e-6
332	6000	0.0001324	1.2e-6
332	6200	0.0001277	1.2e-6
332	6400	0.0001233	1.3e-6
332	6600	0.0001192	1.3e-6
332	6800	0.0001151	1.3e-6
332	7000	0.0001113	1.4e-6
332	7200	0.0001075	1.4e-6
332	7400	0.0001039	1.4e-6
332	7600	0.0001004	1.5e-6
332	7800	9.70e-5	1.6e-6
332	8000	9.36e-5	1.7e-6
332	8200	9.02e-5	1.8e-6
332	8400	8.68e-5	1.9e-6
332	8600	8.34e-5	2.0e-6
332	8800	8.00e-5	2.2e-6
332	9000	7.65e-5	2.4e-6
332	9200	7.30e-5	2.6e-6
332	9400	6.93e-5	2.7e-6
332	9600	6.56e-5	2.9e-6
332	9800	6.18e-5	2.9e-6
332	10000	5.79e-5	2.9e-6
333	200	0.00396789	7.3e-7
333	400	0.00198630	7.2e-7
333	600	0.00132571	7e-7
333	800	0.00099538	6.9e-7
333	1000	0.00079715	6.7e-7
333	1200	0.00066497	6.7e-7
333	1400	0.00057052	6.6e-7
333	1600	0.00049966	6.6e-7
333	1800	0.00044453	6.6e-7
333	2000	0.00040040	6.7e-7
333	2200	0.00036427	6.7e-7
333	2400	0.00033413	6.8e-7
333	2600	0.00030862	7e-7
333	2800	0.00028672	7.2e-7
333	3000	0.00026772	7.4e-7
333	3200	0.00025108	7.6e-7
333	3400	0.00023637	7.8e-7
333	3600	0.00022327	8.1e-7
333	3800	0.00021152	8.4e-7
333	4000	0.00020092	8.7e-7
333	4200	0.00019131	9e-7
333	4400	0.00018254	9.3e-7
333	4600	0.00017451	9.6e-7
333	4800	0.00016711	9.9e-7
333	5000	0.0001603	1.0e-6
333	5200	0.0001539	1.1e-6
333	5400	0.0001480	1.1e-6
333	5600	0.0001425	1.1e-6
333	5800	0.0001373	1.1e-6
333	6000	0.0001324	1.2e-6
333	6200	0.0001278	1.2e-6
333	6400	0.0001234	1.2e-6
333	6600	0.0001192	1.3e-6
333	6800	0.0001152	1.3e-6
333	7000	0.0001113	1.3e-6
333	7200	0.0001076	1.4e-6
333	7400	0.0001041	1.4e-6
333	7600	0.0001006	1.5e-6
333	7800	9.71e-5	1.5e-6
333	8000	9.38e-5	1.6e-6
333	8200	9.05e-5	1.7e-6
333	8400	8.72e-5	1.8e-6
333	8600	8.39e-5	1.9e-6
333	8800	8.06e-5	2.1e-6
333	9000	7.72e-5	2.2e-6
333	9200	7.38e-5	2.4e-6
333	9400	7.03e-5	2.6e-6
333	9600	6.67e-5	2.7e-6
333	9800	6.31e-5	2.8e-6
333	10000	5.94e-5	2.8e-6
334	200	0.00396889	7.3e-7
334	400	0.00198676	7.1e-7
334	600	0.00132600	7e-7
334	800	0.00099558	6.8e-7
334	1000	0.00079729	6.7e-7
334	1200	0.00066507	6.6e-7
334	1400	0.00057060	6.6e-7
334	1600	0.00049972	6.6e-7
334	1800	0.00044457	6.6e-7
334	2000	0.00040043	6.6e-7
334	2200	0.00036429	6.7e-7
334	2400	0.00033415	6.8e-7
334	2600	0.00030862	6.9e-7
334	2800	0.00028672	7.1e-7
334	3000	0.00026772	7.3e-7
334	3200	0.00025107	7.5e-7
334	3400	0.00023636	7.8e-7
334	3600	0.00022326	8e-7
334	3800	0.00021151	8.3e-7
334	4000	0.00020091	8.6e-7
334	4200	0.00019129	8.9e-7
334	4400	0.00018252	9.2e-7
334	4600	0.00017449	9.5e-7
334	4800	0.00016709	9.8e-7
334	5000	0.0001603	1.0e-6
334	5200	0.0001539	1.0e-6
334	5400	0.0001480	1.1e-6
334	5600	0.0001425	1.1e-6
334	5800	0.0001373	1.1e-6
334	6000	0.0001324	1.2e-6
334	6200	0.0001278	1.2e-6
334	6400	0.0001234	1.2e-6
334	6600	0.0001192	1.2e-6
334	6800	0.0001152	1.3e-6
334	7000	0.0001114	1.3e-6
334	7200	0.0001077	1.3e-6
334	7400	0.0001042	1.4e-6
334	7600	0.0001007	1.4e-6
334	7800	9.73e-5	1.5e-6
334	8000	9.40e-5	1.5e-6
334	8200	9.07e-5	1.6e-6
334	8400	8.75e-5	1.7e-6
334	8600	8.43e-5	1.8e-6
334	8800	8.10e-5	2.0e-6
334	9000	7.78e-5	2.1e-6
334	9200	7.45e-5	2.3e-6
334	9400	7.11e-5	2.4e-6
334	9600	6.77e-5	2.5e-6
334	9800	6.42e-5	2.7e-6
334	10000	6.07e-5	2.7e-6
335	200	0.00396988	7.3e-7
335	400	0.00198722	7.1e-7
335	600	0.00132628	6.9e-7
335	800	0.00099577	6.8e-7
335	1000	0.00079743	6.7e-7
335	1200	0.00066518	6.6e-7
335	1400	0.00057068	6.6e-7
335	1600	0.00049979	6.5e-7
335	1800	0.00044462	6.5e-7
335	2000	0.00040046	6.6e-7
335	2200	0.00036431	6.7e-7
335	2400	0.00033417	6.8e-7
335	2600	0.00030863	6.9e-7
335	2800	0.00028673	7.1e-7
335	3000	0.00026772	7.3e-7
335	3200	0.00025107	7.5e-7
335	3400	0.00023635	7.7e-7
335	3600	0.00022324	8e-7
335	3800	0.00021149	8.2e-7
335	4000	0.00020089	8.5e-7
335	4200	0.00019128	8.8e-7
335	4400	0.00018251	9.1e-7
335	4600	0.00017447	9.4e-7
335	4800	0.00016708	9.7e-7
335	5000	0.00016024	1.00e-6
335	5200	0.0001539	1.0e-6
335	5400	0.0001480	1.1e-6
335	5600	0.0001425	1.1e-6
335	5800	0.0001373	1.1e-6
335	6000	0.0001324	1.1e-6
335	6200	0.0001278	1.2e-6
335	6400	0.0001234	1.2e-6
335	6600	0.0001193	1.2e-6
335	6800	0.0001153	1.2e-6
335	7000	0.0001115	1.3e-6
335	7200	0.0001078	1.3e-6
335	7400	0.0001043	1.3e-6
335	7600	0.0001008	1.4e-6
335	7800	9.75e-5	1.4e-6
335	8000	9.42e-5	1.5e-6
335	8200	9.10e-5	1.6e-6
335	8400	8.78e-5	1.6e-6
335	8600	8.46e-5	1.7e-6
335	8800	8.15e-5	1.9e-6
335	9000	7.83e-5	2.0e-6
335	9200	7.51e-5	2.1e-6
335	9400	7.19e-5	2.3e-6
335	9600	6.86e-5	2.4e-6
335	9800	6.53e-5	2.5e-6
335	10000	6.19e-5	2.6e-6
336	200	0.00397086	7.2e-7
336	400	0.00198768	7.1e-7
336	600	0.00132656	6.9e-7
336	800	0.00099597	6.8e-7
336	1000	0.00079757	6.7e-7
336	1200	0.00066528	6.6e-7
336	1400	0.00057076	6.5e-7
336	1600	0.00049985	6.5e-7
336	1800	0.00044467	6.5e-7
336	2000	0.00040050	6.6e-7
336	2200	0.00036434	6.6e-7
336	2400	0.00033418	6.7e-7
336	2600	0.00030864	6.9e-7
336	2800	0.00028673	7e-7
336	3000	0.00026772	7.2e-7
336	3200	0.00025106	7.4e-7
336	3400	0.00023634	7.6e-7
336	3600	0.00022323	7.9e-7
336	3800	0.00021148	8.1e-7
336	4000	0.00020088	8.4e-7
336	4200	0.00019126	8.7e-7
336	4400	0.00018249	9e-7
336	4600	0.00017446	9.3e-7
336	4800	0.00016706	9.6e-7
336	5000	0.00016023	9.9e-7
336	5200	0.0001539	1.0e-6
336	5400	0.0001480	1.0e-6
336	5600	0.0001425	1.1e-6
336	5800	0.0001373	1.1e-6
336	6000	0.0001324	1.1e-6
336	6200	0.0001278	1.2e-6
336	6400	0.0001235	1.2e-6
336	6600	0.0001193	1.2e-6
336	6800	0.0001153	1.2e-6
336	7000	0.0001115	1.3e-6
336	7200	0.0001079	1.3e-6
336	7400	0.0001044	1.3e-6
336	7600	0.0001010	1.4e-6
336	7800	9.77e-5	1.4e-6
336	8000	9.44e-5	1.4e-6
336	8200	9.12e-5	1.5e-6
336	8400	8.81e-5	1.6e-6
336	8600	8.50e-5	1.7e-6
336	8800	8.19e-5	1.8e-6
336	9000	7.88e-5	1.9e-6
336	9200	7.57e-5	2.0e-6
336	9400	7.26e-5	2.1e-6
336	9600	6.94e-5	2.3e-6
336	9800	6.62e-5	2.4e-6
336	10000	6.29e-5	2.5e-6
337	200	0.00397185	7.2e-7
337	400	0.00198813	7e-7
337	600	0.00132684	6.9e-7
337	800	0.00099616	6.8e-7
337	1000	0.00079772	6.6e-7
337	1200	0.00066539	6.6e-7
337	1400	0.00057084	6.5e-7
337	1600	0.00049991	6.5e-7
337	1800	0.00044471	6.5e-7
337	2000	0.00040053	6.5e-7
337	2200	0.00036436	6.6e-7
337	2400	0.00033420	6.7e-7
337	2600	0.00030865	6.8e-7
337	2800	0.00028674	7e-7
337	3000	0.00026772	7.2e-7
337	3200	0.00025106	7.4e-7
337	3400	0.00023634	7.6e-7
337	3600	0.00022323	7.8e-7
337	3800	0.00021147	8.1e-7
337	4000	0.00020087	8.3e-7
337	4200	0.00019125	8.6e-7
337	4400	0.00018248	8.9e-7
337	4600	0.00017445	9.2e-7
337	4800	0.00016705	9.5e-7
337	5000	0.00016022	9.7e-7
337	5200	0.0001539	1.0e-6
337	5400	0.0001480	1.0e-6
337	5600	0.0001425	1.1e-6
337	5800	0.0001373	1.1e-6
337	6000	0.0001324	1.1e-6
337	6200	0.0001278	1.1e-6
337	6400	0.0001235	1.2e-6
337	6600	0.0001193	1.2e-6
337	6800	0.0001154	1.2e-6
337	7000	0.0001116	1.2e-6
337	7200	0.0001080	1.3e-6
337	7400	0.0001045	1.3e-6
337	7600	0.0001011	1.3e-6
337	7800	9.78e-5	1.4e-6
337	8000	9.46e-5	1.4e-6
337	8200	9.14e-5	1.5e-6
337	8400	8.83e-5	1.5e-6
337	8600	8.53e-5	1.6e-6
337	8800	8.23e-5	1.7e-6
337	9000	7.92e-5	1.8e-6
337	9200	7.62e-5	1.9e-6
337	9400	7.32e-5	2.0e-6
337	9600	7.01e-5	2.1e-6
337	9800	6.70e-5	2.3e-6
337	10000	6.39e-5	2.3e-6
338	200	0.00397283	7.2e-7
338	400	0.00198859	7e-7
338	600	0.00132713	6.9e-7
338	800	0.00099635	6.7e-7
338	1000	0.00079786	6.6e-7
338	1200	0.00066549	6.5e-7
338	1400	0.00057092	6.5e-7
338	1600	0.00049997	6.5e-7
338	1800	0.00044476	6.5e-7
338	2000	0.00040057	6.5e-7
338	2200	0.00036439	6.6e-7
338	2400	0.00033422	6.7e-7
338	2600	0.00030867	6.8e-7
338	2800	0.00028674	6.9e-7
338	3000	0.00026772	7.1e-7
338	3200	0.00025106	7.3e-7
338	3400	0.00023633	7.5e-7
338	3600	0.00022322	7.8e-7
338	3800	0.00021146	8e-7
338	4000	0.00020086	8.3e-7
338	4200	0.00019124	8.5e-7
338	4400	0.00018247	8.8e-7
338	4600	0.00017443	9.1e-7
338	4800	0.00016704	9.4e-7
338	5000	0.00016021	9.6e-7
338	5200	0.00015387	9.9e-7
338	5400	0.0001480	1.0e-6
338	5600	0.0001425	1.0e-6
338	5800	0.0001373	1.1e-6
338	6000	0.0001324	1.1e-6
338	6200	0.0001278	1.1e-6
338	6400	0.0001235	1.1e-6
338	6600	0.0001194	1.2e-6
338	6800	0.0001154	1.2e-6
338	7000	0.0001117	1.2e-6
338	7200	0.0001080	1.2e-6
338	7400	0.0001046	1.3e-6
338	7600	0.0001012	1.3e-6
338	7800	9.79e-5	1.3e-6
338	8000	9.48e-5	1.4e-6
338	8200	9.16e-5	1.4e-6
338	8400	8.86e-5	1.5e-6
338	8600	8.56e-5	1.5e-6
338	8800	8.26e-5	1.6e-6
338	9000	7.96e-5	1.7e-6
338	9200	7.67e-5	1.8e-6
338	9400	7.37e-5	1.9e-6
338	9600	7.07e-5	2.0e-6
338	9800	6.77e-5	2.1e-6
338	10000	6.47e-5	2.2e-6
339	200	0.00397380	7.2e-7
339	400	0.00198904	7e-7
339	600	0.00132741	6.8e-7
339	800	0.00099655	6.7e-7
339	1000	0.00079800	6.6e-7
339	1200	0.00066560	6.5e-7
339	1400	0.00057100	6.5e-7
339	1600	0.00050003	6.4e-7
339	1800	0.00044481	6.4e-7
339	2000	0.00040060	6.5e-7
339	2200	0.00036441	6.5e-7
339	2400	0.00033424	6.6e-7
339	2600	0.00030868	6.7e-7
339	2800	0.00028675	6.9e-7
339	3000	0.00026772	7.1e-7
339	3200	0.00025105	7.3e-7
339	3400	0.00023633	7.5e-7
339	3600	0.00022321	7.7e-7
339	3800	0.00021145	7.9e-7
339	4000	0.00020085	8.2e-7
339	4200	0.00019123	8.4e-7
339	4400	0.00018245	8.7e-7
339	4600	0.00017442	9e-7
339	4800	0.00016703	9.2e-7
339	5000	0.00016020	9.5e-7
339	5200	0.00015386	9.8e-7
339	5400	0.0001480	1.0e-6
339	5600	0.0001425	1.0e-6
339	5800	0.0001373	1.1e-6
339	6000	0.0001324	1.1e-6
339	6200	0.0001279	1.1e-6
339	6400	0.0001235	1.1e-6
339	6600	0.0001194	1.1e-6
339	6800	0.0001155	1.2e-6
339	7000	0.0001117	1.2e-6
339	7200	0.0001081	1.2e-6
339	7400	0.0001046	1.2e-6
339	7600	0.0001013	1.3e-6
339	7800	9.81e-5	1.3e-6
339	8000	9.49e-5	1.3e-6
339	8200	9.18e-5	1.4e-6
339	8400	8.88e-5	1.4e-6
339	8600	8.58e-5	1.5e-6
339	8800	8.29e-5	1.6e-6
339	9000	8.00e-5	1.6e-6
339	9200	7.71e-5	1.7e-6
339	9400	7.42e-5	1.8e-6
339	9600	7.13e-5	1.9e-6
339	9800	6.84e-5	2.0e-6
339	10000	6.55e-5	2.1e-6
340	200	0.00397477	7.1e-7
340	400	0.00198949	7e-7
340	600	0.00132768	6.8e-7
340	800	0.00099674	6.7e-7
340	1000	0.00079814	6.6e-7
340	1200	0.00066571	6.5e-7
340	1400	0.00057108	6.4e-7
340	1600	0.00050009	6.4e-7
340	1800	0.00044485	6.4e-7
340	2000	0.00040064	6.4e-7
340	2200	0.00036444	6.5e-7
340	2400	0.00033425	6.6e-7
340	2600	0.00030869	6.7e-7
340	2800	0.00028676	6.8e-7
340	3000	0.00026773	7e-7
340	3200	0.00025105	7.2e-7
340	3400	0.00023632	7.4e-7
340	3600	0.00022320	7.6e-7
340	3800	0.00021144	7.9e-7
340	4000	0.00020084	8.1e-7
340	4200	0.00019121	8.4e-7
340	4400	0.00018244	8.6e-7
340	4600	0.00017441	8.9e-7
340	4800	0.00016702	9.1e-7
340	5000	0.00016019	9.4e-7
340	5200	0.00015386	9.7e-7
340	5400	0.00014796	9.9e-7
340	5600	0.0001425	1.0e-6
340	5800	0.0001373	1.0e-6
340	6000	0.0001324	1.1e-6
340	6200	0.0001279	1.1e-6
340	6400	0.0001235	1.1e-6
340	6600	0.0001194	1.1e-6
340	6800	0.0001155	1.2e-6
340	7000	0.0001118	1.2e-6
340	7200	0.0001082	1.2e-6
340	7400	0.0001047	1.2e-6
340	7600	0.0001014	1.2e-6
340	7800	9.82e-5	1.3e-6
340	8000	9.50e-5	1.3e-6
340	8200	9.20e-5	1.3e-6
340	8400	8.90e-5	1.4e-6
340	8600	8.61e-5	1.4e-6
340	8800	8.32e-5	1.5e-6
340	9000	8.03e-5	1.6e-6
340	9200	7.75e-5	1.7e-6
340	9400	7.46e-5	1.7e-6
340	9600	7.18e-5	1.8e-6
340	9800	6.90e-5	1.9e-6
340	10000	6.62e-5	2.0e-6
341	200	0.00397574	7.1e-7
341	400	0.00198995	6.9e-7
341	600	0.00132796	6.8e-7
341	800	0.00099693	6.7e-7
341	1000	0.00079828	6.6e-7
341	1200	0.00066581	6.5e-7
341	1400	0.00057117	6.4e-7
341	1600	0.00050015	6.4e-7
341	1800	0.00044490	6.4e-7
341	2000	0.00040068	6.4e-7
341	2200	0.00036447	6.5e-7
341	2400	0.00033427	6.6e-7
341	2600	0.00030870	6.7e-7
341	2800	0.00028677	6.8e-7
341	3000	0.00026773	7e-7
341	3200	0.00025105	7.1e-7
341	3400	0.00023632	7.3e-7
341	3600	0.00022320	7.6e-7
341	3800	0.00021143	7.8e-7
341	4000	0.00020083	8e-7
341	4200	0.00019120	8.3e-7
341	4400	0.00018243	8.5e-7
341	4600	0.00017440	8.8e-7
341	4800	0.00016701	9.1e-7
341	5000	0.00016018	9.3e-7
341	5200	0.00015385	9.6e-7
341	5400	0.00014796	9.8e-7
341	5600	0.0001425	1.0e-6
341	5800	0.0001373	1.0e-6
341	6000	0.0001325	1.1e-6
341	6200	0.0001279	1.1e-6
341	6400	0.0001236	1.1e-6
341	6600	0.0001195	1.1e-6
341	6800	0.0001155	1.1e-6
341	7000	0.0001118	1.2e-6
341	7200	0.0001082	1.2e-6
341	7400	0.0001048	1.2e-6
341	7600	0.0001015	1.2e-6
341	7800	9.83e-5	1.2e-6
341	8000	9.52e-5	1.3e-6
341	8200	9.22e-5	1.3e-6
341	8400	8.92e-5	1.3e-6
341	8600	8.63e-5	1.4e-6
341	8800	8.34e-5	1.4e-6
341	9000	8.06e-5	1.5e-6
341	9200	7.78e-5	1.6e-6
341	9400	7.51e-5	1.7e-6
341	9600	7.23e-5	1.7e-6
341	9800	6.95e-5	1.8e-6
341	10000	6.68e-5	1.9e-6
342	200	0.00397670	7.1e-7
342	400	0.00199039	6.9e-7
342	600	0.00132824	6.8e-7
342	800	0.00099712	6.6e-7
342	1000	0.00079842	6.5e-7
342	1200	0.00066592	6.4e-7
342	1400	0.00057125	6.4e-7
342	1600	0.00050022	6.4e-7
342	1800	0.00044495	6.4e-7
342	2000	0.00040071	6.4e-7
342	2200	0.00036450	6.4e-7
342	2400	0.00033429	6.5e-7
342	2600	0.00030872	6.6e-7
342	2800	0.00028677	6.8e-7
342	3000	0.00026773	6.9e-7
342	3200	0.00025105	7.1e-7
342	3400	0.00023632	7.3e-7
342	3600	0.00022319	7.5e-7
342	3800	0.00021143	7.7e-7
342	4000	0.00020082	8e-7
342	4200	0.00019120	8.2e-7
342	4400	0.00018242	8.5e-7
342	4600	0.00017439	8.7e-7
342	4800	0.00016700	9e-7
342	5000	0.00016017	9.2e-7
342	5200	0.00015384	9.5e-7
342	5400	0.00014795	9.7e-7
342	5600	0.00014246	9.9e-7
342	5800	0.0001373	1.0e-6
342	6000	0.0001325	1.0e-6
342	6200	0.0001279	1.1e-6
342	6400	0.0001236	1.1e-6
342	6600	0.0001195	1.1e-6
342	6800	0.0001156	1.1e-6
342	7000	0.0001119	1.1e-6
342	7200	0.0001083	1.2e-6
342	7400	0.0001049	1.2e-6
342	7600	0.0001016	1.2e-6
342	7800	9.84e-5	1.2e-6
342	8000	9.53e-5	1.2e-6
342	8200	9.23e-5	1.3e-6
342	8400	8.94e-5	1.3e-6
342	8600	8.65e-5	1.4e-6
342	8800	8.37e-5	1.4e-6
342	9000	8.09e-5	1.5e-6
342	9200	7.82e-5	1.5e-6
342	9400	7.54e-5	1.6e-6
342	9600	7.27e-5	1.7e-6
342	9800	7.00e-5	1.7e-6
342	10000	6.74e-5	1.8e-6
343	200	0.00397766	7e-7
343	400	0.00199084	6.9e-7
343	600	0.00132852	6.7e-7
343	800	0.00099731	6.6e-7
343	1000	0.00079856	6.5e-7
343	1200	0.00066602	6.4e-7
343	1400	0.00057133	6.4e-7
343	1600	0.00050028	6.3e-7
343	1800	0.00044500	6.3e-7
343	2000	0.00040075	6.4e-7
343	2200	0.00036452	6.4e-7
343	2400	0.00033431	6.5e-7
343	2600	0.00030873	6.6e-7
343	2800	0.00028678	6.7e-7
343	3000	0.00026774	6.9e-7
343	3200	0.00025105	7.1e-7
343	3400	0.00023631	7.2e-7
343	3600	0.00022319	7.4e-7
343	3800	0.00021142	7.7e-7
343	4000	0.00020081	7.9e-7
343	4200	0.00019119	8.1e-7
343	4400	0.00018241	8.4e-7
343	4600	0.00017438	8.6e-7
343	4800	0.00016699	8.9e-7
343	5000	0.00016017	9.1e-7
343	5200	0.00015384	9.4e-7
343	5400	0.00014795	9.6e-7
343	5600	0.00014245	9.8e-7
343	5800	0.0001373	1.0e-6
343	6000	0.0001325	1.0e-6
343	6200	0.0001279	1.0e-6
343	6400	0.0001236	1.1e-6
343	6600	0.0001195	1.1e-6
343	6800	0.0001156	1.1e-6
343	7000	0.0001119	1.1e-6
343	7200	0.0001084	1.1e-6
343	7400	0.0001049	1.2e-6
343	7600	0.0001017	1.2e-6
343	7800	9.85e-5	1.2e-6
343	8000	9.54e-5	1.2e-6
343	8200	9.24e-5	1.2e-6
343	8400	8.95e-5	1.3e-6
343	8600	8.67e-5	1.3e-6
343	8800	8.39e-5	1.4e-6
343	9000	8.12e-5	1.4e-6
343	9200	7.85e-5	1.5e-6
343	9400	7.58e-5	1.5e-6
343	9600	7.31e-5	1.6e-6
343	9800	7.05e-5	1.7e-6
343	10000	6.79e-5	1.7e-6
344	200	0.00397861	7e-7
344	400	0.00199129	6.9e-7
344	600	0.00132879	6.7e-7
344	800	0.00099750	6.6e-7
344	1000	0.00079870	6.5e-7
344	1200	0.00066613	6.4e-7
344	1400	0.00057141	6.3e-7
344	1600	0.00050034	6.3e-7
344	1800	0.00044505	6.3e-7
344	2000	0.00040079	6.3e-7
344	2200	0.00036455	6.4e-7
344	2400	0.00033434	6.5e-7
344	2600	0.00030875	6.6e-7
344	2800	0.00028679	6.7e-7
344	3000	0.00026774	6.8e-7
344	3200	0.00025106	7e-7
344	3400	0.00023631	7.2e-7
344	3600	0.00022318	7.4e-7
344	3800	0.00021142	7.6e-7
344	4000	0.00020080	7.8e-7
344	4200	0.00019118	8.1e-7
344	4400	0.00018241	8.3e-7
344	4600	0.00017437	8.5e-7
344	4800	0.00016698	8.8e-7
344	5000	0.00016016	9e-7
344	5200	0.00015383	9.3e-7
344	5400	0.00014795	9.5e-7
344	5600	0.00014245	9.7e-7
344	5800	0.00013731	9.9e-7
344	6000	0.0001325	1.0e-6
344	6200	0.0001279	1.0e-6
344	6400	0.0001236	1.1e-6
344	6600	0.0001195	1.1e-6
344	6800	0.0001156	1.1e-6
344	7000	0.0001119	1.1e-6
344	7200	0.0001084	1.1e-6
344	7400	0.0001050	1.1e-6
344	7600	0.0001017	1.2e-6
344	7800	9.86e-5	1.2e-6
344	8000	9.55e-5	1.2e-6
344	8200	9.26e-5	1.2e-6
344	8400	8.97e-5	1.2e-6
344	8600	8.69e-5	1.3e-6
344	8800	8.41e-5	1.3e-6
344	9000	8.14e-5	1.4e-6
344	9200	7.88e-5	1.4e-6
344	9400	7.61e-5	1.5e-6
344	9600	7.35e-5	1.5e-6
344	9800	7.09e-5	1.6e-6
344	10000	6.84e-5	1.7e-6
345	200	0.00397957	7e-7
345	400	0.00199173	6.8e-7
345	600	0.00132907	6.7e-7
345	800	0.00099769	6.6e-7
345	1000	0.00079884	6.5e-7
345	1200	0.00066623	6.4e-7
345	1400	0.00057149	6.3e-7
345	1600	0.00050041	6.3e-7
345	1800	0.00044510	6.3e-7
345	2000	0.00040082	6.3e-7
345	2200	0.00036458	6.4e-7
345	2400	0.00033436	6.4e-7
345	2600	0.00030876	6.5e-7
345	2800	0.00028680	6.7e-7
345	3000	0.00026775	6.8e-7
345	3200	0.00025106	7e-7
345	3400	0.00023631	7.1e-7
345	3600	0.00022318	7.3e-7
345	3800	0.00021141	7.5e-7
345	4000	0.00020080	7.8e-7
345	4200	0.00019117	8e-7
345	4400	0.00018240	8.2e-7
345	4600	0.00017436	8.4e-7
345	4800	0.00016698	8.7e-7
345	5000	0.00016015	8.9e-7
345	5200	0.00015383	9.2e-7
345	5400	0.00014795	9.4e-7
345	5600	0.00014245	9.6e-7
345	5800	0.00013731	9.8e-7
345	6000	0.0001325	1.0e-6
345	6200	0.0001279	1.0e-6
345	6400	0.0001236	1.0e-6
345	6600	0.0001196	1.1e-6
345	6800	0.0001157	1.1e-6
345	7000	0.0001120	1.1e-6
345	7200	0.0001085	1.1e-6
345	7400	0.0001051	1.1e-6
345	7600	0.0001018	1.1e-6
345	7800	9.87e-5	1.2e-6
345	8000	9.57e-5	1.2e-6
345	8200	9.27e-5	1.2e-6
345	8400	8.99e-5	1.2e-6
345	8600	8.71e-5	1.2e-6
345	8800	8.43e-5	1.3e-6
345	9000	8.17e-5	1.3e-6
345	9200	7.90e-5	1.4e-6
345	9400	7.64e-5	1.4e-6
345	9600	7.39e-5	1.5e-6
345	9800	7.13e-5	1.5e-6
345	10000	6.88e-5	1.6e-6
346	200	0.00398051	7e-7
346	400	0.00199217	6.8e-7
346	600	0.00132934	6.7e-7
346	800	0.00099788	6.5e-7
346	1000	0.00079897	6.4e-7
346	1200	0.00066634	6.4e-7
346	1400	0.00057157	6.3e-7
346	1600	0.00050047	6.3e-7
346	1800	0.00044515	6.3e-7
346	2000	0.00040086	6.3e-7
346	2200	0.00036461	6.3e-7
346	2400	0.00033438	6.4e-7
346	2600	0.00030878	6.5e-7
346	2800	0.00028681	6.6e-7
346	3000	0.00026776	6.8e-7
346	3200	0.00025106	6.9e-7
346	3400	0.00023631	7.1e-7
346	3600	0.00022318	7.3e-7
346	3800	0.00021141	7.5e-7
346	4000	0.00020079	7.7e-7
346	4200	0.00019117	7.9e-7
346	4400	0.00018239	8.1e-7
346	4600	0.00017436	8.4e-7
346	4800	0.00016697	8.6e-7
346	5000	0.00016015	8.8e-7
346	5200	0.00015383	9.1e-7
346	5400	0.00014794	9.3e-7
346	5600	0.00014246	9.5e-7
346	5800	0.00013732	9.7e-7
346	6000	0.00013249	9.9e-7
346	6200	0.0001279	1.0e-6
346	6400	0.0001236	1.0e-6
346	6600	0.0001196	1.0e-6
346	6800	0.0001157	1.1e-6
346	7000	0.0001120	1.1e-6
346	7200	0.0001085	1.1e-6
346	7400	0.0001051	1.1e-6
346	7600	0.0001019	1.1e-6
346	7800	9.88e-5	1.1e-6
346	8000	9.58e-5	1.2e-6
346	8200	9.28e-5	1.2e-6
346	8400	9.00e-5	1.2e-6
346	8600	8.72e-5	1.2e-6
346	8800	8.45e-5	1.2e-6
346	9000	8.19e-5	1.3e-6
346	9200	7.93e-5	1.3e-6
346	9400	7.67e-5	1.4e-6
346	9600	7.42e-5	1.4e-6
346	9800	7.17e-5	1.5e-6
346	10000	6.92e-5	1.5e-6
347	200	0.00398146	6.9e-7
347	400	0.00199261	6.8e-7
347	600	0.00132961	6.6e-7
347	800	0.00099807	6.5e-7
347	1000	0.00079911	6.4e-7
347	1200	0.00066644	6.3e-7
347	1400	0.00057165	6.3e-7
347	1600	0.00050053	6.2e-7
347	1800	0.00044519	6.2e-7
347	2000	0.00040090	6.3e-7
347	2200	0.00036464	6.3e-7
347	2400	0.00033440	6.4e-7
347	2600	0.00030879	6.5e-7
347	2800	0.00028682	6.6e-7
347	3000	0.00026776	6.7e-7
347	3200	0.00025107	6.9e-7
347	3400	0.00023631	7e-7
347	3600	0.00022318	7.2e-7
347	3800	0.00021140	7.4e-7
347	4000	0.00020079	7.6e-7
347	4200	0.00019116	7.8e-7
347	4400	0.00018239	8.1e-7
347	4600	0.00017435	8.3e-7
347	4800	0.00016696	8.5e-7
347	5000	0.00016014	8.7e-7
347	5200	0.00015382	9e-7
347	5400	0.00014794	9.2e-7
347	5600	0.00014246	9.4e-7
347	5800	0.00013732	9.6e-7
347	6000	0.00013250	9.8e-7
347	6200	0.00012796	1.00e-6
347	6400	0.0001237	1.0e-6
347	6600	0.0001196	1.0e-6
347	6800	0.0001157	1.0e-6
347	7000	0.0001121	1.1e-6
347	7200	0.0001086	1.1e-6
347	7400	0.0001052	1.1e-6
347	7600	0.0001020	1.1e-6
347	7800	9.89e-5	1.1e-6
347	8000	9.58e-5	1.1e-6
347	8200	9.29e-5	1.2e-6
347	8400	9.01e-5	1.2e-6
347	8600	8.74e-5	1.2e-6
347	8800	8.47e-5	1.2e-6
347	9000	8.21e-5	1.2e-6
347	9200	7.95e-5	1.3e-6
347	9400	7.70e-5	1.3e-6
347	9600	7.45e-5	1.4e-6
347	9800	7.20e-5	1.4e-6
347	10000	6.96e-5	1.5e-6
348	200	0.00398240	6.9e-7
348	400	0.00199305	6.7e-7
348	600	0.00132989	6.6e-7
348	800	0.00099826	6.5e-7
348	1000	0.00079925	6.4e-7
348	1200	0.00066655	6.3e-7
348	1400	0.00057173	6.3e-7
348	1600	0.00050060	6.2e-7
348	1800	0.00044524	6.2e-7
348	2000	0.00040094	6.2e-7
348	2200	0.00036467	6.3e-7
348	2400	0.00033442	6.3e-7
348	2600	0.00030881	6.4e-7
348	2800	0.00028684	6.5e-7
348	3000	0.00026777	6.7e-7
348	3200	0.00025107	6.8e-7
348	3400	0.00023631	7e-7
348	3600	0.00022318	7.2e-7
348	3800	0.00021140	7.4e-7
348	4000	0.00020078	7.6e-7
348	4200	0.00019115	7.8e-7
348	4400	0.00018238	8e-7
348	4600	0.00017435	8.2e-7
348	4800	0.00016696	8.4e-7
348	5000	0.00016014	8.6e-7
348	5200	0.00015382	8.9e-7
348	5400	0.00014794	9.1e-7
348	5600	0.00014246	9.3e-7
348	5800	0.00013732	9.5e-7
348	6000	0.00013251	9.7e-7
348	6200	0.00012797	9.9e-7
348	6400	0.0001237	1.0e-6
348	6600	0.0001196	1.0e-6
348	6800	0.0001158	1.0e-6
348	7000	0.0001121	1.1e-6
348	7200	0.0001086	1.1e-6
348	7400	0.0001052	1.1e-6
348	7600	0.0001020	1.1e-6
348	7800	9.89e-5	1.1e-6
348	8000	9.59e-5	1.1e-6
348	8200	9.31e-5	1.1e-6
348	8400	9.02e-5	1.1e-6
348	8600	8.75e-5	1.2e-6
348	8800	8.49e-5	1.2e-6
348	9000	8.23e-5	1.2e-6
348	9200	7.97e-5	1.2e-6
348	9400	7.72e-5	1.3e-6
348	9600	7.48e-5	1.3e-6
348	9800	7.23e-5	1.4e-6
348	10000	6.99e-5	1.4e-6
349	200	0.00398333	6.9e-7
349	400	0.00199349	6.7e-7
349	600	0.00133016	6.6e-7
349	800	0.00099845	6.5e-7
349	1000	0.00079939	6.4e-7
349	1200	0.00066665	6.3e-7
349	1400	0.00057182	6.2e-7
349	1600	0.00050066	6.2e-7
349	1800	0.00044530	6.2e-7
349	2000	0.00040098	6.2e-7
349	2200	0.00036470	6.2e-7
349	2400	0.00033445	6.3e-7
349	2600	0.00030883	6.4e-7
349	2800	0.00028685	6.5e-7
349	3000	0.00026778	6.6e-7
349	3200	0.00025107	6.8e-7
349	3400	0.00023631	6.9e-7
349	3600	0.00022318	7.1e-7
349	3800	0.00021140	7.3e-7
349	4000	0.00020078	7.5e-7
349	4200	0.00019115	7.7e-7
349	4400	0.00018237	7.9e-7
349	4600	0.00017434	8.1e-7
349	4800	0.00016695	8.3e-7
349	5000	0.00016013	8.6e-7
349	5200	0.00015382	8.8e-7
349	5400	0.00014794	9e-7
349	5600	0.00014246	9.2e-7
349	5800	0.00013733	9.4e-7
349	6000	0.00013251	9.6e-7
349	6200	0.00012798	9.8e-7
349	6400	0.00012370	9.9e-7
349	6600	0.0001196	1.0e-6
349	6800	0.0001158	1.0e-6
349	7000	0.0001121	1.0e-6
349	7200	0.0001086	1.1e-6
349	7400	0.0001053	1.1e-6
349	7600	0.0001021	1.1e-6
349	7800	9.90e-5	1.1e-6
349	8000	9.60e-5	1.1e-6
349	8200	9.32e-5	1.1e-6
349	8400	9.04e-5	1.1e-6
349	8600	8.77e-5	1.1e-6
349	8800	8.50e-5	1.2e-6
349	9000	8.24e-5	1.2e-6
349	9200	7.99e-5	1.2e-6
349	9400	7.75e-5	1.2e-6
349	9600	7.50e-5	1.3e-6
349	9800	7.26e-5	1.3e-6
349	10000	7.03e-5	1.4e-6
350	200	0.00398426	6.8e-7
350	400	0.00199393	6.7e-7
350	600	0.00133043	6.6e-7
350	800	0.00099864	6.4e-7
350	1000	0.00079953	6.3e-7
350	1200	0.00066676	6.3e-7
350	1400	0.00057190	6.2e-7
350	1600	0.00050072	6.2e-7
350	1800	0.00044535	6.2e-7
350	2000	0.00040102	6.2e-7
350	2200	0.00036473	6.2e-7
350	2400	0.00033447	6.3e-7
350	2600	0.00030884	6.4e-7
350	2800	0.00028686	6.5e-7
350	3000	0.00026779	6.6e-7
350	3200	0.00025108	6.7e-7
350	3400	0.00023632	6.9e-7
350	3600	0.00022318	7.1e-7
350	3800	0.00021140	7.3e-7
350	4000	0.00020078	7.4e-7
350	4200	0.00019115	7.6e-7
350	4400	0.00018237	7.8e-7
350	4600	0.00017434	8.1e-7
350	4800	0.00016695	8.3e-7
350	5000	0.00016013	8.5e-7
350	5200	0.00015381	8.7e-7
350	5400	0.00014794	8.9e-7
350	5600	0.00014246	9.1e-7
350	5800	0.00013733	9.3e-7
350	6000	0.00013252	9.5e-7
350	6200	0.00012799	9.6e-7
350	6400	0.00012371	9.8e-7
350	6600	0.00011967	1.00e-6
350	6800	0.0001158	1.0e-6
350	7000	0.0001122	1.0e-6
350	7200	0.0001087	1.0e-6
350	7400	0.0001053	1.0e-6
350	7600	0.0001021	1.1e-6
350	7800	9.91e-5	1.1e-6
350	8000	9.61e-5	1.1e-6
350	8200	9.33e-5	1.1e-6
350	8400	9.05e-5	1.1e-6
350	8600	8.78e-5	1.1e-6
350	8800	8.52e-5	1.1e-6
350	9000	8.26e-5	1.2e-6
350	9200	8.01e-5	1.2e-6
350	9400	7.77e-5	1.2e-6
350	9600	7.53e-5	1.2e-6
350	9800	7.29e-5	1.3e-6
350	10000	7.06e-5	1.3e-6