Table: Enthalpy [G]
Pressure {Pa} 	 Temperature {K} 	 Specific Enthalpy {J/Kg}
200000 	 1.968720e+02 	 6.812809e+05
200000 	 197 	 6.813917e+05
200000 	 198 	 6.822505e+05
200000 	 199 	 6.831046e+05
200000 	 200 	 6.839520e+05
200000 	 201 	 6.847744e+05
200000 	 202 	 6.856210e+05
200000 	 203 	 6.864393e+05
200000 	 204 	 6.872443e+05
200000 	 205 	 6.880683e+05
200000 	 206 	 6.888729e+05
200000 	 207 	 6.896756e+05
200000 	 208 	 6.904735e+05
200000 	 209 	 6.912664e+05
200000 	 210 	 6.920555e+05
200000 	 211 	 6.928411e+05
200000 	 212 	 6.941745e+05
200000 	 213 	 6.950157e+05
200000 	 214 	 6.958109e+05
200000 	 215 	 6.966269e+05
200000 	 216 	 6.974310e+05
200000 	 217 	 6.982195e+05
200000 	 218 	 6.990443e+05
200000 	 219 	 6.997974e+05
200000 	 220 	 7.005929e+05
200000 	 221 	 7.013753e+05
200000 	 222 	 7.023286e+05
200000 	 223 	 7.032098e+05
200000 	 224 	 7.039975e+05
200000 	 225 	 7.048202e+05
200000 	 226 	 7.056395e+05
200000 	 227 	 7.064783e+05
200000 	 228 	 7.072649e+05
200000 	 229 	 7.081430e+05
200000 	 230 	 7.089720e+05
200000 	 231 	 7.098070e+05
200000 	 232 	 7.106284e+05
200000 	 233 	 7.114542e+05
200000 	 234 	 7.122653e+05
200000 	 235 	 7.131492e+05
200000 	 236 	 7.139638e+05
200000 	 237 	 7.147811e+05
200000 	 238 	 7.156324e+05
200000 	 239 	 7.164532e+05
200000 	 240 	 7.172787e+05
200000 	 241 	 7.181195e+05
200000 	 242 	 7.189668e+05
200000 	 243 	 7.197965e+05
200000 	 244 	 7.206442e+05
200000 	 245 	 7.214461e+05
200000 	 246 	 7.223137e+05
200000 	 247 	 7.231598e+05
200000 	 248 	 7.239861e+05
200000 	 249 	 7.248123e+05
200000 	 250 	 7.256849e+05
200000 	 251 	 7.265017e+05
200000 	 252 	 7.273570e+05
200000 	 253 	 7.281748e+05
200000 	 254 	 7.290547e+05
200000 	 255 	 7.299130e+05
200000 	 256 	 7.307231e+05
200000 	 257 	 7.316082e+05
200000 	 258 	 7.324494e+05
200000 	 259 	 7.332946e+05
200000 	 260 	 7.341290e+05
200000 	 261 	 7.350004e+05
200000 	 262 	 7.358484e+05
200000 	 263 	 7.366926e+05
200000 	 264 	 7.375642e+05
200000 	 265 	 7.384145e+05
200000 	 266 	 7.392593e+05
200000 	 267 	 7.401417e+05
200000 	 268 	 7.409862e+05
200000 	 269 	 7.418451e+05
200000 	 270 	 7.426999e+05
200000 	 271 	 7.435518e+05
200000 	 272 	 7.444508e+05
200000 	 273 	 7.452889e+05
200000 	 274 	 7.461234e+05
200000 	 275 	 7.470407e+05
200000 	 276 	 7.478885e+05
200000 	 277 	 7.487590e+05
200000 	 278 	 7.496125e+05
200000 	 279 	 7.504918e+05
200000 	 280 	 7.513483e+05
200000 	 281 	 7.521614e+05
200000 	 282 	 7.530768e+05
200000 	 283 	 7.538854e+05
200000 	 284 	 7.548017e+05
200000 	 285 	 7.556245e+05
200000 	 286 	 7.565155e+05
200000 	 287 	 7.573195e+05
200000 	 288 	 7.582145e+05
200000 	 289 	 7.589921e+05
200000 	 290 	 7.599077e+05
200000 	 291 	 7.607585e+05
200000 	 292 	 7.615440e+05
200000 	 293 	 7.624116e+05
200000 	 294 	 7.631590e+05
200000 	 295 	 7.640175e+05
200000 	 296 	 7.646134e+05
200000 	 297 	 7.655208e+05
200000 	 298 	 7.663344e+05
200000 	 299 	 7.668286e+05
200000 	 300 	 7.676953e+05
200000 	 301 	 7.684856e+05
200000 	 302 	 7.685720e+05
200000 	 303 	 7.693166e+05
200000 	 304 	 7.701738e+05
200000 	 305 	 7.689011e+05
200000 	 306 	 7.693851e+05
200000 	 307 	 7.697564e+05
200000 	 308 	 7.738876e+05
200000 	 309 	 7.547697e+05
200000 	 310 	 7.423324e+05
200000 	 311 	 7.743671e+05
200000 	 312 	 7.924762e+05
200000 	 313 	 7.940114e+05
200000 	 314 	 8.003847e+05
200000 	 315 	 8.062030e+05
200000 	 316 	 8.103419e+05
200000 	 317 	 8.140588e+05
200000 	 318 	 8.175857e+05
200000 	 319 	 8.207716e+05
200000 	 320 	 8.238240e+05
200000 	 321 	 8.265688e+05
200000 	 322 	 8.291183e+05
200000 	 323 	 8.315909e+05
200000 	 324 	 8.339015e+05
200000 	 325 	 8.361233e+05
200000 	 326 	 8.381793e+05
200000 	 327 	 8.400721e+05
200000 	 328 	 8.421030e+05
200000 	 329 	 8.439794e+05
200000 	 330 	 8.462813e+05
200000 	 331 	 8.489142e+05
200000 	 332 	 8.519412e+05
200000 	 333 	 8.549731e+05
200000 	 334 	 8.563969e+05
200000 	 335 	 8.609415e+05
200000 	 336 	 8.643591e+05
200000 	 337 	 8.666231e+05
200000 	 338 	 8.695324e+05
200000 	 339 	 8.705231e+05
200000 	 340 	 8.740300e+05
400000 	 2.114100e+02 	 6.885931e+05
400000 	 212 	 6.891415e+05
400000 	 213 	 6.900671e+05
400000 	 214 	 6.909760e+05
400000 	 215 	 6.918815e+05
400000 	 216 	 6.927755e+05
400000 	 217 	 6.936547e+05
400000 	 218 	 6.945477e+05
400000 	 219 	 6.953953e+05
400000 	 220 	 6.962628e+05
400000 	 221 	 6.971168e+05
400000 	 222 	 6.982271e+05
400000 	 223 	 6.991468e+05
400000 	 224 	 7.000088e+05
400000 	 225 	 7.008918e+05
400000 	 226 	 7.017635e+05
400000 	 227 	 7.026623e+05
400000 	 228 	 7.034990e+05
400000 	 229 	 7.044277e+05
400000 	 230 	 7.053026e+05
400000 	 231 	 7.061910e+05
400000 	 232 	 7.070553e+05
400000 	 233 	 7.079284e+05
400000 	 234 	 7.087811e+05
400000 	 235 	 7.097091e+05
400000 	 236 	 7.105639e+05
400000 	 237 	 7.114233e+05
400000 	 238 	 7.123121e+05
400000 	 239 	 7.131731e+05
400000 	 240 	 7.140329e+05
400000 	 241 	 7.149115e+05
400000 	 242 	 7.157940e+05
400000 	 243 	 7.166587e+05
400000 	 244 	 7.175394e+05
400000 	 245 	 7.183765e+05
400000 	 246 	 7.192740e+05
400000 	 247 	 7.201522e+05
400000 	 248 	 7.210083e+05
400000 	 249 	 7.218666e+05
400000 	 250 	 7.227655e+05
400000 	 251 	 7.236144e+05
400000 	 252 	 7.244999e+05
400000 	 253 	 7.253419e+05
400000 	 254 	 7.262525e+05
400000 	 255 	 7.271342e+05
400000 	 256 	 7.279694e+05
400000 	 257 	 7.288820e+05
400000 	 258 	 7.297480e+05
400000 	 259 	 7.306194e+05
400000 	 260 	 7.314786e+05
400000 	 261 	 7.323764e+05
400000 	 262 	 7.332475e+05
400000 	 263 	 7.341158e+05
400000 	 264 	 7.350065e+05
400000 	 265 	 7.358779e+05
400000 	 266 	 7.367455e+05
400000 	 267 	 7.376503e+05
400000 	 268 	 7.385141e+05
400000 	 269 	 7.393979e+05
400000 	 270 	 7.402738e+05
400000 	 271 	 7.411418e+05
400000 	 272 	 7.420638e+05
400000 	 273 	 7.429203e+05
400000 	 274 	 7.437736e+05
400000 	 275 	 7.447116e+05
400000 	 276 	 7.455746e+05
400000 	 277 	 7.464671e+05
400000 	 278 	 7.473386e+05
400000 	 279 	 7.482354e+05
400000 	 280 	 7.491053e+05
400000 	 281 	 7.499386e+05
400000 	 282 	 7.508691e+05
400000 	 283 	 7.516991e+05
400000 	 284 	 7.526263e+05
400000 	 285 	 7.534664e+05
400000 	 286 	 7.543763e+05
400000 	 287 	 7.551961e+05
400000 	 288 	 7.561067e+05
400000 	 289 	 7.568993e+05
400000 	 290 	 7.578302e+05
400000 	 291 	 7.586955e+05
400000 	 292 	 7.594958e+05
400000 	 293 	 7.603787e+05
400000 	 294 	 7.611404e+05
400000 	 295 	 7.620136e+05
400000 	 296 	 7.626237e+05
400000 	 297 	 7.635444e+05
400000 	 298 	 7.643730e+05
400000 	 299 	 7.648804e+05
400000 	 300 	 7.657606e+05
400000 	 301 	 7.665640e+05
400000 	 302 	 7.666635e+05
400000 	 303 	 7.674205e+05
400000 	 304 	 7.682918e+05
400000 	 305 	 7.670312e+05
400000 	 306 	 7.675287e+05
400000 	 307 	 7.679116e+05
400000 	 308 	 7.720558e+05
400000 	 309 	 7.529493e+05
400000 	 310 	 7.405240e+05
400000 	 311 	 7.725712e+05
400000 	 312 	 7.906916e+05
400000 	 313 	 7.922382e+05
400000 	 314 	 7.986217e+05
400000 	 315 	 8.044523e+05
400000 	 316 	 8.086016e+05
400000 	 317 	 8.123307e+05
400000 	 318 	 8.158697e+05
400000 	 319 	 8.190636e+05
400000 	 320 	 8.221299e+05
400000 	 321 	 8.248829e+05
400000 	 322 	 8.274436e+05
400000 	 323 	 8.299266e+05
400000 	 324 	 8.322484e+05
400000 	 325 	 8.344813e+05
400000 	 326 	 8.365457e+05
400000 	 327 	 8.384478e+05
400000 	 328 	 8.404883e+05
400000 	 329 	 8.423763e+05
400000 	 330 	 8.446879e+05
400000 	 331 	 8.473301e+05
400000 	 332 	 8.503651e+05
400000 	 333 	 8.534050e+05
400000 	 334 	 8.548388e+05
400000 	 335 	 8.593945e+05
400000 	 336 	 8.628197e+05
400000 	 337 	 8.650928e+05
400000 	 338 	 8.680108e+05
400000 	 339 	 8.690108e+05
400000 	 340 	 8.725300e+05
600000 	 2.211182e+02 	 6.926846e+05
600000 	 222 	 6.935553e+05
600000 	 223 	 6.945395e+05
600000 	 224 	 6.955079e+05
600000 	 225 	 6.964746e+05
600000 	 226 	 6.974283e+05
600000 	 227 	 6.983982e+05
600000 	 228 	 6.993181e+05
600000 	 229 	 7.003161e+05
600000 	 230 	 7.012605e+05
600000 	 231 	 7.022039e+05
600000 	 232 	 7.031377e+05
600000 	 233 	 7.040682e+05
600000 	 234 	 7.049753e+05
600000 	 235 	 7.059598e+05
600000 	 236 	 7.068752e+05
600000 	 237 	 7.077902e+05
600000 	 238 	 7.087311e+05
600000 	 239 	 7.096399e+05
600000 	 240 	 7.105469e+05
600000 	 241 	 7.114715e+05
600000 	 242 	 7.123989e+05
600000 	 243 	 7.133077e+05
600000 	 244 	 7.142294e+05
600000 	 245 	 7.151095e+05
600000 	 246 	 7.160457e+05
600000 	 247 	 7.169642e+05
600000 	 248 	 7.178575e+05
600000 	 249 	 7.187528e+05
600000 	 250 	 7.196859e+05
600000 	 251 	 7.205703e+05
600000 	 252 	 7.214914e+05
600000 	 253 	 7.223658e+05
600000 	 254 	 7.233082e+05
600000 	 255 	 7.242202e+05
600000 	 256 	 7.250870e+05
600000 	 257 	 7.260310e+05
600000 	 258 	 7.269245e+05
600000 	 259 	 7.278247e+05
600000 	 260 	 7.287127e+05
600000 	 261 	 7.296405e+05
600000 	 262 	 7.305375e+05
600000 	 263 	 7.314332e+05
600000 	 264 	 7.323491e+05
600000 	 265 	 7.332449e+05
600000 	 266 	 7.341362e+05
600000 	 267 	 7.350681e+05
600000 	 268 	 7.359527e+05
600000 	 269 	 7.368641e+05
600000 	 270 	 7.377631e+05
600000 	 271 	 7.386516e+05
600000 	 272 	 7.395972e+05
600000 	 273 	 7.404746e+05
600000 	 274 	 7.413499e+05
600000 	 275 	 7.423090e+05
600000 	 276 	 7.431904e+05
600000 	 277 	 7.441063e+05
600000 	 278 	 7.449962e+05
600000 	 279 	 7.459147e+05
600000 	 280 	 7.467991e+05
600000 	 281 	 7.476539e+05
600000 	 282 	 7.486010e+05
600000 	 283 	 7.494549e+05
600000 	 284 	 7.503942e+05
600000 	 285 	 7.512539e+05
600000 	 286 	 7.521821e+05
600000 	 287 	 7.530188e+05
600000 	 288 	 7.539467e+05
600000 	 289 	 7.547569e+05
600000 	 290 	 7.557031e+05
600000 	 291 	 7.565867e+05
600000 	 292 	 7.574029e+05
600000 	 293 	 7.582999e+05
600000 	 294 	 7.590781e+05
600000 	 295 	 7.599659e+05
600000 	 296 	 7.605935e+05
600000 	 297 	 7.615289e+05
600000 	 298 	 7.623704e+05
600000 	 299 	 7.628934e+05
600000 	 300 	 7.637866e+05
600000 	 301 	 7.646064e+05
600000 	 302 	 7.647197e+05
600000 	 303 	 7.654905e+05
600000 	 304 	 7.663736e+05
600000 	 305 	 7.651278e+05
600000 	 306 	 7.656375e+05
600000 	 307 	 7.660350e+05
600000 	 308 	 7.701925e+05
600000 	 309 	 7.510988e+05
600000 	 310 	 7.386860e+05
600000 	 311 	 7.707443e+05
600000 	 312 	 7.888779e+05
600000 	 313 	 7.904364e+05
600000 	 314 	 7.968323e+05
600000 	 315 	 8.026746e+05
600000 	 316 	 8.068362e+05
600000 	 317 	 8.105743e+05
600000 	 318 	 8.141241e+05
600000 	 319 	 8.173341e+05
600000 	 320 	 8.204106e+05
600000 	 321 	 8.231759e+05
600000 	 322 	 8.257477e+05
600000 	 323 	 8.282406e+05
600000 	 324 	 8.305708e+05
600000 	 325 	 8.328149e+05
600000 	 326 	 8.348904e+05
600000 	 327 	 8.368037e+05
600000 	 328 	 8.388545e+05
600000 	 329 	 8.407529e+05
600000 	 330 	 8.430746e+05
600000 	 331 	 8.457228e+05
600000 	 332 	 8.487711e+05
600000 	 333 	 8.518206e+05
600000 	 334 	 8.532656e+05
600000 	 335 	 8.578290e+05
600000 	 336 	 8.612636e+05
600000 	 337 	 8.635451e+05
600000 	 338 	 8.664748e+05
600000 	 339 	 8.674827e+05
600000 	 340 	 8.710093e+05
800000 	 2.286342e+02 	 6.953540e+05
800000 	 229 	 6.957357e+05
800000 	 230 	 6.967731e+05
800000 	 231 	 6.977956e+05
800000 	 232 	 6.988192e+05
800000 	 233 	 6.998242e+05
800000 	 234 	 7.008092e+05
800000 	 235 	 7.018635e+05
800000 	 236 	 7.028574e+05
800000 	 237 	 7.038440e+05
800000 	 238 	 7.048442e+05
800000 	 239 	 7.058219e+05
800000 	 240 	 7.067895e+05
800000 	 241 	 7.077728e+05
800000 	 242 	 7.087497e+05
800000 	 243 	 7.097174e+05
800000 	 244 	 7.106867e+05
800000 	 245 	 7.116280e+05
800000 	 246 	 7.126068e+05
800000 	 247 	 7.135733e+05
800000 	 248 	 7.145121e+05
800000 	 249 	 7.154525e+05
800000 	 250 	 7.164279e+05
800000 	 251 	 7.173550e+05
800000 	 252 	 7.183156e+05
800000 	 253 	 7.192292e+05
800000 	 254 	 7.202088e+05
800000 	 255 	 7.211584e+05
800000 	 256 	 7.220615e+05
800000 	 257 	 7.230411e+05
800000 	 258 	 7.239680e+05
800000 	 259 	 7.249033e+05
800000 	 260 	 7.258224e+05
800000 	 261 	 7.267826e+05
800000 	 262 	 7.277098e+05
800000 	 263 	 7.286356e+05
800000 	 264 	 7.295831e+05
800000 	 265 	 7.305078e+05
800000 	 266 	 7.314253e+05
800000 	 267 	 7.323872e+05
800000 	 268 	 7.332965e+05
800000 	 269 	 7.342360e+05
800000 	 270 	 7.351605e+05
800000 	 271 	 7.360759e+05
800000 	 272 	 7.370451e+05
800000 	 273 	 7.379459e+05
800000 	 274 	 7.388471e+05
800000 	 275 	 7.398274e+05
800000 	 276 	 7.407314e+05
800000 	 277 	 7.416704e+05
800000 	 278 	 7.425820e+05
800000 	 279 	 7.435244e+05
800000 	 280 	 7.444268e+05
800000 	 281 	 7.453046e+05
800000 	 282 	 7.462715e+05
800000 	 283 	 7.471470e+05
800000 	 284 	 7.481037e+05
800000 	 285 	 7.489842e+05
800000 	 286 	 7.499312e+05
800000 	 287 	 7.507861e+05
800000 	 288 	 7.517331e+05
800000 	 289 	 7.525617e+05
800000 	 290 	 7.535256e+05
800000 	 291 	 7.544293e+05
800000 	 292 	 7.552616e+05
800000 	 293 	 7.561741e+05
800000 	 294 	 7.569702e+05
800000 	 295 	 7.578734e+05
800000 	 296 	 7.585187e+05
800000 	 297 	 7.594714e+05
800000 	 298 	 7.603258e+05
800000 	 299 	 7.608656e+05
800000 	 300 	 7.617734e+05
800000 	 301 	 7.626098e+05
800000 	 302 	 7.627375e+05
800000 	 303 	 7.635232e+05
800000 	 304 	 7.644187e+05
800000 	 305 	 7.631892e+05
800000 	 306 	 7.637108e+05
800000 	 307 	 7.641243e+05
800000 	 308 	 7.682957e+05
800000 	 309 	 7.492155e+05
800000 	 310 	 7.368173e+05
800000 	 311 	 7.688872e+05
800000 	 312 	 7.870336e+05
800000 	 313 	 7.886048e+05
800000 	 314 	 7.950132e+05
800000 	 315 	 8.008677e+05
800000 	 316 	 8.050440e+05
800000 	 317 	 8.087929e+05
800000 	 318 	 8.123550e+05
800000 	 319 	 8.155751e+05
800000 	 320 	 8.186626e+05
800000 	 321 	 8.214399e+05
800000 	 322 	 8.240251e+05
800000 	 323 	 8.265283e+05
800000 	 324 	 8.288698e+05
800000 	 325 	 8.311264e+05
800000 	 326 	 8.332158e+05
800000 	 327 	 8.351390e+05
800000 	 328 	 8.371968e+05
800000 	 329 	 8.391078e+05
800000 	 330 	 8.414384e+05
800000 	 331 	 8.441030e+05
800000 	 332 	 8.471595e+05
800000 	 333 	 8.502175e+05
800000 	 334 	 8.516697e+05
800000 	 335 	 8.562455e+05
800000 	 336 	 8.596889e+05
800000 	 337 	 8.619816e+05
800000 	 338 	 8.649199e+05
800000 	 339 	 8.659375e+05
800000 	 340 	 8.694724e+05
1000000 	 2.348612e+02 	 6.971962e+05
1000000 	 235 	 6.973485e+05
1000000 	 236 	 6.984377e+05
1000000 	 237 	 6.995160e+05
1000000 	 238 	 7.005881e+05
1000000 	 239 	 7.016561e+05
1000000 	 240 	 7.027010e+05
1000000 	 241 	 7.037660e+05
1000000 	 242 	 7.048025e+05
1000000 	 243 	 7.058393e+05
1000000 	 244 	 7.068737e+05
1000000 	 245 	 7.078888e+05
1000000 	 246 	 7.089219e+05
1000000 	 247 	 7.099409e+05
1000000 	 248 	 7.109402e+05
1000000 	 249 	 7.119339e+05
1000000 	 250 	 7.129615e+05
1000000 	 251 	 7.139409e+05
1000000 	 252 	 7.149429e+05
1000000 	 253 	 7.159084e+05
1000000 	 254 	 7.169343e+05
1000000 	 255 	 7.179281e+05
1000000 	 256 	 7.188726e+05
1000000 	 257 	 7.198933e+05
1000000 	 258 	 7.208602e+05
1000000 	 259 	 7.218358e+05
1000000 	 260 	 7.227924e+05
1000000 	 261 	 7.237903e+05
1000000 	 262 	 7.247529e+05
1000000 	 263 	 7.257136e+05
1000000 	 264 	 7.266950e+05
1000000 	 265 	 7.276533e+05
1000000 	 266 	 7.286017e+05
1000000 	 267 	 7.295955e+05
1000000 	 268 	 7.305353e+05
1000000 	 269 	 7.315051e+05
1000000 	 270 	 7.324593e+05
1000000 	 271 	 7.334032e+05
1000000 	 272 	 7.344003e+05
1000000 	 273 	 7.353268e+05
1000000 	 274 	 7.362567e+05
1000000 	 275 	 7.372619e+05
1000000 	 276 	 7.381904e+05
1000000 	 277 	 7.391549e+05
1000000 	 278 	 7.400921e+05
1000000 	 279 	 7.410586e+05
1000000 	 280 	 7.419833e+05
1000000 	 281 	 7.428848e+05
1000000 	 282 	 7.438746e+05
1000000 	 283 	 7.447711e+05
1000000 	 284 	 7.457493e+05
1000000 	 285 	 7.466516e+05
1000000 	 286 	 7.476204e+05
1000000 	 287 	 7.484956e+05
1000000 	 288 	 7.494624e+05
1000000 	 289 	 7.503094e+05
1000000 	 290 	 7.512950e+05
1000000 	 291 	 7.522172e+05
1000000 	 292 	 7.530669e+05
1000000 	 293 	 7.539986e+05
1000000 	 294 	 7.548136e+05
1000000 	 295 	 7.557338e+05
1000000 	 296 	 7.563955e+05
1000000 	 297 	 7.573667e+05
1000000 	 298 	 7.582382e+05
1000000 	 299 	 7.587941e+05
1000000 	 300 	 7.597203e+05
1000000 	 301 	 7.605716e+05
1000000 	 302 	 7.607137e+05
1000000 	 303 	 7.615160e+05
1000000 	 304 	 7.624276e+05
1000000 	 305 	 7.612144e+05
1000000 	 306 	 7.617493e+05
1000000 	 307 	 7.621778e+05
1000000 	 308 	 7.663638e+05
1000000 	 309 	 7.472973e+05
1000000 	 310 	 7.349153e+05
1000000 	 311 	 7.669978e+05
1000000 	 312 	 7.851575e+05
1000000 	 313 	 7.867422e+05
1000000 	 314 	 7.931635e+05
1000000 	 315 	 7.990330e+05
1000000 	 316 	 8.032222e+05
1000000 	 317 	 8.069843e+05
1000000 	 318 	 8.105578e+05
1000000 	 319 	 8.137901e+05
1000000 	 320 	 8.168923e+05
1000000 	 321 	 8.196819e+05
1000000 	 322 	 8.222790e+05
1000000 	 323 	 8.247952e+05
1000000 	 324 	 8.271455e+05
1000000 	 325 	 8.294152e+05
1000000 	 326 	 8.315159e+05
1000000 	 327 	 8.334527e+05
1000000 	 328 	 8.355183e+05
1000000 	 329 	 8.374435e+05
1000000 	 330 	 8.397826e+05
1000000 	 331 	 8.424593e+05
1000000 	 332 	 8.455234e+05
1000000 	 333 	 8.485928e+05
1000000 	 334 	 8.500588e+05
1000000 	 335 	 8.546429e+05
1000000 	 336 	 8.580969e+05
1000000 	 337 	 8.603987e+05
1000000 	 338 	 8.633471e+05
1000000 	 339 	 8.643759e+05
1000000 	 340 	 8.679206e+05
1200000 	 2.402270e+02 	 6.984854e+05
1200000 	 241 	 6.993699e+05
1200000 	 242 	 7.005008e+05
1200000 	 243 	 7.016157e+05
1200000 	 244 	 7.027369e+05
1200000 	 245 	 7.038282e+05
1200000 	 246 	 7.049417e+05
1200000 	 247 	 7.060247e+05
1200000 	 248 	 7.071029e+05
1200000 	 249 	 7.081572e+05
1200000 	 250 	 7.092484e+05
1200000 	 251 	 7.102935e+05
1200000 	 252 	 7.113503e+05
1200000 	 253 	 7.123772e+05
1200000 	 254 	 7.134585e+05
1200000 	 255 	 7.144989e+05
1200000 	 256 	 7.154989e+05
1200000 	 257 	 7.165656e+05
1200000 	 258 	 7.175792e+05
1200000 	 259 	 7.186021e+05
1200000 	 260 	 7.196034e+05
1200000 	 261 	 7.206448e+05
1200000 	 262 	 7.216489e+05
1200000 	 263 	 7.226508e+05
1200000 	 264 	 7.236702e+05
1200000 	 265 	 7.246672e+05
1200000 	 266 	 7.256517e+05
1200000 	 267 	 7.266823e+05
1200000 	 268 	 7.276568e+05
1200000 	 269 	 7.286601e+05
1200000 	 270 	 7.296484e+05
1200000 	 271 	 7.306232e+05
1200000 	 272 	 7.316527e+05
1200000 	 273 	 7.326094e+05
1200000 	 274 	 7.335697e+05
1200000 	 275 	 7.346039e+05
1200000 	 276 	 7.355609e+05
1200000 	 277 	 7.365529e+05
1200000 	 278 	 7.375169e+05
1200000 	 279 	 7.385115e+05
1200000 	 280 	 7.394616e+05
1200000 	 281 	 7.403877e+05
1200000 	 282 	 7.414021e+05
1200000 	 283 	 7.423233e+05
1200000 	 284 	 7.433254e+05
1200000 	 285 	 7.442513e+05
1200000 	 286 	 7.452429e+05
1200000 	 287 	 7.461408e+05
1200000 	 288 	 7.471282e+05
1200000 	 289 	 7.479969e+05
1200000 	 290 	 7.490049e+05
1200000 	 291 	 7.499474e+05
1200000 	 292 	 7.508173e+05
1200000 	 293 	 7.517679e+05
1200000 	 294 	 7.526046e+05
1200000 	 295 	 7.535423e+05
1200000 	 296 	 7.542244e+05
1200000 	 297 	 7.552135e+05
1200000 	 298 	 7.561036e+05
1200000 	 299 	 7.566757e+05
1200000 	 300 	 7.576209e+05
1200000 	 301 	 7.584901e+05
1200000 	 302 	 7.586487e+05
1200000 	 303 	 7.594689e+05
1200000 	 304 	 7.603958e+05
1200000 	 305 	 7.592000e+05
1200000 	 306 	 7.597496e+05
1200000 	 307 	 7.601958e+05
1200000 	 308 	 7.643958e+05
1200000 	 309 	 7.453428e+05
1200000 	 310 	 7.329766e+05
1200000 	 311 	 7.650740e+05
1200000 	 312 	 7.832491e+05
1200000 	 313 	 7.848492e+05
1200000 	 314 	 7.912833e+05
1200000 	 315 	 7.971670e+05
1200000 	 316 	 8.013709e+05
1200000 	 317 	 8.051473e+05
1200000 	 318 	 8.087333e+05
1200000 	 319 	 8.119777e+05
1200000 	 320 	 8.150905e+05
1200000 	 321 	 8.178967e+05
1200000 	 322 	 8.205083e+05
1200000 	 323 	 8.230340e+05
1200000 	 324 	 8.253994e+05
1200000 	 325 	 8.276776e+05
1200000 	 326 	 8.297925e+05
1200000 	 327 	 8.317399e+05
1200000 	 328 	 8.338199e+05
1200000 	 329 	 8.357554e+05
1200000 	 330 	 8.381056e+05
1200000 	 331 	 8.407931e+05
1200000 	 332 	 8.438681e+05
1200000 	 333 	 8.469459e+05
1200000 	 334 	 8.484268e+05
1200000 	 335 	 8.530218e+05
1200000 	 336 	 8.564870e+05
1200000 	 337 	 8.587953e+05
1200000 	 338 	 8.617570e+05
1200000 	 339 	 8.627973e+05
1200000 	 340 	 8.663499e+05
1400000 	 2.449708e+02 	 6.993712e+05
1400000 	 245 	 6.994058e+05
1400000 	 246 	 7.005972e+05
1400000 	 247 	 7.017725e+05
1400000 	 248 	 7.029382e+05
1400000 	 249 	 7.040737e+05
1400000 	 250 	 7.052435e+05
1400000 	 251 	 7.063694e+05
1400000 	 252 	 7.075046e+05
1400000 	 253 	 7.085942e+05
1400000 	 254 	 7.097407e+05
1400000 	 255 	 7.108382e+05
1400000 	 256 	 7.119089e+05
1400000 	 257 	 7.130297e+05
1400000 	 258 	 7.141000e+05
1400000 	 259 	 7.151756e+05
1400000 	 260 	 7.162339e+05
1400000 	 261 	 7.173254e+05
1400000 	 262 	 7.183807e+05
1400000 	 263 	 7.194256e+05
1400000 	 264 	 7.204950e+05
1400000 	 265 	 7.215344e+05
1400000 	 266 	 7.225593e+05
1400000 	 267 	 7.236321e+05
1400000 	 268 	 7.246461e+05
1400000 	 269 	 7.256885e+05
1400000 	 270 	 7.267141e+05
1400000 	 271 	 7.277252e+05
1400000 	 272 	 7.287916e+05
1400000 	 273 	 7.297831e+05
1400000 	 274 	 7.307764e+05
1400000 	 275 	 7.318435e+05
1400000 	 276 	 7.328332e+05
1400000 	 277 	 7.338552e+05
1400000 	 278 	 7.348491e+05
1400000 	 279 	 7.358744e+05
1400000 	 280 	 7.368531e+05
1400000 	 281 	 7.378078e+05
1400000 	 282 	 7.388496e+05
1400000 	 283 	 7.397968e+05
1400000 	 284 	 7.408261e+05
1400000 	 285 	 7.417768e+05
1400000 	 286 	 7.427943e+05
1400000 	 287 	 7.437167e+05
1400000 	 288 	 7.447271e+05
1400000 	 289 	 7.456197e+05
1400000 	 290 	 7.466515e+05
1400000 	 291 	 7.476162e+05
1400000 	 292 	 7.485077e+05
1400000 	 293 	 7.494798e+05
1400000 	 294 	 7.503387e+05
1400000 	 295 	 7.512972e+05
1400000 	 296 	 7.519997e+05
1400000 	 297 	 7.530084e+05
1400000 	 298 	 7.539190e+05
1400000 	 299 	 7.545098e+05
1400000 	 300 	 7.554730e+05
1400000 	 301 	 7.563612e+05
1400000 	 302 	 7.565387e+05
1400000 	 303 	 7.573776e+05
1400000 	 304 	 7.583203e+05
1400000 	 305 	 7.571435e+05
1400000 	 306 	 7.577094e+05
1400000 	 307 	 7.581729e+05
1400000 	 308 	 7.623881e+05
1400000 	 309 	 7.433526e+05
1400000 	 310 	 7.310027e+05
1400000 	 311 	 7.631151e+05
1400000 	 312 	 7.813058e+05
1400000 	 313 	 7.829204e+05
1400000 	 314 	 7.893708e+05
1400000 	 315 	 7.952685e+05
1400000 	 316 	 7.994866e+05
1400000 	 317 	 8.032759e+05
1400000 	 318 	 8.068775e+05
1400000 	 319 	 8.101387e+05
1400000 	 320 	 8.132648e+05
1400000 	 321 	 8.160829e+05
1400000 	 322 	 8.187062e+05
1400000 	 323 	 8.212461e+05
1400000 	 324 	 8.236230e+05
1400000 	 325 	 8.259185e+05
1400000 	 326 	 8.280422e+05
1400000 	 327 	 8.300031e+05
1400000 	 328 	 8.320948e+05
1400000 	 329 	 8.340417e+05
1400000 	 330 	 8.364048e+05
1400000 	 331 	 8.391091e+05
1400000 	 332 	 8.421899e+05
1400000 	 333 	 8.452827e+05
1400000 	 334 	 8.467727e+05
1400000 	 335 	 8.513786e+05
1400000 	 336 	 8.548541e+05
1400000 	 337 	 8.571751e+05
1400000 	 338 	 8.601476e+05
1400000 	 339 	 8.611979e+05
1400000 	 340 	 8.647601e+05
1600000 	 2.492413e+02 	 6.999441e+05
1600000 	 250 	 7.008865e+05
1600000 	 251 	 7.021129e+05
1600000 	 252 	 7.033331e+05
1600000 	 253 	 7.045073e+05
1600000 	 254 	 7.057298e+05
1600000 	 255 	 7.069090e+05
1600000 	 256 	 7.080616e+05
1600000 	 257 	 7.092479e+05
1600000 	 258 	 7.103913e+05
1600000 	 259 	 7.115273e+05
1600000 	 260 	 7.126523e+05
1600000 	 261 	 7.138027e+05
1600000 	 262 	 7.149198e+05
1600000 	 263 	 7.160121e+05
1600000 	 264 	 7.171414e+05
1600000 	 265 	 7.182318e+05
1600000 	 266 	 7.193060e+05
1600000 	 267 	 7.204257e+05
1600000 	 268 	 7.214857e+05
1600000 	 269 	 7.225754e+05
1600000 	 270 	 7.236411e+05
1600000 	 271 	 7.246978e+05
1600000 	 272 	 7.258025e+05
1600000 	 273 	 7.268337e+05
1600000 	 274 	 7.278652e+05
1600000 	 275 	 7.289700e+05
1600000 	 276 	 7.299958e+05
1600000 	 277 	 7.310526e+05
1600000 	 278 	 7.320791e+05
1600000 	 279 	 7.331383e+05
1600000 	 280 	 7.341492e+05
1600000 	 281 	 7.351357e+05
1600000 	 282 	 7.362080e+05
1600000 	 283 	 7.371845e+05
1600000 	 284 	 7.382437e+05
1600000 	 285 	 7.392220e+05
1600000 	 286 	 7.402677e+05
1600000 	 287 	 7.412168e+05
1600000 	 288 	 7.422533e+05
1600000 	 289 	 7.431719e+05
1600000 	 290 	 7.442293e+05
1600000 	 291 	 7.452181e+05
1600000 	 292 	 7.461341e+05
1600000 	 293 	 7.471298e+05
1600000 	 294 	 7.480122e+05
1600000 	 295 	 7.489929e+05
1600000 	 296 	 7.497172e+05
1600000 	 297 	 7.507475e+05
1600000 	 298 	 7.516806e+05
1600000 	 299 	 7.522927e+05
1600000 	 300 	 7.532754e+05
1600000 	 301 	 7.541832e+05
1600000 	 302 	 7.543801e+05
1600000 	 303 	 7.552391e+05
1600000 	 304 	 7.561999e+05
1600000 	 305 	 7.550431e+05
1600000 	 306 	 7.556258e+05
1600000 	 307 	 7.561078e+05
1600000 	 308 	 7.603413e+05
1600000 	 309 	 7.413227e+05
1600000 	 310 	 7.289891e+05
1600000 	 311 	 7.611191e+05
1600000 	 312 	 7.793272e+05
1600000 	 313 	 7.809566e+05
1600000 	 314 	 7.874228e+05
1600000 	 315 	 7.933356e+05
1600000 	 316 	 7.975711e+05
1600000 	 317 	 8.013740e+05
1600000 	 318 	 8.049887e+05
1600000 	 319 	 8.082660e+05
1600000 	 320 	 8.114056e+05
1600000 	 321 	 8.142402e+05
1600000 	 322 	 8.168786e+05
1600000 	 323 	 8.194328e+05
1600000 	 324 	 8.218204e+05
1600000 	 325 	 8.241302e+05
1600000 	 326 	 8.262673e+05
1600000 	 327 	 8.282421e+05
1600000 	 328 	 8.303477e+05
1600000 	 329 	 8.323070e+05
1600000 	 330 	 8.346828e+05
1600000 	 331 	 8.373949e+05
1600000 	 332 	 8.404937e+05
1600000 	 333 	 8.435958e+05
1600000 	 334 	 8.450996e+05
1600000 	 335 	 8.497143e+05
1600000 	 336 	 8.532020e+05
1600000 	 337 	 8.555341e+05
1600000 	 338 	 8.585178e+05
1600000 	 339 	 8.595800e+05
1600000 	 340 	 8.631528e+05
1800000 	 2.531376e+02 	 7.002628e+05
1800000 	 254 	 7.013764e+05
1800000 	 255 	 7.026523e+05
1800000 	 256 	 7.039048e+05
1800000 	 257 	 7.051696e+05
1800000 	 258 	 7.064023e+05
1800000 	 259 	 7.076184e+05
1800000 	 260 	 7.088168e+05
1800000 	 261 	 7.100393e+05
1800000 	 262 	 7.112261e+05
1800000 	 263 	 7.123823e+05
1800000 	 264 	 7.135770e+05
1800000 	 265 	 7.147310e+05
1800000 	 266 	 7.158659e+05
1800000 	 267 	 7.170387e+05
1800000 	 268 	 7.181537e+05
1800000 	 269 	 7.193014e+05
1800000 	 270 	 7.204113e+05
1800000 	 271 	 7.215239e+05
1800000 	 272 	 7.226685e+05
1800000 	 273 	 7.237487e+05
1800000 	 274 	 7.248241e+05
1800000 	 275 	 7.259660e+05
1800000 	 276 	 7.270349e+05
1800000 	 277 	 7.281321e+05
1800000 	 278 	 7.291964e+05
1800000 	 279 	 7.302940e+05
1800000 	 280 	 7.313408e+05
1800000 	 281 	 7.323624e+05
1800000 	 282 	 7.334689e+05
1800000 	 283 	 7.344785e+05
1800000 	 284 	 7.355698e+05
1800000 	 285 	 7.365799e+05
1800000 	 286 	 7.376560e+05
1800000 	 287 	 7.386348e+05
1800000 	 288 	 7.397004e+05
1800000 	 289 	 7.406475e+05
1800000 	 290 	 7.417334e+05
1800000 	 291 	 7.427486e+05
1800000 	 292 	 7.436915e+05
1800000 	 293 	 7.447129e+05
1800000 	 294 	 7.456204e+05
1800000 	 295 	 7.466246e+05
1800000 	 296 	 7.473736e+05
1800000 	 297 	 7.484271e+05
1800000 	 298 	 7.493839e+05
1800000 	 299 	 7.500191e+05
1800000 	 300 	 7.510233e+05
1800000 	 301 	 7.519517e+05
1800000 	 302 	 7.521716e+05
1800000 	 303 	 7.530503e+05
1800000 	 304 	 7.540313e+05
1800000 	 305 	 7.528948e+05
1800000 	 306 	 7.534977e+05
1800000 	 307 	 7.539982e+05
1800000 	 308 	 7.582500e+05
1800000 	 309 	 7.392502e+05
1800000 	 310 	 7.269353e+05
1800000 	 311 	 7.590820e+05
1800000 	 312 	 7.773076e+05
1800000 	 313 	 7.789548e+05
1800000 	 314 	 7.854382e+05
1800000 	 315 	 7.913678e+05
1800000 	 316 	 7.956206e+05
1800000 	 317 	 7.994396e+05
1800000 	 318 	 8.030682e+05
1800000 	 319 	 8.063638e+05
1800000 	 320 	 8.095188e+05
1800000 	 321 	 8.123657e+05
1800000 	 322 	 8.150165e+05
1800000 	 323 	 8.175865e+05
1800000 	 324 	 8.199950e+05
1800000 	 325 	 8.223135e+05
1800000 	 326 	 8.244643e+05
1800000 	 327 	 8.264534e+05
1800000 	 328 	 8.285726e+05
1800000 	 329 	 8.305442e+05
1800000 	 330 	 8.329345e+05
1800000 	 331 	 8.356605e+05
1800000 	 332 	 8.387691e+05
1800000 	 333 	 8.418849e+05
1800000 	 334 	 8.434030e+05
1800000 	 335 	 8.480287e+05
1800000 	 336 	 8.515303e+05
1800000 	 337 	 8.538732e+05
1800000 	 338 	 8.568668e+05
1800000 	 339 	 8.579430e+05
1800000 	 340 	 8.615246e+05
2000000 	 2.567295e+02 	 7.003673e+05
2000000 	 257 	 7.007327e+05
2000000 	 258 	 7.020699e+05
2000000 	 259 	 7.033834e+05
2000000 	 260 	 7.046804e+05
2000000 	 261 	 7.059923e+05
2000000 	 262 	 7.072601e+05
2000000 	 263 	 7.085010e+05
2000000 	 264 	 7.097748e+05
2000000 	 265 	 7.110022e+05
2000000 	 266 	 7.122053e+05
2000000 	 267 	 7.134407e+05
2000000 	 268 	 7.146247e+05
2000000 	 269 	 7.158346e+05
2000000 	 270 	 7.170060e+05
2000000 	 271 	 7.181769e+05
2000000 	 272 	 7.193687e+05
2000000 	 273 	 7.205073e+05
2000000 	 274 	 7.216335e+05
2000000 	 275 	 7.228147e+05
2000000 	 276 	 7.239336e+05
2000000 	 277 	 7.250780e+05
2000000 	 278 	 7.261886e+05
2000000 	 279 	 7.273266e+05
2000000 	 280 	 7.284149e+05
2000000 	 281 	 7.294759e+05
2000000 	 282 	 7.306209e+05
2000000 	 283 	 7.316683e+05
2000000 	 284 	 7.327954e+05
2000000 	 285 	 7.338418e+05
2000000 	 286 	 7.349510e+05
2000000 	 287 	 7.359633e+05
2000000 	 288 	 7.370611e+05
2000000 	 289 	 7.380395e+05
2000000 	 290 	 7.391561e+05
2000000 	 291 	 7.402006e+05
2000000 	 292 	 7.411735e+05
2000000 	 293 	 7.422226e+05
2000000 	 294 	 7.431580e+05
2000000 	 295 	 7.441884e+05
2000000 	 296 	 7.449634e+05
2000000 	 297 	 7.460428e+05
2000000 	 298 	 7.470246e+05
2000000 	 299 	 7.476844e+05
2000000 	 300 	 7.487126e+05
2000000 	 301 	 7.496643e+05
2000000 	 302 	 7.499081e+05
2000000 	 303 	 7.508084e+05
2000000 	 304 	 7.518116e+05
2000000 	 305 	 7.506962e+05
2000000 	 306 	 7.513201e+05
2000000 	 307 	 7.518412e+05
2000000 	 308 	 7.561126e+05
2000000 	 309 	 7.371327e+05
2000000 	 310 	 7.248377e+05
2000000 	 311 	 7.570041e+05
2000000 	 312 	 7.752466e+05
2000000 	 313 	 7.769139e+05
2000000 	 314 	 7.834146e+05
2000000 	 315 	 7.893619e+05
2000000 	 316 	 7.936317e+05
2000000 	 317 	 7.974673e+05
2000000 	 318 	 8.011144e+05
2000000 	 319 	 8.044239e+05
2000000 	 320 	 8.075947e+05
2000000 	 321 	 8.104641e+05
2000000 	 322 	 8.131288e+05
2000000 	 323 	 8.157108e+05
2000000 	 324 	 8.181346e+05
2000000 	 325 	 8.204668e+05
2000000 	 326 	 8.226359e+05
2000000 	 327 	 8.246366e+05
2000000 	 328 	 8.267732e+05
2000000 	 329 	 8.287580e+05
2000000 	 330 	 8.311598e+05
2000000 	 331 	 8.338991e+05
2000000 	 332 	 8.370239e+05
2000000 	 333 	 8.401530e+05
2000000 	 334 	 8.416810e+05
2000000 	 335 	 8.463198e+05
2000000 	 336 	 8.498344e+05
2000000 	 337 	 8.521890e+05
2000000 	 338 	 8.551961e+05
2000000 	 339 	 8.562848e+05
2000000 	 340 	 8.598781e+05
2200000 	 2.600680e+02 	 7.002854e+05
2200000 	 261 	 7.015906e+05
2200000 	 262 	 7.029652e+05
2200000 	 263 	 7.043130e+05
2200000 	 264 	 7.056755e+05
2200000 	 265 	 7.069919e+05
2200000 	 266 	 7.082884e+05
2200000 	 267 	 7.095977e+05
2200000 	 268 	 7.108657e+05
2200000 	 269 	 7.121439e+05
2200000 	 270 	 7.133902e+05
2200000 	 271 	 7.146264e+05
2200000 	 272 	 7.158797e+05
2200000 	 273 	 7.170811e+05
2200000 	 274 	 7.182686e+05
2200000 	 275 	 7.195019e+05
2200000 	 276 	 7.206737e+05
2200000 	 277 	 7.218734e+05
2200000 	 278 	 7.230368e+05
2200000 	 279 	 7.242214e+05
2200000 	 280 	 7.253584e+05
2200000 	 281 	 7.264639e+05
2200000 	 282 	 7.276528e+05
2200000 	 283 	 7.287441e+05
2200000 	 284 	 7.299098e+05
2200000 	 285 	 7.309962e+05
2200000 	 286 	 7.321431e+05
2200000 	 287 	 7.331931e+05
2200000 	 288 	 7.343269e+05
2200000 	 289 	 7.353393e+05
2200000 	 290 	 7.364895e+05
2200000 	 291 	 7.375674e+05
2200000 	 292 	 7.385725e+05
2200000 	 293 	 7.396528e+05
2200000 	 294 	 7.406184e+05
2200000 	 295 	 7.416785e+05
2200000 	 296 	 7.424821e+05
2200000 	 297 	 7.435894e+05
2200000 	 298 	 7.445991e+05
2200000 	 299 	 7.452847e+05
2200000 	 300 	 7.463392e+05
2200000 	 301 	 7.473165e+05
2200000 	 302 	 7.475850e+05
2200000 	 303 	 7.485099e+05
2200000 	 304 	 7.495364e+05
2200000 	 305 	 7.484443e+05
2200000 	 306 	 7.490904e+05
2200000 	 307 	 7.496336e+05
2200000 	 308 	 7.539262e+05
2200000 	 309 	 7.349679e+05
2200000 	 310 	 7.226942e+05
2200000 	 311 	 7.548798e+05
2200000 	 312 	 7.731440e+05
2200000 	 313 	 7.748309e+05
2200000 	 314 	 7.813503e+05
2200000 	 315 	 7.873161e+05
2200000 	 316 	 7.916048e+05
2200000 	 317 	 7.954593e+05
2200000 	 318 	 7.991245e+05
2200000 	 319 	 8.024505e+05
2200000 	 320 	 8.056418e+05
2200000 	 321 	 8.085232e+05
2200000 	 322 	 8.112058e+05
2200000 	 323 	 8.138027e+05
2200000 	 324 	 8.162439e+05
2200000 	 325 	 8.185924e+05
2200000 	 326 	 8.207773e+05
2200000 	 327 	 8.227947e+05
2200000 	 328 	 8.249435e+05
2200000 	 329 	 8.269442e+05
2200000 	 330 	 8.293613e+05
2200000 	 331 	 8.321101e+05
2200000 	 332 	 8.352516e+05
2200000 	 333 	 8.383937e+05
2200000 	 334 	 8.399356e+05
2200000 	 335 	 8.445886e+05
2200000 	 336 	 8.481150e+05
2200000 	 337 	 8.504846e+05
2200000 	 338 	 8.535034e+05
2200000 	 339 	 8.546042e+05
2200000 	 340 	 8.582113e+05
2400000 	 2.631920e+02 	 7.000370e+05
2400000 	 264 	 7.012157e+05
2400000 	 265 	 7.026452e+05
2400000 	 266 	 7.040514e+05
2400000 	 267 	 7.054604e+05
2400000 	 268 	 7.068234e+05
2400000 	 269 	 7.081955e+05
2400000 	 270 	 7.095243e+05
2400000 	 271 	 7.108364e+05
2400000 	 272 	 7.121653e+05
2400000 	 273 	 7.134454e+05
2400000 	 274 	 7.147036e+05
2400000 	 275 	 7.159993e+05
2400000 	 276 	 7.172367e+05
2400000 	 277 	 7.184999e+05
2400000 	 278 	 7.197172e+05
2400000 	 279 	 7.209593e+05
2400000 	 280 	 7.221553e+05
2400000 	 281 	 7.233102e+05
2400000 	 282 	 7.245510e+05
2400000 	 283 	 7.256915e+05
2400000 	 284 	 7.269005e+05
2400000 	 285 	 7.280280e+05
2400000 	 286 	 7.292210e+05
2400000 	 287 	 7.303131e+05
2400000 	 288 	 7.314889e+05
2400000 	 289 	 7.325378e+05
2400000 	 290 	 7.337257e+05
2400000 	 291 	 7.348404e+05
2400000 	 292 	 7.358809e+05
2400000 	 293 	 7.369951e+05
2400000 	 294 	 7.379948e+05
2400000 	 295 	 7.390873e+05
2400000 	 296 	 7.399230e+05
2400000 	 297 	 7.410607e+05
2400000 	 298 	 7.421001e+05
2400000 	 299 	 7.428154e+05
2400000 	 300 	 7.438978e+05
2400000 	 301 	 7.449031e+05
2400000 	 302 	 7.451983e+05
2400000 	 303 	 7.461498e+05
2400000 	 304 	 7.472020e+05
2400000 	 305 	 7.461345e+05
2400000 	 306 	 7.468056e+05
2400000 	 307 	 7.473716e+05
2400000 	 308 	 7.516896e+05
2400000 	 309 	 7.327533e+05
2400000 	 310 	 7.205010e+05
2400000 	 311 	 7.527085e+05
2400000 	 312 	 7.709948e+05
2400000 	 313 	 7.727020e+05
2400000 	 314 	 7.792426e+05
2400000 	 315 	 7.852292e+05
2400000 	 316 	 7.895346e+05
2400000 	 317 	 7.934120e+05
2400000 	 318 	 7.970921e+05
2400000 	 319 	 8.004373e+05
2400000 	 320 	 8.036470e+05
2400000 	 321 	 8.065488e+05
2400000 	 322 	 8.092468e+05
2400000 	 323 	 8.118657e+05
2400000 	 324 	 8.143187e+05
2400000 	 325 	 8.166859e+05
2400000 	 326 	 8.188869e+05
2400000 	 327 	 8.209204e+05
2400000 	 328 	 8.230822e+05
2400000 	 329 	 8.250986e+05
2400000 	 330 	 8.275318e+05
2400000 	 331 	 8.303019e+05
2400000 	 332 	 8.334555e+05
2400000 	 333 	 8.366096e+05
2400000 	 334 	 8.381675e+05
2400000 	 335 	 8.428342e+05
2400000 	 336 	 8.463729e+05
2400000 	 337 	 8.487563e+05
2400000 	 338 	 8.517888e+05
2400000 	 339 	 8.529029e+05
2400000 	 340 	 8.565227e+05
2600000 	 2.661313e+02 	 6.996366e+05
2600000 	 267 	 7.009544e+05
2600000 	 268 	 7.024355e+05
2600000 	 269 	 7.039211e+05
2600000 	 270 	 7.053572e+05
2600000 	 271 	 7.067654e+05
2600000 	 272 	 7.081879e+05
2600000 	 273 	 7.095585e+05
2600000 	 274 	 7.109016e+05
2600000 	 275 	 7.122759e+05
2600000 	 276 	 7.135915e+05
2600000 	 277 	 7.149258e+05
2600000 	 278 	 7.162077e+05
2600000 	 279 	 7.175165e+05
2600000 	 280 	 7.187775e+05
2600000 	 281 	 7.199946e+05
2600000 	 282 	 7.212913e+05
2600000 	 283 	 7.224874e+05
2600000 	 284 	 7.237508e+05
2600000 	 285 	 7.249232e+05
2600000 	 286 	 7.261703e+05
2600000 	 287 	 7.273107e+05
2600000 	 288 	 7.285331e+05
2600000 	 289 	 7.296231e+05
2600000 	 290 	 7.308548e+05
2600000 	 291 	 7.320094e+05
2600000 	 292 	 7.330902e+05
2600000 	 293 	 7.342417e+05
2600000 	 294 	 7.352788e+05
2600000 	 295 	 7.364079e+05
2600000 	 296 	 7.372783e+05
2600000 	 297 	 7.384499e+05
2600000 	 298 	 7.395218e+05
2600000 	 299 	 7.402695e+05
2600000 	 300 	 7.413832e+05
2600000 	 301 	 7.424184e+05
2600000 	 302 	 7.427434e+05
2600000 	 303 	 7.437229e+05
2600000 	 304 	 7.448036e+05
2600000 	 305 	 7.437632e+05
2600000 	 306 	 7.444611e+05
2600000 	 307 	 7.450526e+05
2600000 	 308 	 7.493954e+05
2600000 	 309 	 7.304845e+05
2600000 	 310 	 7.182570e+05
2600000 	 311 	 7.504874e+05
2600000 	 312 	 7.687952e+05
2600000 	 313 	 7.705253e+05
2600000 	 314 	 7.770882e+05
2600000 	 315 	 7.830967e+05
2600000 	 316 	 7.874247e+05
2600000 	 317 	 7.913208e+05
2600000 	 318 	 7.950224e+05
2600000 	 319 	 7.983860e+05
2600000 	 320 	 8.016147e+05
2600000 	 321 	 8.045351e+05
2600000 	 322 	 8.072535e+05
2600000 	 323 	 8.098895e+05
2600000 	 324 	 8.123633e+05
2600000 	 325 	 8.147475e+05
2600000 	 326 	 8.169638e+05
2600000 	 327 	 8.190138e+05
2600000 	 328 	 8.211909e+05
2600000 	 329 	 8.232271e+05
2600000 	 330 	 8.256762e+05
2600000 	 331 	 8.284581e+05
2600000 	 332 	 8.316286e+05
2600000 	 333 	 8.347999e+05
2600000 	 334 	 8.363711e+05
2600000 	 335 	 8.410531e+05
2600000 	 336 	 8.446055e+05
2600000 	 337 	 8.470034e+05
2600000 	 338 	 8.500500e+05
2600000 	 339 	 8.511775e+05
2600000 	 340 	 8.548119e+05
2800000 	 2.689098e+02 	 6.990941e+05
2800000 	 269 	 6.992380e+05
2800000 	 270 	 7.008130e+05
2800000 	 271 	 7.023450e+05
2800000 	 272 	 7.038871e+05
2800000 	 273 	 7.053686e+05
2800000 	 274 	 7.068159e+05
2800000 	 275 	 7.082868e+05
2800000 	 276 	 7.096943e+05
2800000 	 277 	 7.111156e+05
2800000 	 278 	 7.124763e+05
2800000 	 279 	 7.138663e+05
2800000 	 280 	 7.151990e+05
2800000 	 281 	 7.164913e+05
2800000 	 282 	 7.178505e+05
2800000 	 283 	 7.191149e+05
2800000 	 284 	 7.204387e+05
2800000 	 285 	 7.216684e+05
2800000 	 286 	 7.229706e+05
2800000 	 287 	 7.241683e+05
2800000 	 288 	 7.254403e+05
2800000 	 289 	 7.265823e+05
2800000 	 290 	 7.278636e+05
2800000 	 291 	 7.290634e+05
2800000 	 292 	 7.301871e+05
2800000 	 293 	 7.313845e+05
2800000 	 294 	 7.324595e+05
2800000 	 295 	 7.336313e+05
2800000 	 296 	 7.345394e+05
2800000 	 297 	 7.357491e+05
2800000 	 298 	 7.368575e+05
2800000 	 299 	 7.376400e+05
2800000 	 300 	 7.387883e+05
2800000 	 301 	 7.398566e+05
2800000 	 302 	 7.402137e+05
2800000 	 303 	 7.412248e+05
2800000 	 304 	 7.423360e+05
2800000 	 305 	 7.413252e+05
2800000 	 306 	 7.420523e+05
2800000 	 307 	 7.426709e+05
2800000 	 308 	 7.470410e+05
2800000 	 309 	 7.281573e+05
2800000 	 310 	 7.159556e+05
2800000 	 311 	 7.482126e+05
2800000 	 312 	 7.665443e+05
2800000 	 313 	 7.682990e+05
2800000 	 314 	 7.748846e+05
2800000 	 315 	 7.809165e+05
2800000 	 316 	 7.852669e+05
2800000 	 317 	 7.891857e+05
2800000 	 318 	 7.929092e+05
2800000 	 319 	 7.962958e+05
2800000 	 320 	 7.995449e+05
2800000 	 321 	 8.024808e+05
2800000 	 322 	 8.052194e+05
2800000 	 323 	 8.078756e+05
2800000 	 324 	 8.103655e+05
2800000 	 325 	 8.127704e+05
2800000 	 326 	 8.150057e+05
2800000 	 327 	 8.170753e+05
2800000 	 328 	 8.192731e+05
2800000 	 329 	 8.213223e+05
2800000 	 330 	 8.237875e+05
2800000 	 331 	 8.265897e+05
2800000 	 332 	 8.297728e+05
2800000 	 333 	 8.329603e+05
2800000 	 334 	 8.345484e+05
2800000 	 335 	 8.392461e+05
2800000 	 336 	 8.428114e+05
2800000 	 337 	 8.452267e+05
2800000 	 338 	 8.482863e+05
2800000 	 339 	 8.494293e+05
2800000 	 340 	 8.530766e+05
3000000 	 2.715467e+02 	 6.984165e+05
3000000 	 272 	 6.991685e+05
3000000 	 273 	 7.007945e+05
3000000 	 274 	 7.023746e+05
3000000 	 275 	 7.039658e+05
3000000 	 276 	 7.054878e+05
3000000 	 277 	 7.070184e+05
3000000 	 278 	 7.084796e+05
3000000 	 279 	 7.099652e+05
3000000 	 280 	 7.113868e+05
3000000 	 281 	 7.127654e+05
3000000 	 282 	 7.142038e+05
3000000 	 283 	 7.155442e+05
3000000 	 284 	 7.169384e+05
3000000 	 285 	 7.182386e+05
3000000 	 286 	 7.196051e+05
3000000 	 287 	 7.208656e+05
3000000 	 288 	 7.221981e+05
3000000 	 289 	 7.233990e+05
3000000 	 290 	 7.247317e+05
3000000 	 291 	 7.259857e+05
3000000 	 292 	 7.271596e+05
3000000 	 293 	 7.284075e+05
3000000 	 294 	 7.295267e+05
3000000 	 295 	 7.307468e+05
3000000 	 296 	 7.316987e+05
3000000 	 297 	 7.329492e+05
3000000 	 298 	 7.340982e+05
3000000 	 299 	 7.349175e+05
3000000 	 300 	 7.361066e+05
3000000 	 301 	 7.372101e+05
3000000 	 302 	 7.376027e+05
3000000 	 303 	 7.386484e+05
3000000 	 304 	 7.397930e+05
3000000 	 305 	 7.388152e+05
3000000 	 306 	 7.395735e+05
3000000 	 307 	 7.402227e+05
3000000 	 308 	 7.446234e+05
3000000 	 309 	 7.257676e+05
3000000 	 310 	 7.135932e+05
3000000 	 311 	 7.458775e+05
3000000 	 312 	 7.642382e+05
3000000 	 313 	 7.660182e+05
3000000 	 314 	 7.726283e+05
3000000 	 315 	 7.786852e+05
3000000 	 316 	 7.830609e+05
3000000 	 317 	 7.870043e+05
3000000 	 318 	 7.907474e+05
3000000 	 319 	 7.941562e+05
3000000 	 320 	 7.974277e+05
3000000 	 321 	 8.003885e+05
3000000 	 322 	 8.031458e+05
3000000 	 323 	 8.058236e+05
3000000 	 324 	 8.083322e+05
3000000 	 325 	 8.107589e+05
3000000 	 326 	 8.130129e+05
3000000 	 327 	 8.151002e+05
3000000 	 328 	 8.173157e+05
3000000 	 329 	 8.193860e+05
3000000 	 330 	 8.218697e+05
3000000 	 331 	 8.246860e+05
3000000 	 332 	 8.278896e+05
3000000 	 333 	 8.310921e+05
3000000 	 334 	 8.326954e+05
3000000 	 335 	 8.374103e+05
3000000 	 336 	 8.409929e+05
3000000 	 337 	 8.434215e+05
3000000 	 338 	 8.464980e+05
3000000 	 339 	 8.476564e+05
3000000 	 340 	 8.513183e+05
3200000 	 2.740578e+02 	 6.976078e+05
3200000 	 275 	 6.992284e+05
3200000 	 276 	 7.008973e+05
3200000 	 277 	 7.025641e+05
3200000 	 278 	 7.041560e+05
3200000 	 279 	 7.057554e+05
3200000 	 280 	 7.072904e+05
3200000 	 281 	 7.087749e+05
3200000 	 282 	 7.103052e+05
3200000 	 283 	 7.117391e+05
3200000 	 284 	 7.132199e+05
3200000 	 285 	 7.146019e+05
3200000 	 286 	 7.160457e+05
3200000 	 287 	 7.173782e+05
3200000 	 288 	 7.187831e+05
3200000 	 289 	 7.200505e+05
3200000 	 290 	 7.214438e+05
3200000 	 291 	 7.227606e+05
3200000 	 292 	 7.239942e+05
3200000 	 293 	 7.252914e+05
3200000 	 294 	 7.264692e+05
3200000 	 295 	 7.277403e+05
3200000 	 296 	 7.287416e+05
3200000 	 297 	 7.300380e+05
3200000 	 298 	 7.312344e+05
3200000 	 299 	 7.320935e+05
3200000 	 300 	 7.333301e+05
3200000 	 301 	 7.344706e+05
3200000 	 302 	 7.349032e+05
3200000 	 303 	 7.359882e+05
3200000 	 304 	 7.371689e+05
3200000 	 305 	 7.362265e+05
3200000 	 306 	 7.370193e+05
3200000 	 307 	 7.377021e+05
3200000 	 308 	 7.421332e+05
3200000 	 309 	 7.233104e+05
3200000 	 310 	 7.111678e+05
3200000 	 311 	 7.434808e+05
3200000 	 312 	 7.618693e+05
3200000 	 313 	 7.636784e+05
3200000 	 314 	 7.703175e+05
3200000 	 315 	 7.763998e+05
3200000 	 316 	 7.808014e+05
3200000 	 317 	 7.847689e+05
3200000 	 318 	 7.885394e+05
3200000 	 319 	 7.919704e+05
3200000 	 320 	 7.952639e+05
3200000 	 321 	 7.982492e+05
3200000 	 322 	 8.010310e+05
3200000 	 323 	 8.037292e+05
3200000 	 324 	 8.062599e+05
3200000 	 325 	 8.087090e+05
3200000 	 326 	 8.109835e+05
3200000 	 327 	 8.130903e+05
3200000 	 328 	 8.153280e+05
3200000 	 329 	 8.174142e+05
3200000 	 330 	 8.199143e+05
3200000 	 331 	 8.227520e+05
3200000 	 332 	 8.259723e+05
3200000 	 333 	 8.291926e+05
3200000 	 334 	 8.308137e+05
3200000 	 335 	 8.355460e+05
3200000 	 336 	 8.391452e+05
3200000 	 337 	 8.415897e+05
3200000 	 338 	 8.446822e+05
3200000 	 339 	 8.458569e+05
3200000 	 340 	 8.495349e+05
3400000 	 2.764562e+02 	 6.966701e+05
3400000 	 277 	 6.976553e+05
3400000 	 278 	 6.994151e+05
3400000 	 279 	 7.011649e+05
3400000 	 280 	 7.028403e+05
3400000 	 281 	 7.044578e+05
3400000 	 282 	 7.061061e+05
3400000 	 283 	 7.076533e+05
3400000 	 284 	 7.092382e+05
3400000 	 285 	 7.107190e+05
3400000 	 286 	 7.122552e+05
3400000 	 287 	 7.136773e+05
3400000 	 288 	 7.151647e+05
3400000 	 289 	 7.165106e+05
3400000 	 290 	 7.179780e+05
3400000 	 291 	 7.193686e+05
3400000 	 292 	 7.206659e+05
3400000 	 293 	 7.220270e+05
3400000 	 294 	 7.232676e+05
3400000 	 295 	 7.245962e+05
3400000 	 296 	 7.256513e+05
3400000 	 297 	 7.270013e+05
3400000 	 298 	 7.282532e+05
3400000 	 299 	 7.291615e+05
3400000 	 300 	 7.304451e+05
3400000 	 301 	 7.316294e+05
3400000 	 302 	 7.321073e+05
3400000 	 303 	 7.332359e+05
3400000 	 304 	 7.344532e+05
3400000 	 305 	 7.335526e+05
3400000 	 306 	 7.343832e+05
3400000 	 307 	 7.351039e+05
3400000 	 308 	 7.395712e+05
3400000 	 309 	 7.207811e+05
3400000 	 310 	 7.086718e+05
3400000 	 311 	 7.410144e+05
3400000 	 312 	 7.594387e+05
3400000 	 313 	 7.612764e+05
3400000 	 314 	 7.679462e+05
3400000 	 315 	 7.740565e+05
3400000 	 316 	 7.784895e+05
3400000 	 317 	 7.824823e+05
3400000 	 318 	 7.862797e+05
3400000 	 319 	 7.897367e+05
3400000 	 320 	 7.930574e+05
3400000 	 321 	 7.960664e+05
3400000 	 322 	 7.988713e+05
3400000 	 323 	 8.015912e+05
3400000 	 324 	 8.041463e+05
3400000 	 325 	 8.066170e+05
3400000 	 326 	 8.089122e+05
3400000 	 327 	 8.110425e+05
3400000 	 328 	 8.132954e+05
3400000 	 329 	 8.154024e+05
3400000 	 330 	 8.179285e+05
3400000 	 331 	 8.207866e+05
3400000 	 332 	 8.240220e+05
3400000 	 333 	 8.272617e+05
3400000 	 334 	 8.289013e+05
3400000 	 335 	 8.336517e+05
3400000 	 336 	 8.372681e+05
3400000 	 337 	 8.397312e+05
3400000 	 338 	 8.428397e+05
3400000 	 339 	 8.440305e+05
3400000 	 340 	 8.477248e+05
3600000 	 2.787528e+02 	 6.956032e+05
3600000 	 279 	 6.960752e+05
3600000 	 280 	 6.979400e+05
3600000 	 281 	 6.997263e+05
3600000 	 282 	 7.015280e+05
3600000 	 283 	 7.032180e+05
3600000 	 284 	 7.049372e+05
3600000 	 285 	 7.065400e+05
3600000 	 286 	 7.081901e+05
3600000 	 287 	 7.097192e+05
3600000 	 288 	 7.113047e+05
3600000 	 289 	 7.127461e+05
3600000 	 290 	 7.143032e+05
3600000 	 291 	 7.157772e+05
3600000 	 292 	 7.171548e+05
3600000 	 293 	 7.185916e+05
3600000 	 294 	 7.199005e+05
3600000 	 295 	 7.212957e+05
3600000 	 296 	 7.224148e+05
3600000 	 297 	 7.238264e+05
3600000 	 298 	 7.251388e+05
3600000 	 299 	 7.261021e+05
3600000 	 300 	 7.274381e+05
3600000 	 301 	 7.286742e+05
3600000 	 302 	 7.292022e+05
3600000 	 303 	 7.303778e+05
3600000 	 304 	 7.316390e+05
3600000 	 305 	 7.307857e+05
3600000 	 306 	 7.316572e+05
3600000 	 307 	 7.324198e+05
3600000 	 308 	 7.369228e+05
3600000 	 309 	 7.181714e+05
3600000 	 310 	 7.060982e+05
3600000 	 311 	 7.384798e+05
3600000 	 312 	 7.569357e+05
3600000 	 313 	 7.588070e+05
3600000 	 314 	 7.655083e+05
3600000 	 315 	 7.716514e+05
3600000 	 316 	 7.761137e+05
3600000 	 317 	 7.801360e+05
3600000 	 318 	 7.839608e+05
3600000 	 319 	 7.874490e+05
3600000 	 320 	 7.907953e+05
3600000 	 321 	 7.938293e+05
3600000 	 322 	 7.966639e+05
3600000 	 323 	 7.994052e+05
3600000 	 324 	 8.019853e+05
3600000 	 325 	 8.044788e+05
3600000 	 326 	 8.067972e+05
3600000 	 327 	 8.089520e+05
3600000 	 328 	 8.112285e+05
3600000 	 329 	 8.133595e+05
3600000 	 330 	 8.159014e+05
3600000 	 331 	 8.187821e+05
3600000 	 332 	 8.220405e+05
3600000 	 333 	 8.252996e+05
3600000 	 334 	 8.269562e+05
3600000 	 335 	 8.317255e+05
3600000 	 336 	 8.353611e+05
3600000 	 337 	 8.378419e+05
3600000 	 338 	 8.409673e+05
3600000 	 339 	 8.421771e+05
3600000 	 340 	 8.458875e+05
3800000 	 2.809571e+02 	 6.944051e+05
3800000 	 281 	 6.944895e+05
3800000 	 282 	 6.964596e+05
3800000 	 283 	 6.983398e+05
3800000 	 284 	 7.002322e+05
3800000 	 285 	 7.019911e+05
3800000 	 286 	 7.037872e+05
3800000 	 287 	 7.054471e+05
3800000 	 288 	 7.071551e+05
3800000 	 289 	 7.087157e+05
3800000 	 290 	 7.103794e+05
3800000 	 291 	 7.119537e+05
3800000 	 292 	 7.134244e+05
3800000 	 293 	 7.149516e+05
3800000 	 294 	 7.163414e+05
3800000 	 295 	 7.178185e+05
3800000 	 296 	 7.190078e+05
3800000 	 297 	 7.204934e+05
3800000 	 298 	 7.218724e+05
3800000 	 299 	 7.228977e+05
3800000 	 300 	 7.242962e+05
3800000 	 301 	 7.255921e+05
3800000 	 302 	 7.261741e+05
3800000 	 303 	 7.274036e+05
3800000 	 304 	 7.287184e+05
3800000 	 305 	 7.279148e+05
3800000 	 306 	 7.288301e+05
3800000 	 307 	 7.296389e+05
3800000 	 308 	 7.341882e+05
3800000 	 309 	 7.154757e+05
3800000 	 310 	 7.034414e+05
3800000 	 311 	 7.358640e+05
3800000 	 312 	 7.543585e+05
3800000 	 313 	 7.562652e+05
3800000 	 314 	 7.630006e+05
3800000 	 315 	 7.691783e+05
3800000 	 316 	 7.736746e+05
3800000 	 317 	 7.777310e+05
3800000 	 318 	 7.815857e+05
3800000 	 319 	 7.851028e+05
3800000 	 320 	 7.884779e+05
3800000 	 321 	 7.915407e+05
3800000 	 322 	 7.944030e+05
3800000 	 323 	 7.971732e+05
3800000 	 324 	 7.997810e+05
3800000 	 325 	 8.022980e+05
3800000 	 326 	 8.046400e+05
3800000 	 327 	 8.068176e+05
3800000 	 328 	 8.091207e+05
3800000 	 329 	 8.112739e+05
3800000 	 330 	 8.138381e+05
3800000 	 331 	 8.167396e+05
3800000 	 332 	 8.200194e+05
3800000 	 333 	 8.232988e+05
3800000 	 334 	 8.249776e+05
3800000 	 335 	 8.297674e+05
3800000 	 336 	 8.334221e+05
3800000 	 337 	 8.359220e+05
3800000 	 338 	 8.390657e+05
3800000 	 339 	 8.402932e+05
3800000 	 340 	 8.440226e+05
4000000 	 2.830769e+02 	 6.930716e+05
4000000 	 284 	 6.949888e+05
4000000 	 285 	 6.969617e+05
4000000 	 286 	 6.989482e+05
4000000 	 287 	 7.007787e+05
4000000 	 288 	 7.026471e+05
4000000 	 289 	 7.043553e+05
4000000 	 290 	 7.061506e+05
4000000 	 291 	 7.078499e+05
4000000 	 292 	 7.094325e+05
4000000 	 293 	 7.110682e+05
4000000 	 294 	 7.125594e+05
4000000 	 295 	 7.141303e+05
4000000 	 296 	 7.154051e+05
4000000 	 297 	 7.169772e+05
4000000 	 298 	 7.184359e+05
4000000 	 299 	 7.195344e+05
4000000 	 300 	 7.209995e+05
4000000 	 301 	 7.223654e+05
4000000 	 302 	 7.230133e+05
4000000 	 303 	 7.243038e+05
4000000 	 304 	 7.256720e+05
4000000 	 305 	 7.249269e+05
4000000 	 306 	 7.258934e+05
4000000 	 307 	 7.267549e+05
4000000 	 308 	 7.313506e+05
4000000 	 309 	 7.126849e+05
4000000 	 310 	 7.006932e+05
4000000 	 311 	 7.331603e+05
4000000 	 312 	 7.517001e+05
4000000 	 313 	 7.536435e+05
4000000 	 314 	 7.604211e+05
4000000 	 315 	 7.666320e+05
4000000 	 316 	 7.711655e+05
4000000 	 317 	 7.752550e+05
4000000 	 318 	 7.791435e+05
4000000 	 319 	 7.826958e+05
4000000 	 320 	 7.860995e+05
4000000 	 321 	 7.891953e+05
4000000 	 322 	 7.920834e+05
4000000 	 323 	 7.948872e+05
4000000 	 324 	 7.975202e+05
4000000 	 325 	 8.000666e+05
4000000 	 326 	 8.024361e+05
4000000 	 327 	 8.046394e+05
4000000 	 328 	 8.069662e+05
4000000 	 329 	 8.091438e+05
4000000 	 330 	 8.117343e+05
4000000 	 331 	 8.146575e+05
4000000 	 332 	 8.179603e+05
4000000 	 333 	 8.212640e+05
4000000 	 334 	 8.229630e+05
4000000 	 335 	 8.277729e+05
4000000 	 336 	 8.314488e+05
4000000 	 337 	 8.339684e+05
4000000 	 338 	 8.371333e+05
4000000 	 339 	 8.383790e+05
4000000 	 340 	 8.421282e+05
4200000 	 2.851194e+02 	 6.915967e+05
4200000 	 286 	 6.935267e+05
4200000 	 287 	 6.955933e+05
4200000 	 288 	 6.976775e+05
4200000 	 289 	 6.995752e+05
4200000 	 290 	 7.015435e+05
4200000 	 291 	 7.033995e+05
4200000 	 292 	 7.051244e+05
4200000 	 293 	 7.068939e+05
4200000 	 294 	 7.085102e+05
4200000 	 295 	 7.101929e+05
4200000 	 296 	 7.115732e+05
4200000 	 297 	 7.132444e+05
4200000 	 298 	 7.147988e+05
4200000 	 299 	 7.159844e+05
4200000 	 300 	 7.175278e+05
4200000 	 301 	 7.189728e+05
4200000 	 302 	 7.196943e+05
4200000 	 303 	 7.210577e+05
4200000 	 304 	 7.224882e+05
4200000 	 305 	 7.218094e+05
4200000 	 306 	 7.228341e+05
4200000 	 307 	 7.237534e+05
4200000 	 308 	 7.284011e+05
4200000 	 309 	 7.097872e+05
4200000 	 310 	 6.978453e+05
4200000 	 311 	 7.303618e+05
4200000 	 312 	 7.489474e+05
4200000 	 313 	 7.509327e+05
4200000 	 314 	 7.577596e+05
4200000 	 315 	 7.640067e+05
4200000 	 316 	 7.685808e+05
4200000 	 317 	 7.727075e+05
4200000 	 318 	 7.766339e+05
4200000 	 319 	 7.802204e+05
4200000 	 320 	 7.836641e+05
4200000 	 321 	 7.867915e+05
4200000 	 322 	 7.897108e+05
4200000 	 323 	 7.925424e+05
4200000 	 324 	 7.952090e+05
4200000 	 325 	 7.977851e+05
4200000 	 326 	 8.001834e+05
4200000 	 327 	 8.024115e+05
4200000 	 328 	 8.047665e+05
4200000 	 329 	 8.069694e+05
4200000 	 330 	 8.095874e+05
4200000 	 331 	 8.125352e+05
4200000 	 332 	 8.158614e+05
4200000 	 333 	 8.191880e+05
4200000 	 334 	 8.209104e+05
4200000 	 335 	 8.257433e+05
4200000 	 336 	 8.294409e+05
4200000 	 337 	 8.319821e+05
4200000 	 338 	 8.351679e+05
4200000 	 339 	 8.364342e+05
4200000 	 340 	 8.402038e+05
4400000 	 2.870903e+02 	 6.899716e+05
4400000 	 288 	 6.920768e+05
4400000 	 289 	 6.942396e+05
4400000 	 290 	 6.964409e+05
4400000 	 291 	 6.985055e+05
4400000 	 292 	 7.004184e+05
4400000 	 293 	 7.023573e+05
4400000 	 294 	 7.041291e+05
4400000 	 295 	 7.059527e+05
4400000 	 296 	 7.074641e+05
4400000 	 297 	 7.092560e+05
4400000 	 298 	 7.109238e+05
4400000 	 299 	 7.122139e+05
4400000 	 300 	 7.138526e+05
4400000 	 301 	 7.153907e+05
4400000 	 302 	 7.161955e+05
4400000 	 303 	 7.176434e+05
4400000 	 304 	 7.191502e+05
4400000 	 305 	 7.185439e+05
4400000 	 306 	 7.196355e+05
4400000 	 307 	 7.206181e+05
4400000 	 308 	 7.253299e+05
4400000 	 309 	 7.067741e+05
4400000 	 310 	 6.948885e+05
4400000 	 311 	 7.274582e+05
4400000 	 312 	 7.460966e+05
4400000 	 313 	 7.481289e+05
4400000 	 314 	 7.550033e+05
4400000 	 315 	 7.612958e+05
4400000 	 316 	 7.659135e+05
4400000 	 317 	 7.700841e+05
4400000 	 318 	 7.740478e+05
4400000 	 319 	 7.776772e+05
4400000 	 320 	 7.811553e+05
4400000 	 321 	 7.843192e+05
4400000 	 322 	 7.872741e+05
4400000 	 323 	 7.901391e+05
4400000 	 324 	 7.928384e+05
4400000 	 325 	 7.954473e+05
4400000 	 326 	 7.978755e+05
4400000 	 327 	 8.001366e+05
4400000 	 328 	 8.025190e+05
4400000 	 329 	 8.047541e+05
4400000 	 330 	 8.073932e+05
4400000 	 331 	 8.103669e+05
4400000 	 332 	 8.137202e+05
4400000 	 333 	 8.170724e+05
4400000 	 334 	 8.188188e+05
4400000 	 335 	 8.236753e+05
4400000 	 336 	 8.273963e+05
4400000 	 337 	 8.299605e+05
4400000 	 338 	 8.331679e+05
4400000 	 339 	 8.344553e+05
4400000 	 340 	 8.382453e+05
4600000 	 2.889951e+02 	 6.881850e+05
4600000 	 289 	 6.881970e+05
4600000 	 290 	 6.906518e+05
4600000 	 291 	 6.930146e+05
4600000 	 292 	 6.951865e+05
4600000 	 293 	 6.973517e+05
4600000 	 294 	 6.993284e+05
4600000 	 295 	 7.013366e+05
4600000 	 296 	 7.030095e+05
4600000 	 297 	 7.049533e+05
4600000 	 298 	 7.067617e+05
4600000 	 299 	 7.081808e+05
4600000 	 300 	 7.099355e+05
4600000 	 301 	 7.115858e+05
4600000 	 302 	 7.124917e+05
4600000 	 303 	 7.140338e+05
4600000 	 304 	 7.156303e+05
4600000 	 305 	 7.151081e+05
4600000 	 306 	 7.162775e+05
4600000 	 307 	 7.173355e+05
4600000 	 308 	 7.221190e+05
4600000 	 309 	 7.036302e+05
4600000 	 310 	 6.918050e+05
4600000 	 311 	 7.244393e+05
4600000 	 312 	 7.431337e+05
4600000 	 313 	 7.452227e+05
4600000 	 314 	 7.521501e+05
4600000 	 315 	 7.584853e+05
4600000 	 316 	 7.631607e+05
4600000 	 317 	 7.673744e+05
4600000 	 318 	 7.713841e+05
4600000 	 319 	 7.750550e+05
4600000 	 320 	 7.785698e+05
4600000 	 321 	 7.817729e+05
4600000 	 322 	 7.847701e+05
4600000 	 323 	 7.876708e+05
4600000 	 324 	 7.904081e+05
4600000 	 325 	 7.930488e+05
4600000 	 326 	 7.955110e+05
4600000 	 327 	 7.978039e+05
4600000 	 328 	 8.002156e+05
4600000 	 329 	 8.024808e+05
4600000 	 330 	 8.051552e+05
4600000 	 331 	 8.081570e+05
4600000 	 332 	 8.115353e+05
4600000 	 333 	 8.149136e+05
4600000 	 334 	 8.166867e+05
4600000 	 335 	 8.215681e+05
4600000 	 336 	 8.253135e+05
4600000 	 337 	 8.279005e+05
4600000 	 338 	 8.311324e+05
4600000 	 339 	 8.324428e+05
4600000 	 340 	 8.362542e+05
4800000 	 2.908382e+02 	 6.862221e+05
4800000 	 291 	 6.866593e+05
4800000 	 292 	 6.892180e+05
4800000 	 293 	 6.917101e+05
4800000 	 294 	 6.939695e+05
4800000 	 295 	 6.962290e+05
4800000 	 296 	 6.981206e+05
4800000 	 297 	 7.002599e+05
4800000 	 298 	 7.022461e+05
4800000 	 299 	 7.038263e+05
4800000 	 300 	 7.057262e+05
4800000 	 301 	 7.075113e+05
4800000 	 302 	 7.085444e+05
4800000 	 303 	 7.101950e+05
4800000 	 304 	 7.119014e+05
4800000 	 305 	 7.114758e+05
4800000 	 306 	 7.127393e+05
4800000 	 307 	 7.138863e+05
4800000 	 308 	 7.187491e+05
4800000 	 309 	 7.003367e+05
4800000 	 310 	 6.885847e+05
4800000 	 311 	 7.212878e+05
4800000 	 312 	 7.400474e+05
4800000 	 313 	 7.421991e+05
4800000 	 314 	 7.491829e+05
4800000 	 315 	 7.555759e+05
4800000 	 316 	 7.603068e+05
4800000 	 317 	 7.645677e+05
4800000 	 318 	 7.686269e+05
4800000 	 319 	 7.723512e+05
4800000 	 320 	 7.759039e+05
4800000 	 321 	 7.791545e+05
4800000 	 322 	 7.821948e+05
4800000 	 323 	 7.851320e+05
4800000 	 324 	 7.879077e+05
4800000 	 325 	 7.905846e+05
4800000 	 326 	 7.930878e+05
4800000 	 327 	 7.954149e+05
4800000 	 328 	 7.978605e+05
4800000 	 329 	 8.001563e+05
4800000 	 330 	 8.028615e+05
4800000 	 331 	 8.058946e+05
4800000 	 332 	 8.093024e+05
4800000 	 333 	 8.127091e+05
4800000 	 334 	 8.145098e+05
4800000 	 335 	 8.194187e+05
4800000 	 336 	 8.231897e+05
4800000 	 337 	 8.258024e+05
4800000 	 338 	 8.290588e+05
4800000 	 339 	 8.303934e+05
4800000 	 340 	 8.342280e+05
5000000 	 2.926239e+02 	 6.840635e+05
5000000 	 293 	 6.851399e+05
5000000 	 294 	 6.878201e+05
5000000 	 295 	 6.904397e+05
5000000 	 296 	 6.926501e+05
5000000 	 297 	 6.950552e+05
5000000 	 298 	 6.972790e+05
5000000 	 299 	 6.990671e+05
5000000 	 300 	 7.011526e+05
5000000 	 301 	 7.031078e+05
5000000 	 302 	 7.042976e+05
5000000 	 303 	 7.060858e+05
5000000 	 304 	 7.079233e+05
5000000 	 305 	 7.076180e+05
5000000 	 306 	 7.089903e+05
5000000 	 307 	 7.102386e+05
5000000 	 308 	 7.152005e+05
5000000 	 309 	 6.968749e+05
5000000 	 310 	 6.852103e+05
5000000 	 311 	 7.179862e+05
5000000 	 312 	 7.368212e+05
5000000 	 313 	 7.390423e+05
5000000 	 314 	 7.460982e+05
5000000 	 315 	 7.525523e+05
5000000 	 316 	 7.573434e+05
5000000 	 317 	 7.616637e+05
5000000 	 318 	 7.657723e+05
5000000 	 319 	 7.695512e+05
5000000 	 320 	 7.731535e+05
5000000 	 321 	 7.764517e+05
5000000 	 322 	 7.795390e+05
5000000 	 323 	 7.825240e+05
5000000 	 324 	 7.853385e+05
5000000 	 325 	 7.880528e+05
5000000 	 326 	 7.906023e+05
5000000 	 327 	 7.929631e+05
5000000 	 328 	 7.954461e+05
5000000 	 329 	 7.977754e+05
5000000 	 330 	 8.005123e+05
5000000 	 331 	 8.035815e+05
5000000 	 332 	 8.070183e+05
5000000 	 333 	 8.104553e+05
5000000 	 334 	 8.122866e+05
5000000 	 335 	 8.172240e+05
5000000 	 336 	 8.210231e+05
5000000 	 337 	 8.236634e+05
5000000 	 338 	 8.269461e+05
5000000 	 339 	 8.283049e+05
5000000 	 340 	 8.321657e+05
5200000 	 2.943556e+02 	 6.816843e+05
5200000 	 295 	 6.836441e+05
5200000 	 296 	 6.863497e+05
5200000 	 297 	 6.891447e+05
5200000 	 298 	 6.917028e+05
5200000 	 299 	 6.937799e+05
5200000 	 300 	 6.961129e+05
5200000 	 301 	 6.982916e+05
5200000 	 302 	 6.996786e+05
5200000 	 303 	 7.016467e+05
5200000 	 304 	 7.036435e+05
5200000 	 305 	 7.034872e+05
5200000 	 306 	 7.049922e+05
5200000 	 307 	 7.063607e+05
5200000 	 308 	 7.114394e+05
5200000 	 309 	 6.932189e+05
5200000 	 310 	 6.816469e+05
5200000 	 311 	 7.145173e+05
5200000 	 312 	 7.334400e+05
5200000 	 313 	 7.357439e+05
5200000 	 314 	 7.428757e+05
5200000 	 315 	 7.493983e+05
5200000 	 316 	 7.542586e+05
5200000 	 317 	 7.586440e+05
5200000 	 318 	 7.628166e+05
5200000 	 319 	 7.666501e+05
5200000 	 320 	 7.703064e+05
5200000 	 321 	 7.736560e+05
5200000 	 322 	 7.767940e+05
5200000 	 323 	 7.798296e+05
5200000 	 324 	 7.826903e+05
5200000 	 325 	 7.854524e+05
5200000 	 326 	 7.880387e+05
5200000 	 327 	 7.904486e+05
5200000 	 328 	 7.929668e+05
5200000 	 329 	 7.953345e+05
5200000 	 330 	 7.981077e+05
5200000 	 331 	 8.012070e+05
5200000 	 332 	 8.046781e+05
5200000 	 333 	 8.081488e+05
5200000 	 334 	 8.100112e+05
5200000 	 335 	 8.149841e+05
5200000 	 336 	 8.188122e+05
5200000 	 337 	 8.214789e+05
5200000 	 338 	 8.247909e+05
5200000 	 339 	 8.261779e+05
5200000 	 340 	 8.300651e+05
5400000 	 2.960365e+02 	 6.790517e+05
5400000 	 297 	 6.821603e+05
5400000 	 298 	 6.852450e+05
5400000 	 299 	 6.877582e+05
5400000 	 300 	 6.904375e+05
5400000 	 301 	 6.929300e+05
5400000 	 302 	 6.945851e+05
5400000 	 303 	 6.967876e+05
5400000 	 304 	 6.989869e+05
5400000 	 305 	 6.990183e+05
5400000 	 306 	 7.006905e+05
5400000 	 307 	 7.022080e+05
5400000 	 308 	 7.074254e+05
5400000 	 309 	 6.893353e+05
5400000 	 310 	 6.778784e+05
5400000 	 311 	 7.108532e+05
5400000 	 312 	 7.298789e+05
5400000 	 313 	 7.322768e+05
5400000 	 314 	 7.394977e+05
5400000 	 315 	 7.461030e+05
5400000 	 316 	 7.510428e+05
5400000 	 317 	 7.554963e+05
5400000 	 318 	 7.597369e+05
5400000 	 319 	 7.636355e+05
5400000 	 320 	 7.673555e+05
5400000 	 321 	 7.707637e+05
5400000 	 322 	 7.739638e+05
5400000 	 323 	 7.770456e+05
5400000 	 324 	 7.799604e+05
5400000 	 325 	 7.827704e+05
5400000 	 326 	 7.854053e+05
5400000 	 327 	 7.878516e+05
5400000 	 328 	 7.904141e+05
5400000 	 329 	 7.928274e+05
5400000 	 330 	 7.956371e+05
5400000 	 331 	 7.987797e+05
5400000 	 332 	 8.022830e+05
5400000 	 333 	 8.057861e+05
5400000 	 334 	 8.076867e+05
5400000 	 335 	 8.126956e+05
5400000 	 336 	 8.165561e+05
5400000 	 337 	 8.192492e+05
5400000 	 338 	 8.225941e+05
5400000 	 339 	 8.240096e+05
5400000 	 340 	 8.279229e+05
5600000 	 2.976695e+02 	 6.761220e+05
5600000 	 298 	 6.773502e+05
5600000 	 299 	 6.806131e+05
5600000 	 300 	 6.838431e+05
5600000 	 301 	 6.868084e+05
5600000 	 302 	 6.888421e+05
5600000 	 303 	 6.913782e+05
5600000 	 304 	 6.938502e+05
5600000 	 305 	 6.941245e+05
5600000 	 306 	 6.960121e+05
5600000 	 307 	 6.977219e+05
5600000 	 308 	 7.031084e+05
5600000 	 309 	 6.851770e+05
5600000 	 310 	 6.738575e+05
5600000 	 311 	 7.069703e+05
5600000 	 312 	 7.261111e+05
5600000 	 313 	 7.286160e+05
5600000 	 314 	 7.359400e+05
5600000 	 315 	 7.426440e+05
5600000 	 316 	 7.476698e+05
5600000 	 317 	 7.522066e+05
5600000 	 318 	 7.565278e+05
5600000 	 319 	 7.604963e+05
5600000 	 320 	 7.642882e+05
5600000 	 321 	 7.677659e+05
5600000 	 322 	 7.710268e+05
5600000 	 323 	 7.741691e+05
5600000 	 324 	 7.771351e+05
5600000 	 325 	 7.800015e+05
5600000 	 326 	 7.826883e+05
5600000 	 327 	 7.851823e+05
5600000 	 328 	 7.877916e+05
5600000 	 329 	 7.902538e+05
5600000 	 330 	 7.931014e+05
5600000 	 331 	 7.962899e+05
5600000 	 332 	 7.998294e+05
5600000 	 333 	 8.033683e+05
5600000 	 334 	 8.053064e+05
5600000 	 335 	 8.103531e+05
5600000 	 336 	 8.142474e+05
5600000 	 337 	 8.169717e+05
5600000 	 338 	 8.203511e+05
5600000 	 339 	 8.217990e+05
5600000 	 340 	 8.257374e+05
5800000 	 2.992571e+02 	 6.728354e+05
5800000 	 300 	 6.757482e+05
5800000 	 301 	 6.795179e+05
5800000 	 302 	 6.821508e+05
5800000 	 303 	 6.851950e+05
5800000 	 304 	 6.880592e+05
5800000 	 305 	 6.886816e+05
5800000 	 306 	 6.908521e+05
5800000 	 307 	 6.928126e+05
5800000 	 308 	 6.984207e+05
5800000 	 309 	 6.806833e+05
5800000 	 310 	 6.695421e+05
5800000 	 311 	 7.028069e+05
5800000 	 312 	 7.220981e+05
5800000 	 313 	 7.247324e+05
5800000 	 314 	 7.321810e+05
5800000 	 315 	 7.389974e+05
5800000 	 316 	 7.441239e+05
5800000 	 317 	 7.487566e+05
5800000 	 318 	 7.531708e+05
5800000 	 319 	 7.572259e+05
5800000 	 320 	 7.610873e+05
5800000 	 321 	 7.646437e+05
5800000 	 322 	 7.679721e+05
5800000 	 323 	 7.711844e+05
5800000 	 324 	 7.742075e+05
5800000 	 325 	 7.771363e+05
5800000 	 326 	 7.798813e+05
5800000 	 327 	 7.824312e+05
5800000 	 328 	 7.850925e+05
5800000 	 329 	 7.876022e+05
5800000 	 330 	 7.904960e+05
5800000 	 331 	 7.937302e+05
5800000 	 332 	 7.973118e+05
5800000 	 333 	 8.008930e+05
5800000 	 334 	 8.028696e+05
5800000 	 335 	 8.079547e+05
5800000 	 336 	 8.118848e+05
5800000 	 337 	 8.146471e+05
5800000 	 338 	 8.180582e+05
5800000 	 339 	 8.195389e+05
5800000 	 340 	 8.235087e+05
6000000 	 3.008015e+02 	 6.691070e+05
6000000 	 301 	 6.700548e+05
6000000 	 302 	 6.739148e+05
6000000 	 303 	 6.778077e+05
6000000 	 304 	 6.813195e+05
6000000 	 305 	 6.824686e+05
6000000 	 306 	 6.850421e+05
6000000 	 307 	 6.873448e+05
6000000 	 308 	 6.932541e+05
6000000 	 309 	 6.757727e+05
6000000 	 310 	 6.648612e+05
6000000 	 311 	 6.983218e+05
6000000 	 312 	 7.177940e+05
6000000 	 313 	 7.205876e+05
6000000 	 314 	 7.281822e+05
6000000 	 315 	 7.351302e+05
6000000 	 316 	 7.403797e+05
6000000 	 317 	 7.451241e+05
6000000 	 318 	 7.496430e+05
6000000 	 319 	 7.537975e+05
6000000 	 320 	 7.577446e+05
6000000 	 321 	 7.613857e+05
6000000 	 322 	 7.647953e+05
6000000 	 323 	 7.680826e+05
6000000 	 324 	 7.711777e+05
6000000 	 325 	 7.741717e+05
6000000 	 326 	 7.769730e+05
6000000 	 327 	 7.795866e+05
6000000 	 328 	 7.823041e+05
6000000 	 329 	 7.848670e+05
6000000 	 330 	 7.878106e+05
6000000 	 331 	 7.910989e+05
6000000 	 332 	 7.947230e+05
6000000 	 333 	 7.983514e+05
6000000 	 334 	 8.003683e+05
6000000 	 335 	 8.054959e+05
6000000 	 336 	 8.094646e+05
6000000 	 337 	 8.122653e+05
6000000 	 338 	 8.157127e+05
6000000 	 339 	 8.172299e+05
6000000 	 340 	 8.212342e+05
6200000 	 3.023047e+02 	 6.648114e+05
6200000 	 303 	 6.682254e+05
6200000 	 304 	 6.730117e+05
6200000 	 305 	 6.750571e+05
6200000 	 306 	 6.782915e+05
6200000 	 307 	 6.811100e+05
6200000 	 308 	 6.874516e+05
6200000 	 309 	 6.703185e+05
6200000 	 310 	 6.597046e+05
6200000 	 311 	 6.934202e+05
6200000 	 312 	 7.131249e+05
6200000 	 313 	 7.161222e+05
6200000 	 314 	 7.238966e+05
6200000 	 315 	 7.310060e+05
6200000 	 316 	 7.363970e+05
6200000 	 317 	 7.412812e+05
6200000 	 318 	 7.459212e+05
6200000 	 319 	 7.501855e+05
6200000 	 320 	 7.542392e+05
6200000 	 321 	 7.579808e+05
6200000 	 322 	 7.614769e+05
6200000 	 323 	 7.648510e+05
6200000 	 324 	 7.680263e+05
6200000 	 325 	 7.710884e+05
6200000 	 326 	 7.739626e+05
6200000 	 327 	 7.766408e+05
6200000 	 328 	 7.794225e+05
6200000 	 329 	 7.820471e+05
6200000 	 330 	 7.850443e+05
6200000 	 331 	 7.883883e+05
6200000 	 332 	 7.920594e+05
6200000 	 333 	 7.957385e+05
6200000 	 334 	 7.978031e+05
6200000 	 335 	 8.029731e+05
6200000 	 336 	 8.069869e+05
6200000 	 337 	 8.098262e+05
6200000 	 338 	 8.133147e+05
6200000 	 339 	 8.148706e+05
6200000 	 340 	 8.189075e+05
6400000 	 3.037681e+02 	 6.597506e+05
6400000 	 304 	 6.612598e+05
6400000 	 305 	 6.654829e+05
6400000 	 306 	 6.700123e+05
6400000 	 307 	 6.737211e+05
6400000 	 308 	 6.807277e+05
6400000 	 309 	 6.641215e+05
6400000 	 310 	 6.539197e+05
6400000 	 311 	 6.880046e+05
6400000 	 312 	 7.079978e+05
6400000 	 313 	 7.112599e+05
6400000 	 314 	 7.192633e+05
6400000 	 315 	 7.265712e+05
6400000 	 316 	 7.321453e+05
6400000 	 317 	 7.371860e+05
6400000 	 318 	 7.419737e+05
6400000 	 319 	 7.463736e+05
6400000 	 320 	 7.505447e+05
6400000 	 321 	 7.543979e+05
6400000 	 322 	 7.579999e+05
6400000 	 323 	 7.614713e+05
6400000 	 324 	 7.647354e+05
6400000 	 325 	 7.678827e+05
6400000 	 326 	 7.708357e+05
6400000 	 327 	 7.735872e+05
6400000 	 328 	 7.764372e+05
6400000 	 329 	 7.791294e+05
6400000 	 330 	 7.821883e+05
6400000 	 331 	 7.855900e+05
6400000 	 332 	 7.893209e+05
6400000 	 333 	 7.930489e+05
6400000 	 334 	 7.951638e+05
6400000 	 335 	 8.003829e+05
6400000 	 336 	 8.044445e+05
6400000 	 337 	 8.073274e+05
6400000 	 338 	 8.108577e+05
6400000 	 339 	 8.124572e+05
6400000 	 340 	 8.165298e+05
6600000 	 3.051933e+02 	 6.535832e+05
6600000 	 306 	 6.584618e+05
6600000 	 307 	 6.642810e+05
6600000 	 308 	 6.725434e+05
6600000 	 309 	 6.568256e+05
6600000 	 310 	 6.472597e+05
6600000 	 311 	 6.818599e+05
6600000 	 312 	 7.022618e+05
6600000 	 313 	 7.058922e+05
6600000 	 314 	 7.142001e+05
6600000 	 315 	 7.217590e+05
6600000 	 316 	 7.275545e+05
6600000 	 317 	 7.327982e+05
6600000 	 318 	 7.377627e+05
6600000 	 319 	 7.423212e+05
6600000 	 320 	 7.466393e+05
6600000 	 321 	 7.506223e+05
6600000 	 322 	 7.543492e+05
6600000 	 323 	 7.579278e+05
6600000 	 324 	 7.612931e+05
6600000 	 325 	 7.645375e+05
6600000 	 326 	 7.675814e+05
6600000 	 327 	 7.704163e+05
6600000 	 328 	 7.733458e+05
6600000 	 329 	 7.761057e+05
6600000 	 330 	 7.792338e+05
6600000 	 331 	 7.827019e+05
6600000 	 332 	 7.864937e+05
6600000 	 333 	 7.902812e+05
6600000 	 334 	 7.924519e+05
6600000 	 335 	 7.977231e+05
6600000 	 336 	 8.018332e+05
6600000 	 337 	 8.047657e+05
6600000 	 338 	 8.083406e+05
6600000 	 339 	 8.099840e+05
6600000 	 340 	 8.140989e+05
6800000 	 3.065810e+02 	 6.456309e+05
6800000 	 307 	 6.492582e+05
6800000 	 308 	 6.614598e+05
6800000 	 309 	 6.476374e+05
6800000 	 310 	 6.392741e+05
6800000 	 311 	 6.746858e+05
6800000 	 312 	 6.957242e+05
6800000 	 313 	 6.998563e+05
6800000 	 314 	 7.085833e+05
6800000 	 315 	 7.164693e+05
6800000 	 316 	 7.225628e+05
6800000 	 317 	 7.280543e+05
6800000 	 318 	 7.332372e+05
6800000 	 319 	 7.379895e+05
6800000 	 320 	 7.424811e+05
6800000 	 321 	 7.466190e+05
6800000 	 322 	 7.504888e+05
6800000 	 323 	 7.542008e+05
6800000 	 324 	 7.576853e+05
6800000 	 325 	 7.610367e+05
6800000 	 326 	 7.641846e+05
6800000 	 327 	 7.671127e+05
6800000 	 328 	 7.701278e+05
6800000 	 329 	 7.729710e+05
6800000 	 330 	 7.761759e+05
6800000 	 331 	 7.797177e+05
6800000 	 332 	 7.835736e+05
6800000 	 333 	 7.874248e+05
6800000 	 334 	 7.896570e+05
6800000 	 335 	 7.949863e+05
6800000 	 336 	 7.991494e+05
6800000 	 337 	 8.021346e+05
6800000 	 338 	 8.057597e+05
6800000 	 339 	 8.074507e+05
6800000 	 340 	 8.116104e+05
7000000 	 3.079314e+02 	 6.341552e+05
7000000 	 308 	 6.355459e+05
7000000 	 309 	 6.340334e+05
7000000 	 310 	 6.287691e+05
7000000 	 311 	 6.658276e+05
7000000 	 312 	 6.879719e+05
7000000 	 313 	 6.928693e+05
7000000 	 314 	 7.022037e+05
7000000 	 315 	 7.105507e+05
7000000 	 316 	 7.170411e+05
7000000 	 317 	 7.228649e+05
7000000 	 318 	 7.283249e+05
7000000 	 319 	 7.333223e+05
7000000 	 320 	 7.380281e+05
7000000 	 321 	 7.423571e+05
7000000 	 322 	 7.463963e+05
7000000 	 323 	 7.502581e+05
7000000 	 324 	 7.538826e+05
7000000 	 325 	 7.573649e+05
7000000 	 326 	 7.606253e+05
7000000 	 327 	 7.636638e+05
7000000 	 328 	 7.667737e+05
7000000 	 329 	 7.697108e+05
7000000 	 330 	 7.730032e+05
7000000 	 331 	 7.766238e+05
7000000 	 332 	 7.805539e+05
7000000 	 333 	 7.844735e+05
7000000 	 334 	 7.867747e+05
7000000 	 335 	 7.921660e+05
7000000 	 336 	 7.963894e+05
7000000 	 337 	 7.994320e+05
7000000 	 338 	 8.031089e+05
7000000 	 339 	 8.048543e+05
7000000 	 340 	 8.090590e+05
7200000 	 3.092430e+02 	 6.100319e+05
7200000 	 310 	 6.106743e+05
7200000 	 311 	 6.535453e+05
7200000 	 312 	 6.780941e+05
7200000 	 313 	 6.844206e+05
7200000 	 314 	 6.947313e+05
7200000 	 315 	 7.037851e+05
7200000 	 316 	 7.108308e+05
7200000 	 317 	 7.171142e+05
7200000 	 318 	 7.229374e+05
7200000 	 319 	 7.282444e+05
7200000 	 320 	 7.332251e+05
7200000 	 321 	 7.377804e+05
7200000 	 322 	 7.420291e+05
7200000 	 323 	 7.460708e+05
7200000 	 324 	 7.498595e+05
7200000 	 325 	 7.534886e+05
7200000 	 326 	 7.568863e+05
7200000 	 327 	 7.600487e+05
7200000 	 328 	 7.632707e+05
7200000 	 329 	 7.663109e+05
7200000 	 330 	 7.696989e+05
7200000 	 331 	 7.734120e+05
7200000 	 332 	 7.774273e+05
7200000 	 333 	 7.814228e+05
7200000 	 334 	 7.837979e+05
7200000 	 335 	 7.892574e+05
7200000 	 336 	 7.935484e+05
7200000 	 337 	 7.966528e+05
7200000 	 338 	 8.003842e+05
7200000 	 339 	 8.021866e+05
7200000 	 340 	 8.064435e+05
7400000 	 3.095700e+02 	 5.570044e+05
7400000 	 310 	 5.879514e+05
7400000 	 311 	 6.261324e+05
7400000 	 312 	 6.634567e+05
7400000 	 313 	 6.733214e+05
7400000 	 314 	 6.855094e+05
7400000 	 315 	 6.957705e+05
7400000 	 316 	 7.036722e+05
7400000 	 317 	 7.105950e+05
7400000 	 318 	 7.169222e+05
7400000 	 319 	 7.226559e+05
7400000 	 320 	 7.279796e+05
7400000 	 321 	 7.328276e+05
7400000 	 322 	 7.373379e+05
7400000 	 323 	 7.416004e+05
7400000 	 324 	 7.455853e+05
7400000 	 325 	 7.493899e+05
7400000 	 326 	 7.529439e+05
7400000 	 327 	 7.562485e+05
7400000 	 328 	 7.596025e+05
7400000 	 329 	 7.627604e+05
7400000 	 330 	 7.662584e+05
7400000 	 331 	 7.700677e+05
7400000 	 332 	 7.741771e+05
7400000 	 333 	 7.782606e+05
7400000 	 334 	 7.807164e+05
7400000 	 335 	 7.862531e+05
7400000 	 336 	 7.906177e+05
7400000 	 337 	 7.937879e+05
7400000 	 338 	 7.975836e+05
7400000 	 339 	 7.994464e+05
7400000 	 340 	 8.037604e+05
7600000 	 3.095700e+02 	 5.444585e+05
7600000 	 310 	 5.743505e+05
7600000 	 311 	 5.946725e+05
7600000 	 312 	 6.294429e+05
7600000 	 313 	 6.557177e+05
7600000 	 314 	 6.730187e+05
7600000 	 315 	 6.857280e+05
7600000 	 316 	 6.950942e+05
7600000 	 317 	 7.030256e+05
7600000 	 318 	 7.100898e+05
7600000 	 319 	 7.164076e+05
7600000 	 320 	 7.221837e+05
7600000 	 321 	 7.274125e+05
7600000 	 322 	 7.322571e+05
7600000 	 323 	 7.367852e+05
7600000 	 324 	 7.410122e+05
7600000 	 325 	 7.450271e+05
7600000 	 326 	 7.487697e+05
7600000 	 327 	 7.522404e+05
7600000 	 328 	 7.557435e+05
7600000 	 329 	 7.590392e+05
7600000 	 330 	 7.626608e+05
7600000 	 331 	 7.665848e+05
7600000 	 332 	 7.708000e+05
7600000 	 333 	 7.749804e+05
7600000 	 334 	 7.775272e+05
7600000 	 335 	 7.831484e+05
7600000 	 336 	 7.875918e+05
7600000 	 337 	 7.908331e+05
7600000 	 338 	 7.947005e+05
7600000 	 339 	 7.966279e+05
7600000 	 340 	 8.010050e+05
7800000 	 3.095700e+02 	 5.373292e+05
7800000 	 310 	 5.702621e+05
7800000 	 311 	 5.832316e+05
7800000 	 312 	 5.930052e+05
7800000 	 313 	 6.267338e+05
7800000 	 314 	 6.532026e+05
7800000 	 315 	 6.718851e+05
7800000 	 316 	 6.842384e+05
7800000 	 317 	 6.939065e+05
7800000 	 318 	 7.021294e+05
7800000 	 319 	 7.092913e+05
7800000 	 320 	 7.156906e+05
7800000 	 321 	 7.214347e+05
7800000 	 322 	 7.266899e+05
7800000 	 323 	 7.315627e+05
7800000 	 324 	 7.360945e+05
7800000 	 325 	 7.403641e+05
7800000 	 326 	 7.443265e+05
7800000 	 327 	 7.479994e+05
7800000 	 328 	 7.516767e+05
7800000 	 329 	 7.551309e+05
7800000 	 330 	 7.588926e+05
7800000 	 331 	 7.629465e+05
7800000 	 332 	 7.672823e+05
7800000 	 333 	 7.715689e+05
7800000 	 334 	 7.742188e+05
7800000 	 335 	 7.799335e+05
7800000 	 336 	 7.844641e+05
7800000 	 337 	 7.877851e+05
7800000 	 338 	 7.917289e+05
7800000 	 339 	 7.937281e+05
7800000 	 340 	 7.981726e+05
8000000 	 3.095700e+02 	 5.308192e+05
8000000 	 310 	 5.670974e+05
8000000 	 311 	 5.787673e+05
8000000 	 312 	 5.838463e+05
8000000 	 313 	 6.008896e+05
8000000 	 314 	 6.277653e+05
8000000 	 315 	 6.518051e+05
8000000 	 316 	 6.694926e+05
8000000 	 317 	 6.823625e+05
8000000 	 318 	 6.925135e+05
8000000 	 319 	 7.009668e+05
8000000 	 320 	 7.082875e+05
8000000 	 321 	 7.147342e+05
8000000 	 322 	 7.205487e+05
8000000 	 323 	 7.258649e+05
8000000 	 324 	 7.307636e+05
8000000 	 325 	 7.353514e+05
8000000 	 326 	 7.395805e+05
8000000 	 327 	 7.434859e+05
8000000 	 328 	 7.473675e+05
8000000 	 329 	 7.510109e+05
8000000 	 330 	 7.549326e+05
8000000 	 331 	 7.591376e+05
8000000 	 332 	 7.636080e+05
8000000 	 333 	 7.680161e+05
8000000 	 334 	 7.707794e+05
8000000 	 335 	 7.765986e+05
8000000 	 336 	 7.812247e+05
8000000 	 337 	 7.846348e+05
8000000 	 338 	 7.886642e+05
8000000 	 339 	 7.907428e+05
8000000 	 340 	 7.952590e+05
8200000 	 3.095700e+02 	 5.248439e+05
8200000 	 310 	 5.646248e+05
8200000 	 311 	 5.754602e+05
8200000 	 312 	 5.790779e+05
8200000 	 313 	 5.922241e+05
8200000 	 314 	 6.093720e+05
8200000 	 315 	 6.301174e+05
8200000 	 316 	 6.506493e+05
8200000 	 317 	 6.674216e+05
8200000 	 318 	 6.805350e+05
8200000 	 319 	 6.909747e+05
8200000 	 320 	 6.996724e+05
8200000 	 321 	 7.071047e+05
8200000 	 322 	 7.136662e+05
8200000 	 323 	 7.195680e+05
8200000 	 324 	 7.249397e+05
8200000 	 325 	 7.299203e+05
8200000 	 326 	 7.344770e+05
8200000 	 327 	 7.386613e+05
8200000 	 328 	 7.427935e+05
8200000 	 329 	 7.466512e+05
8200000 	 330 	 7.507652e+05
8200000 	 331 	 7.551399e+05
8200000 	 332 	 7.597652e+05
8200000 	 333 	 7.643096e+05
8200000 	 334 	 7.672010e+05
8200000 	 335 	 7.731346e+05
8200000 	 336 	 7.778695e+05
8200000 	 337 	 7.813776e+05
8200000 	 338 	 7.855000e+05
8200000 	 339 	 7.876639e+05
8200000 	 340 	 7.922609e+05
8400000 	 3.095700e+02 	 5.192938e+05
8400000 	 310 	 5.625963e+05
8400000 	 311 	 5.728868e+05
8400000 	 312 	 5.756418e+05
8400000 	 313 	 5.873079e+05
8400000 	 314 	 6.012325e+05
8400000 	 315 	 6.159144e+05
8400000 	 316 	 6.329038e+05
8400000 	 317 	 6.504658e+05
8400000 	 318 	 6.660705e+05
8400000 	 319 	 6.789418e+05
8400000 	 320 	 6.895105e+05
8400000 	 321 	 6.983029e+05
8400000 	 322 	 7.058710e+05
8400000 	 323 	 7.125384e+05
8400000 	 324 	 7.185228e+05
8400000 	 325 	 7.239900e+05
8400000 	 326 	 7.289757e+05
8400000 	 327 	 7.334843e+05
8400000 	 328 	 7.379115e+05
8400000 	 329 	 7.420238e+05
8400000 	 330 	 7.463614e+05
8400000 	 331 	 7.509337e+05
8400000 	 332 	 7.557336e+05
8400000 	 333 	 7.604352e+05
8400000 	 334 	 7.634712e+05
8400000 	 335 	 7.695341e+05
8400000 	 336 	 7.743885e+05
8400000 	 337 	 7.780065e+05
8400000 	 338 	 7.822295e+05
8400000 	 339 	 7.844866e+05
8400000 	 340 	 7.891704e+05
8600000 	 3.095700e+02 	 5.141253e+05
8600000 	 310 	 5.608737e+05
8600000 	 311 	 5.707838e+05
8600000 	 312 	 5.729869e+05
8600000 	 313 	 5.837829e+05
8600000 	 314 	 5.962576e+05
8600000 	 315 	 6.082982e+05
8600000 	 316 	 6.212499e+05
8600000 	 317 	 6.359194e+05
8600000 	 318 	 6.511811e+05
8600000 	 319 	 6.654177e+05
8600000 	 320 	 6.777692e+05
8600000 	 321 	 6.881726e+05
8600000 	 322 	 6.970167e+05
8600000 	 323 	 7.046659e+05
8600000 	 324 	 7.114161e+05
8600000 	 325 	 7.174928e+05
8600000 	 326 	 7.229942e+05
8600000 	 327 	 7.279122e+05
8600000 	 328 	 7.326953e+05
8600000 	 329 	 7.370991e+05
8600000 	 330 	 7.416969e+05
8600000 	 331 	 7.464978e+05
8600000 	 332 	 7.514998e+05
8600000 	 333 	 7.563797e+05
8600000 	 334 	 7.595772e+05
8600000 	 335 	 7.657844e+05
8600000 	 336 	 7.707725e+05
8600000 	 337 	 7.745112e+05
8600000 	 338 	 7.788463e+05
8600000 	 339 	 7.812063e+05
8600000 	 340 	 7.859848e+05
8800000 	 3.095700e+02 	 5.093244e+05
8800000 	 310 	 5.593717e+05
8800000 	 311 	 5.689929e+05
8800000 	 312 	 5.707884e+05
8800000 	 313 	 5.810325e+05
8800000 	 314 	 5.926686e+05
8800000 	 315 	 6.033691e+05
8800000 	 316 	 6.141271e+05
8800000 	 317 	 6.259848e+05
8800000 	 318 	 6.389803e+05
8800000 	 319 	 6.524596e+05
8800000 	 320 	 6.653972e+05
8800000 	 321 	 6.770133e+05
8800000 	 322 	 6.871352e+05
8800000 	 323 	 6.958972e+05
8800000 	 324 	 7.035553e+05
8800000 	 325 	 7.103730e+05
8800000 	 326 	 7.164749e+05
8800000 	 327 	 7.219029e+05
8800000 	 328 	 7.270976e+05
8800000 	 329 	 7.318420e+05
8800000 	 330 	 7.367533e+05
8800000 	 331 	 7.418150e+05
8800000 	 332 	 7.470444e+05
8800000 	 333 	 7.521275e+05
8800000 	 334 	 7.555084e+05
8800000 	 335 	 7.618787e+05
8800000 	 336 	 7.670132e+05
8800000 	 337 	 7.708862e+05
8800000 	 338 	 7.753448e+05
8800000 	 339 	 7.778191e+05
8800000 	 340 	 7.826991e+05
9000000 	 3.095700e+02 	 5.048765e+05
9000000 	 310 	 5.580379e+05
9000000 	 311 	 5.674384e+05
9000000 	 312 	 5.689383e+05
9000000 	 313 	 5.787886e+05
9000000 	 314 	 5.898605e+05
9000000 	 315 	 5.997499e+05
9000000 	 316 	 6.092958e+05
9000000 	 317 	 6.193914e+05
9000000 	 318 	 6.302719e+05
9000000 	 319 	 6.420210e+05
9000000 	 320 	 6.540931e+05
9000000 	 321 	 6.658628e+05
9000000 	 322 	 6.767092e+05
9000000 	 323 	 6.864149e+05
9000000 	 324 	 6.950029e+05
9000000 	 325 	 7.026334e+05
9000000 	 326 	 7.094100e+05
9000000 	 327 	 7.154217e+05
9000000 	 328 	 7.210867e+05
9000000 	 329 	 7.262466e+05
9000000 	 330 	 7.315065e+05
9000000 	 331 	 7.368654e+05
9000000 	 332 	 7.423543e+05
9000000 	 333 	 7.476674e+05
9000000 	 334 	 7.512530e+05
9000000 	 335 	 7.578053e+05
9000000 	 336 	 7.631038e+05
9000000 	 337 	 7.671246e+05
9000000 	 338 	 7.717191e+05
9000000 	 339 	 7.743176e+05
9000000 	 340 	 7.793097e+05
9200000 	 3.095700e+02 	 5.007675e+05
9200000 	 310 	 5.568401e+05
9200000 	 311 	 5.660587e+05
9200000 	 312 	 5.673301e+05
9200000 	 313 	 5.768804e+05
9200000 	 314 	 5.875531e+05
9200000 	 315 	 5.968949e+05
9200000 	 316 	 6.056763e+05
9200000 	 317 	 6.146927e+05
9200000 	 318 	 6.241283e+05
9200000 	 319 	 6.342577e+05
9200000 	 320 	 6.449803e+05
9200000 	 321 	 6.559263e+05
9200000 	 322 	 6.666870e+05
9200000 	 323 	 6.767931e+05
9200000 	 324 	 6.860404e+05
9200000 	 325 	 6.943937e+05
9200000 	 326 	 7.018626e+05
9200000 	 327 	 7.084924e+05
9200000 	 328 	 7.146775e+05
9200000 	 329 	 7.202964e+05
9200000 	 330 	 7.259409e+05
9200000 	 331 	 7.316361e+05
9200000 	 332 	 7.374189e+05
9200000 	 333 	 7.429900e+05
9200000 	 334 	 7.468025e+05
9200000 	 335 	 7.535574e+05
9200000 	 336 	 7.590364e+05
9200000 	 337 	 7.632209e+05
9200000 	 338 	 7.679652e+05
9200000 	 339 	 7.706971e+05
9200000 	 340 	 7.758138e+05
9400000 	 3.095700e+02 	 4.969988e+05
9400000 	 310 	 5.557464e+05
9400000 	 311 	 5.648165e+05
9400000 	 312 	 5.659046e+05
9400000 	 313 	 5.752253e+05
9400000 	 314 	 5.856022e+05
9400000 	 315 	 5.945462e+05
9400000 	 316 	 6.028008e+05
9400000 	 317 	 6.110985e+05
9400000 	 318 	 6.195859e+05
9400000 	 319 	 6.285246e+05
9400000 	 320 	 6.379834e+05
9400000 	 321 	 6.478376e+05
9400000 	 322 	 6.579057e+05
9400000 	 323 	 6.677787e+05
9400000 	 324 	 6.772075e+05
9400000 	 325 	 6.859881e+05
9400000 	 326 	 6.940145e+05
9400000 	 327 	 7.012104e+05
9400000 	 328 	 7.079193e+05
9400000 	 329 	 7.140167e+05
9400000 	 330 	 7.200729e+05
9400000 	 331 	 7.261368e+05
9400000 	 332 	 7.322383e+05
9400000 	 333 	 7.380932e+05
9400000 	 334 	 7.421539e+05
9400000 	 335 	 7.491315e+05
9400000 	 336 	 7.548091e+05
9400000 	 337 	 7.591710e+05
9400000 	 338 	 7.640780e+05
9400000 	 339 	 7.669567e+05
9400000 	 340 	 7.722071e+05
9600000 	 3.095700e+02 	 4.935553e+05
9600000 	 310 	 5.547457e+05
9600000 	 311 	 5.636918e+05
9600000 	 312 	 5.646277e+05
9600000 	 313 	 5.737601e+05
9600000 	 314 	 5.839007e+05
9600000 	 315 	 5.925484e+05
9600000 	 316 	 6.004167e+05
9600000 	 317 	 6.082103e+05
9600000 	 318 	 6.160421e+05
9600000 	 319 	 6.241486e+05
9600000 	 320 	 6.326219e+05
9600000 	 321 	 6.414497e+05
9600000 	 322 	 6.506158e+05
9600000 	 323 	 6.599114e+05
9600000 	 324 	 6.690655e+05
9600000 	 325 	 6.778816e+05
9600000 	 326 	 6.861881e+05
9600000 	 327 	 6.937852e+05
9600000 	 328 	 7.009466e+05
9600000 	 329 	 7.074789e+05
9600000 	 330 	 7.139553e+05
9600000 	 331 	 7.203945e+05
9600000 	 332 	 7.268319e+05
9600000 	 333 	 7.329869e+05
9600000 	 334 	 7.373145e+05
9600000 	 335 	 7.445310e+05
9600000 	 336 	 7.504226e+05
9600000 	 337 	 7.549775e+05
9600000 	 338 	 7.600581e+05
9600000 	 339 	 7.630960e+05
9600000 	 340 	 7.684905e+05
9800000 	 3.095700e+02 	 4.904315e+05
9800000 	 310 	 5.538251e+05
9800000 	 311 	 5.626600e+05
9800000 	 312 	 5.634702e+05
9800000 	 313 	 5.724437e+05
9800000 	 314 	 5.823958e+05
9800000 	 315 	 5.908095e+05
9800000 	 316 	 5.983791e+05
9800000 	 317 	 6.058000e+05
9800000 	 318 	 6.131573e+05
9800000 	 319 	 6.206672e+05
9800000 	 320 	 6.284097e+05
9800000 	 321 	 6.364094e+05
9800000 	 322 	 6.447496e+05
9800000 	 323 	 6.532968e+05
9800000 	 324 	 6.619497e+05
9800000 	 325 	 6.704815e+05
9800000 	 326 	 6.787612e+05
9800000 	 327 	 6.865138e+05
9800000 	 328 	 6.939616e+05
9800000 	 329 	 7.008319e+05
9800000 	 330 	 7.076724e+05
9800000 	 331 	 7.144582e+05
9800000 	 332 	 7.212378e+05
9800000 	 333 	 7.276976e+05
9800000 	 334 	 7.323014e+05
9800000 	 335 	 7.397685e+05
9800000 	 336 	 7.458864e+05
9800000 	 337 	 7.506460e+05
9800000 	 338 	 7.559112e+05
9800000 	 339 	 7.591172e+05
9800000 	 340 	 7.646656e+05
10000000 	 3.095700e+02 	 4.876125e+05
10000000 	 310 	 5.529680e+05
10000000 	 311 	 5.617107e+05
10000000 	 312 	 5.624104e+05
10000000 	 313 	 5.712509e+05
10000000 	 314 	 5.810464e+05
10000000 	 315 	 5.892699e+05
10000000 	 316 	 5.966043e+05
10000000 	 317 	 6.037394e+05
10000000 	 318 	 6.107378e+05
10000000 	 319 	 6.178001e+05
10000000 	 320 	 6.249943e+05
10000000 	 321 	 6.323629e+05
10000000 	 322 	 6.400098e+05
10000000 	 323 	 6.478637e+05
10000000 	 324 	 6.558979e+05
10000000 	 325 	 6.639956e+05
10000000 	 326 	 6.720112e+05
10000000 	 327 	 6.796857e+05
10000000 	 328 	 6.872103e+05
10000000 	 329 	 6.942641e+05
10000000 	 330 	 7.013694e+05
10000000 	 331 	 7.084465e+05
10000000 	 332 	 7.155192e+05
10000000 	 333 	 7.222773e+05
10000000 	 334 	 7.271521e+05
10000000 	 335 	 7.348685e+05
10000000 	 336 	 7.412172e+05
10000000 	 337 	 7.461879e+05
10000000 	 338 	 7.516455e+05
10000000 	 339 	 7.550268e+05
10000000 	 340 	 7.607372e+05
