Table: Isothermal compressibility [G]
Temperature {K} 	Pressure {kPa} 	Isothermal compressibility {1/kPa} 	Uncertainty {1/kPa} 
197	200	0.005242	2.0e-5
198	200	0.005237	1.9e-5
199	200	0.005231	1.8e-5
200	200	0.005226	1.7e-5
201	200	0.005221	1.6e-5
202	200	0.005216	1.6e-5
203	200	0.005212	1.5e-5
204	200	0.005207	1.4e-5
205	200	0.005203	1.3e-5
206	200	0.005199	1.3e-5
207	200	0.005195	1.2e-5
208	200	0.005191	1.2e-5
209	200	0.005187	1.1e-5
210	200	0.005184	1.1e-5
211	200	0.005180	1.0e-5
212	200	0.0051768	9.9e-6
212	400	0.002706	1.4e-5
213	200	0.0051736	9.5e-6
213	400	0.002701	1.3e-5
214	200	0.0051704	9.1e-6
214	400	0.002697	1.3e-5
215	200	0.0051674	8.7e-6
215	400	0.002692	1.2e-5
216	200	0.0051644	8.4e-6
216	400	0.002688	1.1e-5
217	200	0.0051616	8.1e-6
217	400	0.002684	1.1e-5
218	200	0.0051588	7.8e-6
218	400	0.002680	1.0e-5
219	200	0.0051561	7.5e-6
219	400	0.0026765	9.8e-6
220	200	0.0051534	7.2e-6
220	400	0.0026730	9.4e-6
221	200	0.0051509	7.0e-6
221	400	0.0026695	9.0e-6
222	200	0.0051484	6.7e-6
222	400	0.0026662	8.6e-6
222	600	0.001856	1.2e-5
223	200	0.0051460	6.5e-6
223	400	0.0026629	8.2e-6
223	600	0.001851	1.1e-5
224	200	0.0051436	6.3e-6
224	400	0.0026598	7.8e-6
224	600	0.001847	1.0e-5
225	200	0.0051413	6.1e-6
225	400	0.0026568	7.5e-6
225	600	0.0018432	9.9e-6
226	200	0.0051391	5.9e-6
226	400	0.0026539	7.2e-6
226	600	0.0018393	9.4e-6
227	200	0.0051369	5.7e-6
227	400	0.0026511	6.9e-6
227	600	0.0018356	9.0e-6
228	200	0.0051348	5.5e-6
228	400	0.0026484	6.7e-6
228	600	0.0018320	8.5e-6
229	200	0.0051327	5.4e-6
229	400	0.0026457	6.4e-6
229	600	0.0018286	8.1e-6
229	800	0.001433	1.1e-5
230	200	0.0051306	5.2e-6
230	400	0.0026432	6.2e-6
230	600	0.0018253	7.7e-6
230	800	0.001428	1.0e-5
231	200	0.0051287	5.1e-6
231	400	0.0026407	6.0e-6
231	600	0.0018221	7.4e-6
231	800	0.0014241	9.7e-6
232	200	0.0051267	4.9e-6
232	400	0.0026382	5.8e-6
232	600	0.0018190	7.1e-6
232	800	0.0014201	9.1e-6
233	200	0.0051248	4.8e-6
233	400	0.0026359	5.6e-6
233	600	0.0018161	6.8e-6
233	800	0.0014163	8.6e-6
234	200	0.0051230	4.7e-6
234	400	0.0026336	5.4e-6
234	600	0.0018132	6.5e-6
234	800	0.0014126	8.2e-6
235	200	0.0051212	4.5e-6
235	400	0.0026314	5.2e-6
235	600	0.0018104	6.2e-6
235	800	0.0014090	7.8e-6
235	1000	0.001179	1.0e-5
236	200	0.0051194	4.4e-6
236	400	0.0026292	5.1e-6
236	600	0.0018077	6.0e-6
236	800	0.0014056	7.4e-6
236	1000	0.0011741	9.6e-6
237	200	0.0051177	4.3e-6
237	400	0.0026271	4.9e-6
237	600	0.0018051	5.8e-6
237	800	0.0014023	7.1e-6
237	1000	0.0011698	9.0e-6
238	200	0.0051160	4.2e-6
238	400	0.0026251	4.8e-6
238	600	0.0018026	5.6e-6
238	800	0.0013992	6.7e-6
238	1000	0.0011657	8.5e-6
239	200	0.0051143	4.1e-6
239	400	0.0026231	4.6e-6
239	600	0.0018002	5.4e-6
239	800	0.0013962	6.4e-6
239	1000	0.0011619	8.0e-6
240	200	0.0051127	4.0e-6
240	400	0.0026212	4.5e-6
240	600	0.0017978	5.2e-6
240	800	0.0013932	6.1e-6
240	1000	0.0011582	7.6e-6
241	200	0.0051111	3.9e-6
241	400	0.0026193	4.4e-6
241	600	0.0017955	5.0e-6
241	800	0.0013904	5.9e-6
241	1000	0.0011546	7.2e-6
241	1200	0.0010058	9.2e-6
242	200	0.0051096	3.9e-6
242	400	0.0026174	4.3e-6
242	600	0.0017933	4.8e-6
242	800	0.0013877	5.7e-6
242	1000	0.0011512	6.9e-6
242	1200	0.0010014	8.7e-6
243	200	0.0051080	3.8e-6
243	400	0.0026156	4.2e-6
243	600	0.0017912	4.7e-6
243	800	0.0013851	5.4e-6
243	1000	0.0011479	6.5e-6
243	1200	0.0009972	8.2e-6
244	200	0.0051065	3.7e-6
244	400	0.0026139	4.1e-6
244	600	0.0017891	4.5e-6
244	800	0.0013825	5.2e-6
244	1000	0.0011448	6.2e-6
244	1200	0.0009933	7.7e-6
245	200	0.0051051	3.6e-6
245	400	0.0026121	4.0e-6
245	600	0.0017870	4.4e-6
245	800	0.0013801	5.0e-6
245	1000	0.0011417	5.9e-6
245	1200	0.0009894	7.3e-6
246	200	0.0051037	3.6e-6
246	400	0.0026105	3.9e-6
246	600	0.0017850	4.3e-6
246	800	0.0013777	4.8e-6
246	1000	0.0011388	5.7e-6
246	1200	0.0009858	6.9e-6
246	1400	0.0008839	8.7e-6
247	200	0.0051023	3.5e-6
247	400	0.0026088	3.8e-6
247	600	0.0017831	4.2e-6
247	800	0.0013754	4.7e-6
247	1000	0.0011360	5.4e-6
247	1200	0.0009823	6.5e-6
247	1400	0.0008795	8.1e-6
248	200	0.0051009	3.5e-6
248	400	0.0026072	3.7e-6
248	600	0.0017812	4.0e-6
248	800	0.0013731	4.5e-6
248	1000	0.0011333	5.2e-6
248	1200	0.0009790	6.2e-6
248	1400	0.0008752	7.6e-6
249	200	0.0050995	3.4e-6
249	400	0.0026057	3.6e-6
249	600	0.0017794	3.9e-6
249	800	0.0013710	4.4e-6
249	1000	0.0011307	5.0e-6
249	1200	0.0009758	5.9e-6
249	1400	0.0008712	7.2e-6
250	200	0.0050982	3.4e-6
250	400	0.0026041	3.6e-6
250	600	0.0017776	3.8e-6
250	800	0.0013689	4.2e-6
250	1000	0.0011282	4.8e-6
250	1200	0.0009727	5.6e-6
250	1400	0.0008673	6.8e-6
250	1600	0.0007953	8.6e-6
251	200	0.0050969	3.3e-6
251	400	0.0026026	3.5e-6
251	600	0.0017759	3.7e-6
251	800	0.0013668	4.1e-6
251	1000	0.0011257	4.6e-6
251	1200	0.0009697	5.4e-6
251	1400	0.0008637	6.4e-6
251	1600	0.0007906	8.0e-6
252	200	0.0050956	3.3e-6
252	400	0.0026012	3.4e-6
252	600	0.0017742	3.7e-6
252	800	0.0013648	4.0e-6
252	1000	0.0011234	4.5e-6
252	1200	0.0009669	5.1e-6
252	1400	0.0008601	6.1e-6
252	1600	0.0007861	7.5e-6
253	200	0.0050944	3.2e-6
253	400	0.0025997	3.4e-6
253	600	0.0017725	3.6e-6
253	800	0.0013629	3.9e-6
253	1000	0.0011211	4.3e-6
253	1200	0.0009641	4.9e-6
253	1400	0.0008568	5.8e-6
253	1600	0.0007819	7.0e-6
254	200	0.0050931	3.2e-6
254	400	0.0025983	3.3e-6
254	600	0.0017709	3.5e-6
254	800	0.0013610	3.8e-6
254	1000	0.0011189	4.2e-6
254	1200	0.0009615	4.7e-6
254	1400	0.0008536	5.5e-6
254	1600	0.0007779	6.6e-6
254	1800	0.0007256	8.3e-6
255	200	0.0050919	3.1e-6
255	400	0.0025970	3.3e-6
255	600	0.0017693	3.4e-6
255	800	0.0013592	3.7e-6
255	1000	0.0011167	4.0e-6
255	1200	0.0009590	4.5e-6
255	1400	0.0008505	5.2e-6
255	1600	0.0007741	6.2e-6
255	1800	0.0007207	7.7e-6
256	200	0.0050907	3.1e-6
256	400	0.0025956	3.2e-6
256	600	0.0017678	3.4e-6
256	800	0.0013574	3.6e-6
256	1000	0.0011147	3.9e-6
256	1200	0.0009565	4.3e-6
256	1400	0.0008475	5.0e-6
256	1600	0.0007704	5.9e-6
256	1800	0.0007161	7.2e-6
257	200	0.0050896	3.0e-6
257	400	0.0025943	3.1e-6
257	600	0.0017663	3.3e-6
257	800	0.0013557	3.5e-6
257	1000	0.0011127	3.8e-6
257	1200	0.0009541	4.2e-6
257	1400	0.0008447	4.8e-6
257	1600	0.0007669	5.6e-6
257	1800	0.0007117	6.7e-6
257	2000	0.0006742	8.5e-6
258	200	0.0050884	3.0e-6
258	400	0.0025930	3.1e-6
258	600	0.0017648	3.2e-6
258	800	0.0013540	3.4e-6
258	1000	0.0011107	3.7e-6
258	1200	0.0009518	4.0e-6
258	1400	0.0008419	4.6e-6
258	1600	0.0007636	5.3e-6
258	1800	0.0007076	6.3e-6
258	2000	0.0006689	7.9e-6
259	200	0.0050873	3.0e-6
259	400	0.0025917	3.1e-6
259	600	0.0017634	3.2e-6
259	800	0.0013524	3.3e-6
259	1000	0.0011088	3.6e-6
259	1200	0.0009496	3.9e-6
259	1400	0.0008393	4.4e-6
259	1600	0.0007604	5.0e-6
259	1800	0.0007036	6.0e-6
259	2000	0.0006639	7.3e-6
260	200	0.0050862	2.9e-6
260	400	0.0025905	3.0e-6
260	600	0.0017620	3.1e-6
260	800	0.0013508	3.3e-6
260	1000	0.0011070	3.5e-6
260	1200	0.0009474	3.8e-6
260	1400	0.0008368	4.2e-6
260	1600	0.0007574	4.8e-6
260	1800	0.0006999	5.6e-6
260	2000	0.0006592	6.8e-6
261	200	0.0050851	2.9e-6
261	400	0.0025893	3.0e-6
261	600	0.0017606	3.1e-6
261	800	0.0013492	3.2e-6
261	1000	0.0011052	3.4e-6
261	1200	0.0009454	3.7e-6
261	1400	0.0008343	4.0e-6
261	1600	0.0007544	4.6e-6
261	1800	0.0006963	5.3e-6
261	2000	0.0006547	6.4e-6
261	2200	0.0006269	8.0e-6
262	200	0.0050841	2.9e-6
262	400	0.0025881	2.9e-6
262	600	0.0017593	3.0e-6
262	800	0.0013477	3.1e-6
262	1000	0.0011034	3.3e-6
262	1200	0.0009433	3.5e-6
262	1400	0.0008319	3.9e-6
262	1600	0.0007516	4.4e-6
262	1800	0.0006929	5.0e-6
262	2000	0.0006505	6.0e-6
262	2200	0.0006214	7.4e-6
263	200	0.0050830	2.9e-6
263	400	0.0025869	2.9e-6
263	600	0.0017580	3.0e-6
263	800	0.0013462	3.1e-6
263	1000	0.0011017	3.2e-6
263	1200	0.0009414	3.4e-6
263	1400	0.0008297	3.7e-6
263	1600	0.0007489	4.2e-6
263	1800	0.0006897	4.8e-6
263	2000	0.0006464	5.6e-6
263	2200	0.0006163	6.9e-6
264	200	0.0050820	2.8e-6
264	400	0.0025858	2.9e-6
264	600	0.0017567	2.9e-6
264	800	0.0013447	3.0e-6
264	1000	0.0011001	3.1e-6
264	1200	0.0009395	3.3e-6
264	1400	0.0008274	3.6e-6
264	1600	0.0007463	4.0e-6
264	1800	0.0006865	4.6e-6
264	2000	0.0006426	5.3e-6
264	2200	0.0006115	6.4e-6
264	2400	0.0005920	8.1e-6
265	200	0.0050810	2.8e-6
265	400	0.0025847	2.8e-6
265	600	0.0017554	2.9e-6
265	800	0.0013433	3.0e-6
265	1000	0.0010985	3.1e-6
265	1200	0.0009377	3.3e-6
265	1400	0.0008253	3.5e-6
265	1600	0.0007438	3.9e-6
265	1800	0.0006836	4.3e-6
265	2000	0.0006390	5.0e-6
265	2200	0.0006070	6.0e-6
265	2400	0.0005861	7.5e-6
266	200	0.0050800	2.8e-6
266	400	0.0025836	2.8e-6
266	600	0.0017542	2.8e-6
266	800	0.0013419	2.9e-6
266	1000	0.0010969	3.0e-6
266	1200	0.0009359	3.2e-6
266	1400	0.0008232	3.4e-6
266	1600	0.0007414	3.7e-6
266	1800	0.0006807	4.1e-6
266	2000	0.0006355	4.8e-6
266	2200	0.0006027	5.6e-6
266	2400	0.0005807	6.9e-6
267	200	0.0050790	2.7e-6
267	400	0.0025825	2.8e-6
267	600	0.0017530	2.8e-6
267	800	0.0013406	2.9e-6
267	1000	0.0010954	3.0e-6
267	1200	0.0009341	3.1e-6
267	1400	0.0008212	3.3e-6
267	1600	0.0007391	3.6e-6
267	1800	0.0006779	4.0e-6
267	2000	0.0006322	4.5e-6
267	2200	0.0005987	5.3e-6
267	2400	0.0005756	6.4e-6
267	2600	0.0005624	8.1e-6
268	200	0.0050780	2.7e-6
268	400	0.0025814	2.7e-6
268	600	0.0017518	2.8e-6
268	800	0.0013393	2.8e-6
268	1000	0.0010939	2.9e-6
268	1200	0.0009324	3.0e-6
268	1400	0.0008193	3.2e-6
268	1600	0.0007368	3.5e-6
268	1800	0.0006753	3.8e-6
268	2000	0.0006291	4.3e-6
268	2200	0.0005949	5.0e-6
268	2400	0.0005708	6.0e-6
268	2600	0.0005562	7.5e-6
269	200	0.0050771	2.7e-6
269	400	0.0025804	2.7e-6
269	600	0.0017506	2.7e-6
269	800	0.0013380	2.8e-6
269	1000	0.0010924	2.8e-6
269	1200	0.0009308	2.9e-6
269	1400	0.0008174	3.1e-6
269	1600	0.0007347	3.3e-6
269	1800	0.0006728	3.7e-6
269	2000	0.0006261	4.1e-6
269	2200	0.0005912	4.7e-6
269	2400	0.0005662	5.6e-6
269	2600	0.0005504	6.9e-6
269	2800	0.0005439	8.9e-6
270	200	0.0050762	2.7e-6
270	400	0.0025793	2.7e-6
270	600	0.0017495	2.7e-6
270	800	0.0013367	2.7e-6
270	1000	0.0010910	2.8e-6
270	1200	0.0009292	2.9e-6
270	1400	0.0008156	3.0e-6
270	1600	0.0007326	3.2e-6
270	1800	0.0006703	3.5e-6
270	2000	0.0006232	3.9e-6
270	2200	0.0005877	4.5e-6
270	2400	0.0005620	5.3e-6
270	2600	0.0005450	6.4e-6
270	2800	0.0005368	8.1e-6
271	200	0.0050753	2.7e-6
271	400	0.0025783	2.7e-6
271	600	0.0017484	2.7e-6
271	800	0.0013355	2.7e-6
271	1000	0.0010896	2.7e-6
271	1200	0.0009276	2.8e-6
271	1400	0.0008138	2.9e-6
271	1600	0.0007305	3.1e-6
271	1800	0.0006680	3.4e-6
271	2000	0.0006204	3.8e-6
271	2200	0.0005844	4.3e-6
271	2400	0.0005579	5.0e-6
271	2600	0.0005399	6.0e-6
271	2800	0.0005302	7.5e-6
272	200	0.0050744	2.6e-6
272	400	0.0025774	2.6e-6
272	600	0.0017473	2.6e-6
272	800	0.0013343	2.6e-6
272	1000	0.0010883	2.7e-6
272	1200	0.0009261	2.8e-6
272	1400	0.0008121	2.9e-6
272	1600	0.0007286	3.0e-6
272	1800	0.0006657	3.3e-6
272	2000	0.0006178	3.6e-6
272	2200	0.0005813	4.1e-6
272	2400	0.0005541	4.7e-6
272	2600	0.0005351	5.6e-6
272	2800	0.0005241	6.9e-6
272	3000	0.0005218	8.9e-6
273	200	0.0050735	2.6e-6
273	400	0.0025764	2.6e-6
273	600	0.0017462	2.6e-6
273	800	0.0013331	2.6e-6
273	1000	0.0010870	2.6e-6
273	1200	0.0009246	2.7e-6
273	1400	0.0008105	2.8e-6
273	1600	0.0007267	3.0e-6
273	1800	0.0006635	3.2e-6
273	2000	0.0006152	3.5e-6
273	2200	0.0005782	3.9e-6
273	2400	0.0005505	4.4e-6
273	2600	0.0005307	5.2e-6
273	2800	0.0005184	6.4e-6
273	3000	0.0005143	8.1e-6
274	200	0.0050726	2.6e-6
274	400	0.0025754	2.6e-6
274	600	0.0017452	2.6e-6
274	800	0.0013319	2.6e-6
274	1000	0.0010857	2.6e-6
274	1200	0.0009232	2.7e-6
274	1400	0.0008088	2.7e-6
274	1600	0.0007248	2.9e-6
274	1800	0.0006614	3.1e-6
274	2000	0.0006127	3.3e-6
274	2200	0.0005754	3.7e-6
274	2400	0.0005470	4.2e-6
274	2600	0.0005264	4.9e-6
274	2800	0.0005131	5.9e-6
274	3000	0.0005073	7.4e-6
275	200	0.0050717	2.6e-6
275	400	0.0025745	2.6e-6
275	600	0.0017442	2.5e-6
275	800	0.0013308	2.5e-6
275	1000	0.0010844	2.6e-6
275	1200	0.0009218	2.6e-6
275	1400	0.0008073	2.7e-6
275	1600	0.0007230	2.8e-6
275	1800	0.0006593	3.0e-6
275	2000	0.0006104	3.2e-6
275	2200	0.0005726	3.5e-6
275	2400	0.0005437	4.0e-6
275	2600	0.0005224	4.6e-6
275	2800	0.0005082	5.5e-6
275	3000	0.0005010	6.8e-6
275	3200	0.0005018	8.8e-6
276	200	0.0050709	2.6e-6
276	400	0.0025736	2.5e-6
276	600	0.0017432	2.5e-6
276	800	0.0013297	2.5e-6
276	1000	0.0010832	2.5e-6
276	1200	0.0009204	2.6e-6
276	1400	0.0008057	2.6e-6
276	1600	0.0007213	2.7e-6
276	1800	0.0006574	2.9e-6
276	2000	0.0006081	3.1e-6
276	2200	0.0005699	3.4e-6
276	2400	0.0005406	3.8e-6
276	2600	0.0005187	4.4e-6
276	2800	0.0005035	5.2e-6
276	3000	0.0004950	6.3e-6
276	3200	0.0004939	8.0e-6
277	200	0.0050701	2.5e-6
277	400	0.0025727	2.5e-6
277	600	0.0017422	2.5e-6
277	800	0.0013286	2.5e-6
277	1000	0.0010820	2.5e-6
277	1200	0.0009191	2.5e-6
277	1400	0.0008042	2.6e-6
277	1600	0.0007196	2.7e-6
277	1800	0.0006555	2.8e-6
277	2000	0.0006059	3.0e-6
277	2200	0.0005674	3.3e-6
277	2400	0.0005376	3.6e-6
277	2600	0.0005151	4.2e-6
277	2800	0.0004991	4.9e-6
277	3000	0.0004895	5.9e-6
277	3200	0.0004867	7.4e-6
277	3400	0.0004924	9.6e-6
278	200	0.0050692	2.5e-6
278	400	0.0025718	2.5e-6
278	600	0.0017412	2.5e-6
278	800	0.0013275	2.5e-6
278	1000	0.0010808	2.5e-6
278	1200	0.0009178	2.5e-6
278	1400	0.0008028	2.5e-6
278	1600	0.0007180	2.6e-6
278	1800	0.0006536	2.7e-6
278	2000	0.0006038	2.9e-6
278	2200	0.0005649	3.1e-6
278	2400	0.0005347	3.5e-6
278	2600	0.0005117	4.0e-6
278	2800	0.0004950	4.6e-6
278	3000	0.0004843	5.5e-6
278	3200	0.0004801	6.8e-6
278	3400	0.0004834	8.7e-6
279	200	0.0050684	2.5e-6
279	400	0.0025709	2.5e-6
279	600	0.0017402	2.4e-6
279	800	0.0013265	2.4e-6
279	1000	0.0010797	2.4e-6
279	1200	0.0009165	2.4e-6
279	1400	0.0008014	2.5e-6
279	1600	0.0007164	2.5e-6
279	1800	0.0006518	2.6e-6
279	2000	0.0006018	2.8e-6
279	2200	0.0005626	3.0e-6
279	2400	0.0005320	3.3e-6
279	2600	0.0005084	3.8e-6
279	2800	0.0004911	4.4e-6
279	3000	0.0004795	5.2e-6
279	3200	0.0004740	6.3e-6
279	3400	0.0004753	8.0e-6
279	3600	0.000486	1.1e-5
280	200	0.0050677	2.5e-6
280	400	0.0025700	2.4e-6
280	600	0.0017393	2.4e-6
280	800	0.0013255	2.4e-6
280	1000	0.0010785	2.4e-6
280	1200	0.0009153	2.4e-6
280	1400	0.0008000	2.4e-6
280	1600	0.0007149	2.5e-6
280	1800	0.0006501	2.6e-6
280	2000	0.0005998	2.7e-6
280	2200	0.0005603	2.9e-6
280	2400	0.0005293	3.2e-6
280	2600	0.0005053	3.6e-6
280	2800	0.0004873	4.1e-6
280	3000	0.0004750	4.9e-6
280	3200	0.0004683	5.9e-6
280	3400	0.0004679	7.3e-6
280	3600	0.0004754	9.5e-6
281	200	0.0050669	2.5e-6
281	400	0.0025692	2.4e-6
281	600	0.0017384	2.4e-6
281	800	0.0013245	2.4e-6
281	1000	0.0010774	2.4e-6
281	1200	0.0009141	2.4e-6
281	1400	0.0007986	2.4e-6
281	1600	0.0007134	2.4e-6
281	1800	0.0006484	2.5e-6
281	2000	0.0005979	2.6e-6
281	2200	0.0005581	2.8e-6
281	2400	0.0005268	3.1e-6
281	2600	0.0005024	3.4e-6
281	2800	0.0004838	3.9e-6
281	3000	0.0004707	4.6e-6
281	3200	0.0004630	5.5e-6
281	3400	0.0004610	6.8e-6
281	3600	0.0004662	8.6e-6
282	200	0.0050661	2.4e-6
282	400	0.0025684	2.4e-6
282	600	0.0017375	2.4e-6
282	800	0.0013235	2.4e-6
282	1000	0.0010764	2.3e-6
282	1200	0.0009129	2.3e-6
282	1400	0.0007973	2.3e-6
282	1600	0.0007119	2.4e-6
282	1800	0.0006468	2.5e-6
282	2000	0.0005960	2.6e-6
282	2200	0.0005560	2.7e-6
282	2400	0.0005244	3.0e-6
282	2600	0.0004996	3.3e-6
282	2800	0.0004805	3.7e-6
282	3000	0.0004667	4.3e-6
282	3200	0.0004580	5.1e-6
282	3400	0.0004548	6.3e-6
282	3600	0.0004579	7.9e-6
282	3800	0.000469	1.0e-5
283	200	0.0050653	2.4e-6
283	400	0.0025675	2.4e-6
283	600	0.0017366	2.4e-6
283	800	0.0013225	2.3e-6
283	1000	0.0010753	2.3e-6
283	1200	0.0009117	2.3e-6
283	1400	0.0007960	2.3e-6
283	1600	0.0007105	2.3e-6
283	1800	0.0006452	2.4e-6
283	2000	0.0005942	2.5e-6
283	2200	0.0005540	2.7e-6
283	2400	0.0005221	2.9e-6
283	2600	0.0004969	3.2e-6
283	2800	0.0004773	3.6e-6
283	3000	0.0004629	4.1e-6
283	3200	0.0004534	4.8e-6
283	3400	0.0004489	5.8e-6
283	3600	0.0004503	7.3e-6
283	3800	0.0004590	9.4e-6
284	200	0.0050646	2.4e-6
284	400	0.0025667	2.4e-6
284	600	0.0017357	2.3e-6
284	800	0.0013215	2.3e-6
284	1000	0.0010743	2.3e-6
284	1200	0.0009106	2.3e-6
284	1400	0.0007948	2.3e-6
284	1600	0.0007091	2.3e-6
284	1800	0.0006436	2.3e-6
284	2000	0.0005925	2.4e-6
284	2200	0.0005521	2.6e-6
284	2400	0.0005198	2.8e-6
284	2600	0.0004943	3.0e-6
284	2800	0.0004743	3.4e-6
284	3000	0.0004593	3.9e-6
284	3200	0.0004490	4.6e-6
284	3400	0.0004435	5.5e-6
284	3600	0.0004433	6.7e-6
284	3800	0.0004497	8.5e-6
284	4000	0.000465	1.1e-5
285	200	0.0050639	2.4e-6
285	400	0.0025659	2.4e-6
285	600	0.0017349	2.3e-6
285	800	0.0013206	2.3e-6
285	1000	0.0010733	2.3e-6
285	1200	0.0009095	2.2e-6
285	1400	0.0007936	2.2e-6
285	1600	0.0007077	2.3e-6
285	1800	0.0006421	2.3e-6
285	2000	0.0005908	2.4e-6
285	2200	0.0005502	2.5e-6
285	2400	0.0005177	2.7e-6
285	2600	0.0004918	2.9e-6
285	2800	0.0004714	3.3e-6
285	3000	0.0004559	3.7e-6
285	3200	0.0004449	4.3e-6
285	3400	0.0004385	5.1e-6
285	3600	0.0004370	6.3e-6
285	3800	0.0004413	7.8e-6
285	4000	0.000454	1.0e-5
286	200	0.0050631	2.4e-6
286	400	0.0025652	2.3e-6
286	600	0.0017340	2.3e-6
286	800	0.0013197	2.3e-6
286	1000	0.0010723	2.2e-6
286	1200	0.0009084	2.2e-6
286	1400	0.0007924	2.2e-6
286	1600	0.0007064	2.2e-6
286	1800	0.0006407	2.3e-6
286	2000	0.0005892	2.3e-6
286	2200	0.0005483	2.4e-6
286	2400	0.0005156	2.6e-6
286	2600	0.0004894	2.8e-6
286	2800	0.0004687	3.1e-6
286	3000	0.0004527	3.6e-6
286	3200	0.0004411	4.1e-6
286	3400	0.0004338	4.9e-6
286	3600	0.0004311	5.8e-6
286	3800	0.0004336	7.2e-6
286	4000	0.0004431	9.3e-6
286	4200	0.000463	1.3e-5
287	200	0.0050624	2.4e-6
287	400	0.0025644	2.3e-6
287	600	0.0017332	2.3e-6
287	800	0.0013188	2.2e-6
287	1000	0.0010713	2.2e-6
287	1200	0.0009073	2.2e-6
287	1400	0.0007912	2.2e-6
287	1600	0.0007051	2.2e-6
287	1800	0.0006393	2.2e-6
287	2000	0.0005876	2.3e-6
287	2200	0.0005466	2.4e-6
287	2400	0.0005136	2.5e-6
287	2600	0.0004871	2.7e-6
287	2800	0.0004660	3.0e-6
287	3000	0.0004496	3.4e-6
287	3200	0.0004374	3.9e-6
287	3400	0.0004294	4.6e-6
287	3600	0.0004256	5.5e-6
287	3800	0.0004267	6.7e-6
287	4000	0.0004338	8.5e-6
287	4200	0.000449	1.1e-5
288	200	0.0050617	2.3e-6
288	400	0.0025636	2.3e-6
288	600	0.0017324	2.3e-6
288	800	0.0013179	2.2e-6
288	1000	0.0010703	2.2e-6
288	1200	0.0009063	2.2e-6
288	1400	0.0007901	2.1e-6
288	1600	0.0007039	2.1e-6
288	1800	0.0006379	2.2e-6
288	2000	0.0005861	2.2e-6
288	2200	0.0005449	2.3e-6
288	2400	0.0005117	2.4e-6
288	2600	0.0004849	2.6e-6
288	2800	0.0004635	2.9e-6
288	3000	0.0004467	3.3e-6
288	3200	0.0004340	3.7e-6
288	3400	0.0004252	4.4e-6
288	3600	0.0004205	5.2e-6
288	3800	0.0004202	6.3e-6
288	4000	0.0004254	7.8e-6
288	4200	0.000438	1.0e-5
288	4400	0.000461	1.4e-5
289	200	0.0050610	2.3e-6
289	400	0.0025629	2.3e-6
289	600	0.0017316	2.2e-6
289	800	0.0013171	2.2e-6
289	1000	0.0010694	2.2e-6
289	1200	0.0009053	2.1e-6
289	1400	0.0007890	2.1e-6
289	1600	0.0007027	2.1e-6
289	1800	0.0006365	2.1e-6
289	2000	0.0005846	2.2e-6
289	2200	0.0005432	2.2e-6
289	2400	0.0005098	2.4e-6
289	2600	0.0004828	2.6e-6
289	2800	0.0004611	2.8e-6
289	3000	0.0004439	3.1e-6
289	3200	0.0004307	3.6e-6
289	3400	0.0004213	4.1e-6
289	3600	0.0004157	4.9e-6
289	3800	0.0004143	5.9e-6
289	4000	0.0004177	7.2e-6
289	4200	0.0004275	9.2e-6
289	4400	0.000447	1.2e-5
290	200	0.0050604	2.3e-6
290	400	0.0025622	2.3e-6
290	600	0.0017308	2.2e-6
290	800	0.0013162	2.2e-6
290	1000	0.0010685	2.1e-6
290	1200	0.0009043	2.1e-6
290	1400	0.0007879	2.1e-6
290	1600	0.0007015	2.1e-6
290	1800	0.0006352	2.1e-6
290	2000	0.0005832	2.1e-6
290	2200	0.0005416	2.2e-6
290	2400	0.0005080	2.3e-6
290	2600	0.0004808	2.5e-6
290	2800	0.0004588	2.7e-6
290	3000	0.0004412	3.0e-6
290	3200	0.0004276	3.4e-6
290	3400	0.0004176	3.9e-6
290	3600	0.0004113	4.6e-6
290	3800	0.0004088	5.5e-6
290	4000	0.0004108	6.7e-6
290	4200	0.0004183	8.4e-6
290	4400	0.000434	1.1e-5
290	4600	0.000461	1.5e-5
291	200	0.0050597	2.3e-6
291	400	0.0025615	2.3e-6
291	600	0.0017300	2.2e-6
291	800	0.0013154	2.2e-6
291	1000	0.0010676	2.1e-6
291	1200	0.0009033	2.1e-6
291	1400	0.0007868	2.1e-6
291	1600	0.0007003	2.0e-6
291	1800	0.0006340	2.1e-6
291	2000	0.0005818	2.1e-6
291	2200	0.0005400	2.1e-6
291	2400	0.0005063	2.2e-6
291	2600	0.0004788	2.4e-6
291	2800	0.0004566	2.6e-6
291	3000	0.0004387	2.9e-6
291	3200	0.0004246	3.3e-6
291	3400	0.0004141	3.8e-6
291	3600	0.0004071	4.4e-6
291	3800	0.0004037	5.2e-6
291	4000	0.0004044	6.3e-6
291	4200	0.0004099	7.8e-6
291	4400	0.0004221	9.9e-6
291	4600	0.000444	1.3e-5
291	4800	0.000484	2.0e-5
292	200	0.0050590	2.3e-6
292	400	0.0025607	2.2e-6
292	600	0.0017293	2.2e-6
292	800	0.0013146	2.1e-6
292	1000	0.0010667	2.1e-6
292	1200	0.0009023	2.1e-6
292	1400	0.0007858	2.0e-6
292	1600	0.0006992	2.0e-6
292	1800	0.0006327	2.0e-6
292	2000	0.0005804	2.0e-6
292	2200	0.0005385	2.1e-6
292	2400	0.0005046	2.2e-6
292	2600	0.0004769	2.3e-6
292	2800	0.0004544	2.5e-6
292	3000	0.0004362	2.8e-6
292	3200	0.0004218	3.1e-6
292	3400	0.0004108	3.6e-6
292	3600	0.0004032	4.2e-6
292	3800	0.0003990	4.9e-6
292	4000	0.0003985	5.9e-6
292	4200	0.0004024	7.2e-6
292	4400	0.0004120	9.1e-6
292	4600	0.000430	1.2e-5
292	4800	0.000462	1.7e-5
293	200	0.0050584	2.3e-6
293	400	0.0025600	2.2e-6
293	600	0.0017285	2.2e-6
293	800	0.0013138	2.1e-6
293	1000	0.0010658	2.1e-6
293	1200	0.0009014	2.0e-6
293	1400	0.0007848	2.0e-6
293	1600	0.0006981	2.0e-6
293	1800	0.0006315	2.0e-6
293	2000	0.0005791	2.0e-6
293	2200	0.0005370	2.1e-6
293	2400	0.0005030	2.1e-6
293	2600	0.0004751	2.3e-6
293	2800	0.0004524	2.4e-6
293	3000	0.0004339	2.7e-6
293	3200	0.0004191	3.0e-6
293	3400	0.0004077	3.4e-6
293	3600	0.0003995	4.0e-6
293	3800	0.0003945	4.7e-6
293	4000	0.0003930	5.5e-6
293	4200	0.0003955	6.7e-6
293	4400	0.0004030	8.3e-6
293	4600	0.000417	1.1e-5
293	4800	0.000443	1.5e-5
293	5000	0.000488	2.2e-5
294	200	0.0050577	2.3e-6
294	400	0.0025594	2.2e-6
294	600	0.0017278	2.2e-6
294	800	0.0013130	2.1e-6
294	1000	0.0010650	2.1e-6
294	1200	0.0009005	2.0e-6
294	1400	0.0007838	2.0e-6
294	1600	0.0006970	2.0e-6
294	1800	0.0006303	2.0e-6
294	2000	0.0005778	2.0e-6
294	2200	0.0005356	2.0e-6
294	2400	0.0005014	2.1e-6
294	2600	0.0004734	2.2e-6
294	2800	0.0004504	2.4e-6
294	3000	0.0004316	2.6e-6
294	3200	0.0004165	2.9e-6
294	3400	0.0004047	3.3e-6
294	3600	0.0003960	3.8e-6
294	3800	0.0003904	4.4e-6
294	4000	0.0003880	5.2e-6
294	4200	0.0003892	6.3e-6
294	4400	0.0003948	7.7e-6
294	4600	0.0004065	9.8e-6
294	4800	0.000427	1.3e-5
294	5000	0.000462	1.8e-5
295	200	0.0050571	2.2e-6
295	400	0.0025587	2.2e-6
295	600	0.0017271	2.1e-6
295	800	0.0013122	2.1e-6
295	1000	0.0010642	2.0e-6
295	1200	0.0008996	2.0e-6
295	1400	0.0007828	2.0e-6
295	1600	0.0006960	1.9e-6
295	1800	0.0006292	1.9e-6
295	2000	0.0005765	1.9e-6
295	2200	0.0005342	2.0e-6
295	2400	0.0004998	2.0e-6
295	2600	0.0004716	2.1e-6
295	2800	0.0004485	2.3e-6
295	3000	0.0004295	2.5e-6
295	3200	0.0004141	2.8e-6
295	3400	0.0004019	3.2e-6
295	3600	0.0003927	3.6e-6
295	3800	0.0003865	4.2e-6
295	4000	0.0003832	5.0e-6
295	4200	0.0003834	5.9e-6
295	4400	0.0003874	7.2e-6
295	4600	0.0003967	9.0e-6
295	4800	0.000413	1.2e-5
295	5000	0.000442	1.6e-5
295	5200	0.000492	2.4e-5
296	200	0.0050565	2.2e-6
296	400	0.0025580	2.2e-6
296	600	0.0017263	2.1e-6
296	800	0.0013114	2.1e-6
296	1000	0.0010633	2.0e-6
296	1200	0.0008987	2.0e-6
296	1400	0.0007818	1.9e-6
296	1600	0.0006949	1.9e-6
296	1800	0.0006281	1.9e-6
296	2000	0.0005753	1.9e-6
296	2200	0.0005329	1.9e-6
296	2400	0.0004984	2.0e-6
296	2600	0.0004700	2.1e-6
296	2800	0.0004466	2.2e-6
296	3000	0.0004274	2.4e-6
296	3200	0.0004117	2.7e-6
296	3400	0.0003992	3.0e-6
296	3600	0.0003896	3.5e-6
296	3800	0.0003828	4.0e-6
296	4000	0.0003788	4.7e-6
296	4200	0.0003780	5.6e-6
296	4400	0.0003807	6.7e-6
296	4600	0.0003879	8.3e-6
296	4800	0.000401	1.0e-5
296	5000	0.000424	1.4e-5
296	5200	0.000463	2.0e-5
297	200	0.0050558	2.2e-6
297	400	0.0025574	2.2e-6
297	600	0.0017256	2.1e-6
297	800	0.0013107	2.1e-6
297	1000	0.0010625	2.0e-6
297	1200	0.0008978	2.0e-6
297	1400	0.0007809	1.9e-6
297	1600	0.0006939	1.9e-6
297	1800	0.0006270	1.9e-6
297	2000	0.0005741	1.9e-6
297	2200	0.0005316	1.9e-6
297	2400	0.0004969	2.0e-6
297	2600	0.0004684	2.0e-6
297	2800	0.0004448	2.2e-6
297	3000	0.0004254	2.4e-6
297	3200	0.0004095	2.6e-6
297	3400	0.0003966	2.9e-6
297	3600	0.0003866	3.3e-6
297	3800	0.0003793	3.8e-6
297	4000	0.0003747	4.5e-6
297	4200	0.0003730	5.3e-6
297	4400	0.0003745	6.3e-6
297	4600	0.0003800	7.7e-6
297	4800	0.0003908	9.6e-6
297	5000	0.000409	1.2e-5
297	5200	0.000440	1.7e-5
297	5400	0.000495	2.6e-5
298	200	0.0050552	2.2e-6
298	400	0.0025567	2.1e-6
298	600	0.0017250	2.1e-6
298	800	0.0013100	2.0e-6
298	1000	0.0010617	2.0e-6
298	1200	0.0008970	1.9e-6
298	1400	0.0007800	1.9e-6
298	1600	0.0006929	1.9e-6
298	1800	0.0006259	1.9e-6
298	2000	0.0005729	1.8e-6
298	2200	0.0005303	1.9e-6
298	2400	0.0004955	1.9e-6
298	2600	0.0004669	2.0e-6
298	2800	0.0004431	2.1e-6
298	3000	0.0004235	2.3e-6
298	3200	0.0004073	2.5e-6
298	3400	0.0003942	2.8e-6
298	3600	0.0003838	3.2e-6
298	3800	0.0003760	3.7e-6
298	4000	0.0003709	4.3e-6
298	4200	0.0003684	5.0e-6
298	4400	0.0003689	5.9e-6
298	4600	0.0003729	7.2e-6
298	4800	0.0003815	8.8e-6
298	5000	0.000396	1.1e-5
298	5200	0.000421	1.5e-5
298	5400	0.000463	2.1e-5
298	5600	0.000544	3.7e-5
299	200	0.0050546	2.2e-6
299	400	0.0025561	2.1e-6
299	600	0.0017243	2.1e-6
299	800	0.0013092	2.0e-6
299	1000	0.0010610	2.0e-6
299	1200	0.0008962	1.9e-6
299	1400	0.0007791	1.9e-6
299	1600	0.0006920	1.9e-6
299	1800	0.0006248	1.8e-6
299	2000	0.0005718	1.8e-6
299	2200	0.0005291	1.8e-6
299	2400	0.0004941	1.9e-6
299	2600	0.0004654	1.9e-6
299	2800	0.0004415	2.1e-6
299	3000	0.0004216	2.2e-6
299	3200	0.0004052	2.4e-6
299	3400	0.0003918	2.7e-6
299	3600	0.0003811	3.1e-6
299	3800	0.0003729	3.5e-6
299	4000	0.0003672	4.1e-6
299	4200	0.0003640	4.7e-6
299	4400	0.0003636	5.6e-6
299	4600	0.0003664	6.7e-6
299	4800	0.0003731	8.2e-6
299	5000	0.000385	1.0e-5
299	5200	0.000405	1.3e-5
299	5400	0.000438	1.8e-5
299	5600	0.000497	2.8e-5
300	200	0.0050541	2.2e-6
300	400	0.0025555	2.1e-6
300	600	0.0017236	2.1e-6
300	800	0.0013085	2.0e-6
300	1000	0.0010602	2.0e-6
300	1200	0.0008953	1.9e-6
300	1400	0.0007782	1.9e-6
300	1600	0.0006910	1.8e-6
300	1800	0.0006238	1.8e-6
300	2000	0.0005707	1.8e-6
300	2200	0.0005278	1.8e-6
300	2400	0.0004928	1.8e-6
300	2600	0.0004639	1.9e-6
300	2800	0.0004399	2.0e-6
300	3000	0.0004198	2.2e-6
300	3200	0.0004032	2.4e-6
300	3400	0.0003896	2.6e-6
300	3600	0.0003785	3.0e-6
300	3800	0.0003700	3.4e-6
300	4000	0.0003638	3.9e-6
300	4200	0.0003600	4.5e-6
300	4400	0.0003587	5.3e-6
300	4600	0.0003604	6.3e-6
300	4800	0.0003656	7.6e-6
300	5000	0.0003753	9.3e-6
300	5200	0.000391	1.2e-5
300	5400	0.000418	1.6e-5
300	5600	0.000462	2.3e-5
300	5800	0.000548	3.9e-5
301	200	0.0050535	2.2e-6
301	400	0.0025548	2.1e-6
301	600	0.0017230	2.1e-6
301	800	0.0013078	2.0e-6
301	1000	0.0010595	1.9e-6
301	1200	0.0008945	1.9e-6
301	1400	0.0007774	1.9e-6
301	1600	0.0006901	1.8e-6
301	1800	0.0006228	1.8e-6
301	2000	0.0005696	1.8e-6
301	2200	0.0005267	1.8e-6
301	2400	0.0004915	1.8e-6
301	2600	0.0004625	1.9e-6
301	2800	0.0004383	2.0e-6
301	3000	0.0004181	2.1e-6
301	3200	0.0004013	2.3e-6
301	3400	0.0003874	2.5e-6
301	3600	0.0003761	2.9e-6
301	3800	0.0003672	3.2e-6
301	4000	0.0003605	3.7e-6
301	4200	0.0003562	4.3e-6
301	4400	0.0003542	5.0e-6
301	4600	0.0003549	5.9e-6
301	4800	0.0003587	7.1e-6
301	5000	0.0003664	8.6e-6
301	5200	0.000380	1.1e-5
301	5400	0.000401	1.4e-5
301	5600	0.000435	1.9e-5
301	5800	0.000497	3.0e-5
301	6000	0.000630	6.1e-5
302	200	0.0050529	2.1e-6
302	400	0.0025542	2.1e-6
302	600	0.0017223	2.0e-6
302	800	0.0013071	2.0e-6
302	1000	0.0010587	1.9e-6
302	1200	0.0008938	1.9e-6
302	1400	0.0007765	1.8e-6
302	1600	0.0006892	1.8e-6
302	1800	0.0006218	1.8e-6
302	2000	0.0005685	1.7e-6
302	2200	0.0005255	1.7e-6
302	2400	0.0004903	1.8e-6
302	2600	0.0004611	1.8e-6
302	2800	0.0004368	1.9e-6
302	3000	0.0004165	2.0e-6
302	3200	0.0003995	2.2e-6
302	3400	0.0003853	2.5e-6
302	3600	0.0003738	2.8e-6
302	3800	0.0003645	3.1e-6
302	4000	0.0003575	3.6e-6
302	4200	0.0003526	4.1e-6
302	4400	0.0003500	4.8e-6
302	4600	0.0003498	5.6e-6
302	4800	0.0003524	6.7e-6
302	5000	0.0003585	8.0e-6
302	5200	0.0003692	9.9e-6
302	5400	0.000386	1.2e-5
302	5600	0.000414	1.7e-5
302	5800	0.000460	2.4e-5
302	6000	0.000548	4.1e-5
303	200	0.0050523	2.1e-6
303	400	0.0025536	2.1e-6
303	600	0.0017217	2.0e-6
303	800	0.0013065	2.0e-6
303	1000	0.0010580	1.9e-6
303	1200	0.0008930	1.9e-6
303	1400	0.0007757	1.8e-6
303	1600	0.0006883	1.8e-6
303	1800	0.0006209	1.7e-6
303	2000	0.0005675	1.7e-6
303	2200	0.0005244	1.7e-6
303	2400	0.0004891	1.7e-6
303	2600	0.0004598	1.8e-6
303	2800	0.0004353	1.9e-6
303	3000	0.0004149	2.0e-6
303	3200	0.0003977	2.2e-6
303	3400	0.0003833	2.4e-6
303	3600	0.0003715	2.7e-6
303	3800	0.0003620	3.0e-6
303	4000	0.0003546	3.4e-6
303	4200	0.0003492	3.9e-6
303	4400	0.0003460	4.5e-6
303	4600	0.0003451	5.3e-6
303	4800	0.0003467	6.3e-6
303	5000	0.0003514	7.5e-6
303	5200	0.0003599	9.1e-6
303	5400	0.000374	1.1e-5
303	5600	0.000396	1.5e-5
303	5800	0.000431	2.0e-5
303	6000	0.000494	3.1e-5
303	6200	0.000629	6.3e-5
304	200	0.0050518	2.1e-6
304	400	0.0025530	2.1e-6
304	600	0.0017210	2.0e-6
304	800	0.0013058	2.0e-6
304	1000	0.0010573	1.9e-6
304	1200	0.0008922	1.9e-6
304	1400	0.0007749	1.8e-6
304	1600	0.0006874	1.8e-6
304	1800	0.0006200	1.7e-6
304	2000	0.0005665	1.7e-6
304	2200	0.0005233	1.7e-6
304	2400	0.0004879	1.7e-6
304	2600	0.0004585	1.8e-6
304	2800	0.0004339	1.8e-6
304	3000	0.0004133	1.9e-6
304	3200	0.0003959	2.1e-6
304	3400	0.0003814	2.3e-6
304	3600	0.0003694	2.6e-6
304	3800	0.0003595	2.9e-6
304	4000	0.0003518	3.3e-6
304	4200	0.0003461	3.8e-6
304	4400	0.0003423	4.3e-6
304	4600	0.0003407	5.0e-6
304	4800	0.0003414	5.9e-6
304	5000	0.0003449	7.0e-6
304	5200	0.0003517	8.4e-6
304	5400	0.000363	1.0e-5
304	5600	0.000381	1.3e-5
304	5800	0.000409	1.7e-5
304	6000	0.000455	2.5e-5
304	6200	0.000543	4.2e-5
304	6400	0.00078	0.00011
305	200	0.0050512	2.1e-6
305	400	0.0025525	2.0e-6
305	600	0.0017204	2.0e-6
305	800	0.0013051	1.9e-6
305	1000	0.0010566	1.9e-6
305	1200	0.0008915	1.8e-6
305	1400	0.0007741	1.8e-6
305	1600	0.0006866	1.7e-6
305	1800	0.0006190	1.7e-6
305	2000	0.0005655	1.7e-6
305	2200	0.0005223	1.7e-6
305	2400	0.0004867	1.7e-6
305	2600	0.0004572	1.7e-6
305	2800	0.0004326	1.8e-6
305	3000	0.0004118	1.9e-6
305	3200	0.0003943	2.0e-6
305	3400	0.0003796	2.2e-6
305	3600	0.0003673	2.5e-6
305	3800	0.0003572	2.8e-6
305	4000	0.0003492	3.2e-6
305	4200	0.0003430	3.6e-6
305	4400	0.0003388	4.1e-6
305	4600	0.0003366	4.8e-6
305	4800	0.0003365	5.6e-6
305	5000	0.0003389	6.6e-6
305	5200	0.0003442	7.8e-6
305	5400	0.0003534	9.5e-6
305	5600	0.000368	1.2e-5
305	5800	0.000390	1.5e-5
305	6000	0.000426	2.0e-5
305	6200	0.000488	3.1e-5
305	6400	0.000618	6.1e-5
306	200	0.0050507	2.1e-6
306	400	0.0025519	2.0e-6
306	600	0.0017198	2.0e-6
306	800	0.0013045	1.9e-6
306	1000	0.0010559	1.9e-6
306	1200	0.0008908	1.8e-6
306	1400	0.0007733	1.8e-6
306	1600	0.0006858	1.7e-6
306	1800	0.0006181	1.7e-6
306	2000	0.0005646	1.7e-6
306	2200	0.0005212	1.6e-6
306	2400	0.0004856	1.7e-6
306	2600	0.0004560	1.7e-6
306	2800	0.0004312	1.7e-6
306	3000	0.0004103	1.8e-6
306	3200	0.0003927	2.0e-6
306	3400	0.0003778	2.2e-6
306	3600	0.0003653	2.4e-6
306	3800	0.0003550	2.7e-6
306	4000	0.0003467	3.0e-6
306	4200	0.0003402	3.5e-6
306	4400	0.0003355	4.0e-6
306	4600	0.0003328	4.6e-6
306	4800	0.0003320	5.3e-6
306	5000	0.0003334	6.2e-6
306	5200	0.0003375	7.3e-6
306	5400	0.0003449	8.8e-6
306	5600	0.000357	1.1e-5
306	5800	0.000375	1.3e-5
306	6000	0.000403	1.8e-5
306	6200	0.000449	2.5e-5
306	6400	0.000533	4.1e-5
306	6600	0.00075	0.00010
307	200	0.0050501	2.1e-6
307	400	0.0025513	2.0e-6
307	600	0.0017192	2.0e-6
307	800	0.0013039	1.9e-6
307	1000	0.0010552	1.9e-6
307	1200	0.0008900	1.8e-6
307	1400	0.0007726	1.8e-6
307	1600	0.0006849	1.7e-6
307	1800	0.0006173	1.7e-6
307	2000	0.0005636	1.6e-6
307	2200	0.0005202	1.6e-6
307	2400	0.0004845	1.6e-6
307	2600	0.0004548	1.7e-6
307	2800	0.0004299	1.7e-6
307	3000	0.0004089	1.8e-6
307	3200	0.0003911	1.9e-6
307	3400	0.0003761	2.1e-6
307	3600	0.0003634	2.3e-6
307	3800	0.0003529	2.6e-6
307	4000	0.0003443	2.9e-6
307	4200	0.0003375	3.3e-6
307	4400	0.0003324	3.8e-6
307	4600	0.0003292	4.4e-6
307	4800	0.0003278	5.0e-6
307	5000	0.0003284	5.9e-6
307	5200	0.0003314	6.9e-6
307	5400	0.0003372	8.1e-6
307	5600	0.0003468	9.8e-6
307	5800	0.000361	1.2e-5
307	6000	0.000384	1.5e-5
307	6200	0.000419	2.1e-5
307	6400	0.000479	3.1e-5
307	6600	0.000600	5.7e-5
307	6800	0.00101	0.00023
308	200	0.0050496	2.1e-6
308	400	0.0025508	2.0e-6
308	600	0.0017186	2.0e-6
308	800	0.0013032	1.9e-6
308	1000	0.0010546	1.8e-6
308	1200	0.0008893	1.8e-6
308	1400	0.0007718	1.7e-6
308	1600	0.0006841	1.7e-6
308	1800	0.0006164	1.7e-6
308	2000	0.0005627	1.6e-6
308	2200	0.0005192	1.6e-6
308	2400	0.0004835	1.6e-6
308	2600	0.0004537	1.6e-6
308	2800	0.0004287	1.7e-6
308	3000	0.0004075	1.8e-6
308	3200	0.0003896	1.9e-6
308	3400	0.0003744	2.0e-6
308	3600	0.0003616	2.3e-6
308	3800	0.0003509	2.5e-6
308	4000	0.0003420	2.8e-6
308	4200	0.0003349	3.2e-6
308	4400	0.0003295	3.6e-6
308	4600	0.0003258	4.2e-6
308	4800	0.0003238	4.8e-6
308	5000	0.0003237	5.5e-6
308	5200	0.0003258	6.5e-6
308	5400	0.0003303	7.6e-6
308	5600	0.0003380	9.1e-6
308	5800	0.000350	1.1e-5
308	6000	0.000368	1.4e-5
308	6200	0.000396	1.8e-5
308	6400	0.000440	2.4e-5
308	6600	0.000519	3.9e-5
308	6800	0.000702	8.6e-5
308	7000	0.0020	0.0013
309	200	0.0050491	2.0e-6
309	400	0.0025502	2.0e-6
309	600	0.0017180	1.9e-6
309	800	0.0013026	1.9e-6
309	1000	0.0010539	1.8e-6
309	1200	0.0008886	1.8e-6
309	1400	0.0007711	1.7e-6
309	1600	0.0006833	1.7e-6
309	1800	0.0006156	1.6e-6
309	2000	0.0005618	1.6e-6
309	2200	0.0005182	1.6e-6
309	2400	0.0004824	1.6e-6
309	2600	0.0004526	1.6e-6
309	2800	0.0004275	1.6e-6
309	3000	0.0004062	1.7e-6
309	3200	0.0003882	1.8e-6
309	3400	0.0003728	2.0e-6
309	3600	0.0003598	2.2e-6
309	3800	0.0003489	2.4e-6
309	4000	0.0003398	2.7e-6
309	4200	0.0003324	3.1e-6
309	4400	0.0003267	3.5e-6
309	4600	0.0003226	4.0e-6
309	4800	0.0003201	4.6e-6
309	5000	0.0003194	5.3e-6
309	5200	0.0003206	6.1e-6
309	5400	0.0003240	7.1e-6
309	5600	0.0003302	8.4e-6
309	5800	0.000340	1.0e-5
309	6000	0.000355	1.2e-5
309	6200	0.000377	1.5e-5
309	6400	0.000410	2.0e-5
309	6600	0.000466	2.9e-5
309	6800	0.000574	5.1e-5
309	7000	0.00087	0.00015
310	200	0.0050486	2.0e-6
310	400	0.0025497	2.0e-6
310	600	0.0017175	1.9e-6
310	800	0.0013020	1.9e-6
310	1000	0.0010533	1.8e-6
310	1200	0.0008880	1.8e-6
310	1400	0.0007703	1.7e-6
310	1600	0.0006826	1.7e-6
310	1800	0.0006147	1.6e-6
310	2000	0.0005609	1.6e-6
310	2200	0.0005173	1.6e-6
310	2400	0.0004814	1.6e-6
310	2600	0.0004515	1.6e-6
310	2800	0.0004263	1.6e-6
310	3000	0.0004049	1.7e-6
310	3200	0.0003868	1.8e-6
310	3400	0.0003713	1.9e-6
310	3600	0.0003581	2.1e-6
310	3800	0.0003470	2.3e-6
310	4000	0.0003377	2.6e-6
310	4200	0.0003301	3.0e-6
310	4400	0.0003241	3.3e-6
310	4600	0.0003196	3.8e-6
310	4800	0.0003166	4.4e-6
310	5000	0.0003153	5.0e-6
310	5200	0.0003158	5.8e-6
310	5400	0.0003183	6.7e-6
310	5600	0.0003232	7.8e-6
310	5800	0.0003311	9.3e-6
310	6000	0.000343	1.1e-5
310	6200	0.000361	1.4e-5
310	6400	0.000387	1.7e-5
310	6600	0.000429	2.4e-5
310	6800	0.000500	3.5e-5
310	7000	0.000650	6.9e-5
310	7200	0.00122	0.00034
310	7400	0.00082	0.00047
310	7600	0.000244	3.2e-5
310	7800	0.000149	1.2e-5
310	8000	0.0001086	7.4e-6
310	8200	8.63e-5	5.3e-6
310	8400	7.20e-5	4.2e-6
310	8600	6.20e-5	3.4e-6
310	8800	5.46e-5	2.9e-6
310	9000	4.89e-5	2.5e-6
310	9200	4.43e-5	2.2e-6
310	9400	4.06e-5	2.0e-6
310	9600	3.75e-5	1.8e-6
310	9800	3.49e-5	1.6e-6
310	10000	3.26e-5	1.5e-6
311	200	0.0050481	2.0e-6
311	400	0.0025491	2.0e-6
311	600	0.0017169	1.9e-6
311	800	0.0013014	1.9e-6
311	1000	0.0010527	1.8e-6
311	1200	0.0008873	1.8e-6
311	1400	0.0007696	1.7e-6
311	1600	0.0006818	1.7e-6
311	1800	0.0006139	1.6e-6
311	2000	0.0005601	1.6e-6
311	2200	0.0005164	1.5e-6
311	2400	0.0004804	1.5e-6
311	2600	0.0004504	1.6e-6
311	2800	0.0004251	1.6e-6
311	3000	0.0004037	1.7e-6
311	3200	0.0003854	1.7e-6
311	3400	0.0003698	1.9e-6
311	3600	0.0003565	2.1e-6
311	3800	0.0003452	2.3e-6
311	4000	0.0003357	2.5e-6
311	4200	0.0003279	2.9e-6
311	4400	0.0003215	3.2e-6
311	4600	0.0003167	3.7e-6
311	4800	0.0003134	4.2e-6
311	5000	0.0003116	4.8e-6
311	5200	0.0003114	5.5e-6
311	5400	0.0003130	6.3e-6
311	5600	0.0003168	7.3e-6
311	5800	0.0003232	8.6e-6
311	6000	0.000333	1.0e-5
311	6200	0.000347	1.2e-5
311	6400	0.000368	1.5e-5
311	6600	0.000400	2.0e-5
311	6800	0.000451	2.7e-5
311	7000	0.000543	4.4e-5
311	7200	0.000759	9.9e-5
311	7400	0.00197	0.00098
311	7600	0.00073	0.00032
311	7800	0.000255	3.3e-5
311	8000	0.000156	1.3e-5
311	8200	0.0001140	7.4e-6
311	8400	9.03e-5	5.3e-6
311	8600	7.51e-5	4.2e-6
311	8800	6.45e-5	3.5e-6
311	9000	5.67e-5	2.9e-6
311	9200	5.07e-5	2.5e-6
311	9400	4.59e-5	2.2e-6
311	9600	4.20e-5	2.0e-6
311	9800	3.87e-5	1.8e-6
311	10000	3.59e-5	1.6e-6
312	200	0.0050476	2.0e-6
312	400	0.0025486	2.0e-6
312	600	0.0017163	1.9e-6
312	800	0.0013008	1.9e-6
312	1000	0.0010520	1.8e-6
312	1200	0.0008866	1.7e-6
312	1400	0.0007689	1.7e-6
312	1600	0.0006811	1.6e-6
312	1800	0.0006132	1.6e-6
312	2000	0.0005592	1.6e-6
312	2200	0.0005155	1.5e-6
312	2400	0.0004794	1.5e-6
312	2600	0.0004494	1.5e-6
312	2800	0.0004240	1.6e-6
312	3000	0.0004025	1.6e-6
312	3200	0.0003841	1.7e-6
312	3400	0.0003684	1.8e-6
312	3600	0.0003549	2.0e-6
312	3800	0.0003435	2.2e-6
312	4000	0.0003338	2.5e-6
312	4200	0.0003257	2.7e-6
312	4400	0.0003192	3.1e-6
312	4600	0.0003140	3.5e-6
312	4800	0.0003103	4.0e-6
312	5000	0.0003080	4.5e-6
312	5200	0.0003073	5.2e-6
312	5400	0.0003082	6.0e-6
312	5600	0.0003110	6.9e-6
312	5800	0.0003160	8.0e-6
312	6000	0.0003240	9.4e-6
312	6200	0.000336	1.1e-5
312	6400	0.000353	1.4e-5
312	6600	0.000377	1.7e-5
312	6800	0.000415	2.2e-5
312	7000	0.000478	3.2e-5
312	7200	0.000597	5.4e-5
312	7400	0.00091	0.00015
312	7600	0.00236	0.00070
312	7800	0.00063	0.00021
312	8000	0.000260	3.4e-5
312	8200	0.000162	1.3e-5
312	8400	0.0001187	7.7e-6
312	8600	9.40e-5	5.5e-6
312	8800	7.80e-5	4.3e-6
312	9000	6.69e-5	3.5e-6
312	9200	5.87e-5	3.0e-6
312	9400	5.24e-5	2.6e-6
312	9600	4.74e-5	2.3e-6
312	9800	4.33e-5	2.0e-6
312	10000	3.98e-5	1.8e-6
313	200	0.0050471	2.0e-6
313	400	0.0025481	1.9e-6
313	600	0.0017158	1.9e-6
313	800	0.0013002	1.8e-6
313	1000	0.0010514	1.8e-6
313	1200	0.0008860	1.7e-6
313	1400	0.0007683	1.7e-6
313	1600	0.0006804	1.6e-6
313	1800	0.0006124	1.6e-6
313	2000	0.0005584	1.5e-6
313	2200	0.0005146	1.5e-6
313	2400	0.0004785	1.5e-6
313	2600	0.0004483	1.5e-6
313	2800	0.0004229	1.5e-6
313	3000	0.0004013	1.6e-6
313	3200	0.0003828	1.7e-6
313	3400	0.0003670	1.8e-6
313	3600	0.0003534	1.9e-6
313	3800	0.0003418	2.1e-6
313	4000	0.0003319	2.4e-6
313	4200	0.0003237	2.7e-6
313	4400	0.0003169	3.0e-6
313	4600	0.0003114	3.4e-6
313	4800	0.0003074	3.8e-6
313	5000	0.0003047	4.3e-6
313	5200	0.0003034	4.9e-6
313	5400	0.0003037	5.6e-6
313	5600	0.0003056	6.5e-6
313	5800	0.0003096	7.5e-6
313	6000	0.0003160	8.7e-6
313	6200	0.000326	1.0e-5
313	6400	0.000339	1.2e-5
313	6600	0.000359	1.5e-5
313	6800	0.000388	1.9e-5
313	7000	0.000433	2.5e-5
313	7200	0.000510	3.7e-5
313	7400	0.000664	6.7e-5
313	7600	0.00109	0.00022
313	7800	0.00158	0.00033
313	8000	0.00055	0.00014
313	8200	0.000260	3.3e-5
313	8400	0.000167	1.4e-5
313	8600	0.0001226	8.0e-6
313	8800	9.72e-5	5.6e-6
313	9000	8.07e-5	4.4e-6
313	9200	6.92e-5	3.6e-6
313	9400	6.06e-5	3.0e-6
313	9600	5.40e-5	2.6e-6
313	9800	4.88e-5	2.3e-6
313	10000	4.45e-5	2.1e-6
314	200	0.0050466	2.0e-6
314	400	0.0025476	1.9e-6
314	600	0.0017153	1.9e-6
314	800	0.0012997	1.8e-6
314	1000	0.0010508	1.8e-6
314	1200	0.0008854	1.7e-6
314	1400	0.0007676	1.7e-6
314	1600	0.0006796	1.6e-6
314	1800	0.0006116	1.6e-6
314	2000	0.0005576	1.5e-6
314	2200	0.0005137	1.5e-6
314	2400	0.0004776	1.5e-6
314	2600	0.0004474	1.5e-6
314	2800	0.0004218	1.5e-6
314	3000	0.0004001	1.6e-6
314	3200	0.0003816	1.6e-6
314	3400	0.0003656	1.7e-6
314	3600	0.0003519	1.9e-6
314	3800	0.0003402	2.1e-6
314	4000	0.0003302	2.3e-6
314	4200	0.0003217	2.6e-6
314	4400	0.0003147	2.9e-6
314	4600	0.0003090	3.2e-6
314	4800	0.0003046	3.7e-6
314	5000	0.0003016	4.1e-6
314	5200	0.0002998	4.7e-6
314	5400	0.0002995	5.4e-6
314	5600	0.0003007	6.1e-6
314	5800	0.0003037	7.0e-6
314	6000	0.0003088	8.1e-6
314	6200	0.0003166	9.5e-6
314	6400	0.000328	1.1e-5
314	6600	0.000344	1.3e-5
314	6800	0.000367	1.6e-5
314	7000	0.000401	2.1e-5
314	7200	0.000454	2.8e-5
314	7400	0.000547	4.2e-5
314	7600	0.000738	8.3e-5
314	7800	0.00119	0.00024
314	8000	0.00108	0.00021
314	8200	0.00048	0.00010
314	8400	0.000256	3.2e-5
314	8600	0.000169	1.4e-5
314	8800	0.0001256	8.4e-6
314	9000	9.99e-5	5.9e-6
314	9200	8.31e-5	4.5e-6
314	9400	7.12e-5	3.7e-6
314	9600	6.24e-5	3.1e-6
314	9800	5.56e-5	2.7e-6
314	10000	5.02e-5	2.4e-6
315	200	0.0050461	2.0e-6
315	400	0.0025471	1.9e-6
315	600	0.0017147	1.9e-6
315	800	0.0012991	1.8e-6
315	1000	0.0010502	1.8e-6
315	1200	0.0008847	1.7e-6
315	1400	0.0007669	1.7e-6
315	1600	0.0006789	1.6e-6
315	1800	0.0006109	1.6e-6
315	2000	0.0005568	1.5e-6
315	2200	0.0005129	1.5e-6
315	2400	0.0004767	1.5e-6
315	2600	0.0004464	1.5e-6
315	2800	0.0004208	1.5e-6
315	3000	0.0003990	1.5e-6
315	3200	0.0003804	1.6e-6
315	3400	0.0003643	1.7e-6
315	3600	0.0003505	1.8e-6
315	3800	0.0003386	2.0e-6
315	4000	0.0003285	2.2e-6
315	4200	0.0003198	2.5e-6
315	4400	0.0003126	2.8e-6
315	4600	0.0003067	3.1e-6
315	4800	0.0003020	3.5e-6
315	5000	0.0002986	4.0e-6
315	5200	0.0002964	4.5e-6
315	5400	0.0002956	5.1e-6
315	5600	0.0002962	5.8e-6
315	5800	0.0002983	6.6e-6
315	6000	0.0003024	7.6e-6
315	6200	0.0003087	8.8e-6
315	6400	0.000318	1.0e-5
315	6600	0.000331	1.2e-5
315	6800	0.000349	1.4e-5
315	7000	0.000375	1.8e-5
315	7200	0.000415	2.2e-5
315	7400	0.000477	3.0e-5
315	7600	0.000586	4.7e-5
315	7800	0.000802	9.9e-5
315	8000	0.00110	0.00019
315	8200	0.00081	0.00014
315	8400	0.000422	7.3e-5
315	8600	0.000248	2.9e-5
315	8800	0.000170	1.4e-5
315	9000	0.0001277	8.7e-6
315	9200	0.0001022	6.1e-6
315	9400	8.52e-5	4.7e-6
315	9600	7.31e-5	3.8e-6
315	9800	6.40e-5	3.2e-6
315	10000	5.70e-5	2.8e-6
316	200	0.0050456	2.0e-6
316	400	0.0025466	1.9e-6
316	600	0.0017142	1.9e-6
316	800	0.0012986	1.8e-6
316	1000	0.0010496	1.7e-6
316	1200	0.0008841	1.7e-6
316	1400	0.0007663	1.6e-6
316	1600	0.0006783	1.6e-6
316	1800	0.0006101	1.5e-6
316	2000	0.0005560	1.5e-6
316	2200	0.0005121	1.5e-6
316	2400	0.0004758	1.4e-6
316	2600	0.0004454	1.4e-6
316	2800	0.0004198	1.5e-6
316	3000	0.0003979	1.5e-6
316	3200	0.0003792	1.6e-6
316	3400	0.0003630	1.7e-6
316	3600	0.0003491	1.8e-6
316	3800	0.0003371	2.0e-6
316	4000	0.0003268	2.2e-6
316	4200	0.0003180	2.4e-6
316	4400	0.0003106	2.7e-6
316	4600	0.0003045	3.0e-6
316	4800	0.0002995	3.4e-6
316	5000	0.0002958	3.8e-6
316	5200	0.0002933	4.3e-6
316	5400	0.0002919	4.8e-6
316	5600	0.0002920	5.5e-6
316	5800	0.0002934	6.2e-6
316	6000	0.0002965	7.1e-6
316	6200	0.0003016	8.2e-6
316	6400	0.0003090	9.4e-6
316	6600	0.000320	1.1e-5
316	6800	0.000334	1.3e-5
316	7000	0.000355	1.5e-5
316	7200	0.000385	1.9e-5
316	7400	0.000429	2.4e-5
316	7600	0.000500	3.3e-5
316	7800	0.000622	5.3e-5
316	8000	0.00083	0.00011
316	8200	0.00092	0.00013
316	8400	0.000640	9.5e-5
316	8600	0.000377	5.6e-5
316	8800	0.000239	2.7e-5
316	9000	0.000169	1.4e-5
316	9200	0.0001289	9.0e-6
316	9400	0.0001039	6.3e-6
316	9600	8.69e-5	4.9e-6
316	9800	7.47e-5	3.9e-6
316	10000	6.55e-5	3.3e-6
317	200	0.0050452	1.9e-6
317	400	0.0025461	1.9e-6
317	600	0.0017137	1.8e-6
317	800	0.0012980	1.8e-6
317	1000	0.0010491	1.7e-6
317	1200	0.0008835	1.7e-6
317	1400	0.0007656	1.6e-6
317	1600	0.0006776	1.6e-6
317	1800	0.0006094	1.5e-6
317	2000	0.0005553	1.5e-6
317	2200	0.0005113	1.5e-6
317	2400	0.0004749	1.4e-6
317	2600	0.0004445	1.4e-6
317	2800	0.0004188	1.4e-6
317	3000	0.0003969	1.5e-6
317	3200	0.0003780	1.5e-6
317	3400	0.0003618	1.6e-6
317	3600	0.0003478	1.7e-6
317	3800	0.0003357	1.9e-6
317	4000	0.0003252	2.1e-6
317	4200	0.0003163	2.3e-6
317	4400	0.0003087	2.6e-6
317	4600	0.0003023	2.9e-6
317	4800	0.0002972	3.2e-6
317	5000	0.0002932	3.6e-6
317	5200	0.0002903	4.1e-6
317	5400	0.0002885	4.6e-6
317	5600	0.0002880	5.2e-6
317	5800	0.0002888	5.9e-6
317	6000	0.0002911	6.7e-6
317	6200	0.0002951	7.6e-6
317	6400	0.0003012	8.7e-6
317	6600	0.000310	1.0e-5
317	6800	0.000322	1.2e-5
317	7000	0.000339	1.4e-5
317	7200	0.000362	1.6e-5
317	7400	0.000395	2.0e-5
317	7600	0.000444	2.5e-5
317	7800	0.000522	3.5e-5
317	8000	0.000645	5.8e-5
317	8200	0.00079	0.00011
317	8400	0.000756	9.3e-5
317	8600	0.000530	6.9e-5
317	8800	0.000339	4.4e-5
317	9000	0.000229	2.4e-5
317	9200	0.000167	1.4e-5
317	9400	0.0001292	9.1e-6
317	9600	0.0001050	6.5e-6
317	9800	8.82e-5	5.0e-6
317	10000	7.60e-5	4.1e-6
318	200	0.0050447	1.9e-6
318	400	0.0025456	1.9e-6
318	600	0.0017132	1.8e-6
318	800	0.0012975	1.8e-6
318	1000	0.0010485	1.7e-6
318	1200	0.0008829	1.7e-6
318	1400	0.0007650	1.6e-6
318	1600	0.0006769	1.6e-6
318	1800	0.0006087	1.5e-6
318	2000	0.0005545	1.5e-6
318	2200	0.0005105	1.4e-6
318	2400	0.0004741	1.4e-6
318	2600	0.0004436	1.4e-6
318	2800	0.0004178	1.4e-6
318	3000	0.0003958	1.4e-6
318	3200	0.0003769	1.5e-6
318	3400	0.0003606	1.6e-6
318	3600	0.0003465	1.7e-6
318	3800	0.0003343	1.8e-6
318	4000	0.0003237	2.0e-6
318	4200	0.0003146	2.2e-6
318	4400	0.0003069	2.5e-6
318	4600	0.0003003	2.8e-6
318	4800	0.0002949	3.1e-6
318	5000	0.0002906	3.5e-6
318	5200	0.0002874	3.9e-6
318	5400	0.0002853	4.4e-6
318	5600	0.0002844	5.0e-6
318	5800	0.0002846	5.6e-6
318	6000	0.0002862	6.3e-6
318	6200	0.0002893	7.2e-6
318	6400	0.0002942	8.1e-6
318	6600	0.0003012	9.3e-6
318	6800	0.000311	1.1e-5
318	7000	0.000325	1.2e-5
318	7200	0.000343	1.4e-5
318	7400	0.000368	1.7e-5
318	7600	0.000405	2.1e-5
318	7800	0.000458	2.6e-5
318	8000	0.000538	3.6e-5
318	8200	0.000648	6.4e-5
318	8400	0.000722	9.4e-5
318	8600	0.000628	7.0e-5
318	8800	0.000452	5.2e-5
318	9000	0.000309	3.5e-5
318	9200	0.000218	2.1e-5
318	9400	0.000164	1.3e-5
318	9600	0.0001289	9.1e-6
318	9800	0.0001056	6.7e-6
318	10000	8.92e-5	5.2e-6
319	200	0.0050442	1.9e-6
319	400	0.0025451	1.9e-6
319	600	0.0017127	1.8e-6
319	800	0.0012970	1.8e-6
319	1000	0.0010480	1.7e-6
319	1200	0.0008823	1.7e-6
319	1400	0.0007644	1.6e-6
319	1600	0.0006763	1.6e-6
319	1800	0.0006080	1.5e-6
319	2000	0.0005538	1.5e-6
319	2200	0.0005097	1.4e-6
319	2400	0.0004733	1.4e-6
319	2600	0.0004427	1.4e-6
319	2800	0.0004169	1.4e-6
319	3000	0.0003948	1.4e-6
319	3200	0.0003759	1.5e-6
319	3400	0.0003595	1.6e-6
319	3600	0.0003453	1.7e-6
319	3800	0.0003329	1.8e-6
319	4000	0.0003222	2.0e-6
319	4200	0.0003130	2.2e-6
319	4400	0.0003051	2.4e-6
319	4600	0.0002984	2.7e-6
319	4800	0.0002928	3.0e-6
319	5000	0.0002883	3.4e-6
319	5200	0.0002848	3.8e-6
319	5400	0.0002823	4.2e-6
319	5600	0.0002809	4.7e-6
319	5800	0.0002807	5.3e-6
319	6000	0.0002816	6.0e-6
319	6200	0.0002840	6.7e-6
319	6400	0.0002878	7.6e-6
319	6600	0.0002936	8.6e-6
319	6800	0.0003016	9.8e-6
319	7000	0.000313	1.1e-5
319	7200	0.000327	1.3e-5
319	7400	0.000347	1.5e-5
319	7600	0.000375	1.7e-5
319	7800	0.000414	2.1e-5
319	8000	0.000469	2.6e-5
319	8200	0.000545	3.9e-5
319	8400	0.000626	6.6e-5
319	8600	0.000637	7.7e-5
319	8800	0.000532	5.4e-5
319	9000	0.000394	4.0e-5
319	9200	0.000283	2.9e-5
319	9400	0.000208	1.9e-5
319	9600	0.000160	1.3e-5
319	9800	0.0001279	9.0e-6
319	10000	0.0001058	6.7e-6
320	200	0.0050438	1.9e-6
320	400	0.0025446	1.9e-6
320	600	0.0017122	1.8e-6
320	800	0.0012964	1.8e-6
320	1000	0.0010474	1.7e-6
320	1200	0.0008818	1.6e-6
320	1400	0.0007638	1.6e-6
320	1600	0.0006756	1.5e-6
320	1800	0.0006074	1.5e-6
320	2000	0.0005531	1.4e-6
320	2200	0.0005089	1.4e-6
320	2400	0.0004725	1.4e-6
320	2600	0.0004419	1.4e-6
320	2800	0.0004160	1.4e-6
320	3000	0.0003939	1.4e-6
320	3200	0.0003748	1.4e-6
320	3400	0.0003583	1.5e-6
320	3600	0.0003440	1.6e-6
320	3800	0.0003316	1.8e-6
320	4000	0.0003208	1.9e-6
320	4200	0.0003115	2.1e-6
320	4400	0.0003034	2.3e-6
320	4600	0.0002965	2.6e-6
320	4800	0.0002907	2.9e-6
320	5000	0.0002860	3.2e-6
320	5200	0.0002822	3.6e-6
320	5400	0.0002795	4.0e-6
320	5600	0.0002777	4.5e-6
320	5800	0.0002770	5.1e-6
320	6000	0.0002774	5.7e-6
320	6200	0.0002791	6.4e-6
320	6400	0.0002821	7.1e-6
320	6600	0.0002867	8.0e-6
320	6800	0.0002933	9.1e-6
320	7000	0.000302	1.0e-5
320	7200	0.000314	1.2e-5
320	7400	0.000330	1.3e-5
320	7600	0.000352	1.5e-5
320	7800	0.000381	1.7e-5
320	8000	0.000421	2.1e-5
320	8200	0.000475	2.7e-5
320	8400	0.000539	4.2e-5
320	8600	0.000585	6.4e-5
320	8800	0.000557	6.2e-5
320	9000	0.000459	4.3e-5
320	9200	0.000349	3.2e-5
320	9400	0.000261	2.4e-5
320	9600	0.000198	1.7e-5
320	9800	0.000156	1.2e-5
320	10000	0.0001264	8.8e-6
321	200	0.0050433	1.9e-6
321	400	0.0025441	1.8e-6
321	600	0.0017117	1.8e-6
321	800	0.0012959	1.7e-6
321	1000	0.0010469	1.7e-6
321	1200	0.0008812	1.6e-6
321	1400	0.0007632	1.6e-6
321	1600	0.0006750	1.5e-6
321	1800	0.0006067	1.5e-6
321	2000	0.0005524	1.4e-6
321	2200	0.0005082	1.4e-6
321	2400	0.0004717	1.4e-6
321	2600	0.0004410	1.4e-6
321	2800	0.0004151	1.4e-6
321	3000	0.0003929	1.4e-6
321	3200	0.0003738	1.4e-6
321	3400	0.0003572	1.5e-6
321	3600	0.0003429	1.6e-6
321	3800	0.0003303	1.7e-6
321	4000	0.0003194	1.9e-6
321	4200	0.0003100	2.0e-6
321	4400	0.0003018	2.3e-6
321	4600	0.0002947	2.5e-6
321	4800	0.0002888	2.8e-6
321	5000	0.0002838	3.1e-6
321	5200	0.0002798	3.5e-6
321	5400	0.0002768	3.9e-6
321	5600	0.0002747	4.3e-6
321	5800	0.0002736	4.8e-6
321	6000	0.0002735	5.4e-6
321	6200	0.0002746	6.0e-6
321	6400	0.0002768	6.7e-6
321	6600	0.0002805	7.5e-6
321	6800	0.0002858	8.4e-6
321	7000	0.0002931	9.5e-6
321	7200	0.000303	1.1e-5
321	7400	0.000316	1.2e-5
321	7600	0.000333	1.3e-5
321	7800	0.000356	1.5e-5
321	8000	0.000386	1.7e-5
321	8200	0.000425	2.1e-5
321	8400	0.000474	2.9e-5
321	8600	0.000521	4.5e-5
321	8800	0.000535	5.8e-5
321	9000	0.000488	5.0e-5
321	9200	0.000402	3.5e-5
321	9400	0.000314	2.7e-5
321	9600	0.000242	2.0e-5
321	9800	0.000189	1.5e-5
321	10000	0.000151	1.1e-5
322	200	0.0050429	1.9e-6
322	400	0.0025437	1.8e-6
322	600	0.0017112	1.8e-6
322	800	0.0012954	1.7e-6
322	1000	0.0010463	1.7e-6
322	1200	0.0008806	1.6e-6
322	1400	0.0007626	1.6e-6
322	1600	0.0006744	1.5e-6
322	1800	0.0006061	1.5e-6
322	2000	0.0005517	1.4e-6
322	2200	0.0005075	1.4e-6
322	2400	0.0004709	1.4e-6
322	2600	0.0004402	1.3e-6
322	2800	0.0004142	1.3e-6
322	3000	0.0003920	1.4e-6
322	3200	0.0003728	1.4e-6
322	3400	0.0003562	1.5e-6
322	3600	0.0003417	1.5e-6
322	3800	0.0003291	1.7e-6
322	4000	0.0003181	1.8e-6
322	4200	0.0003085	2.0e-6
322	4400	0.0003002	2.2e-6
322	4600	0.0002930	2.4e-6
322	4800	0.0002869	2.7e-6
322	5000	0.0002817	3.0e-6
322	5200	0.0002775	3.3e-6
322	5400	0.0002743	3.7e-6
322	5600	0.0002719	4.1e-6
322	5800	0.0002704	4.6e-6
322	6000	0.0002699	5.1e-6
322	6200	0.0002704	5.7e-6
322	6400	0.0002720	6.3e-6
322	6600	0.0002748	7.1e-6
322	6800	0.0002791	7.9e-6
322	7000	0.0002851	8.8e-6
322	7200	0.0002931	9.8e-6
322	7400	0.000304	1.1e-5
322	7600	0.000317	1.2e-5
322	7800	0.000335	1.3e-5
322	8000	0.000358	1.5e-5
322	8200	0.000388	1.7e-5
322	8400	0.000425	2.1e-5
322	8600	0.000465	3.1e-5
322	8800	0.000493	4.5e-5
322	9000	0.000484	5.1e-5
322	9200	0.000431	4.1e-5
322	9400	0.000357	2.9e-5
322	9600	0.000285	2.2e-5
322	9800	0.000225	1.7e-5
322	10000	0.000180	1.3e-5
323	200	0.0050425	1.9e-6
323	400	0.0025432	1.8e-6
323	600	0.0017107	1.8e-6
323	800	0.0012949	1.7e-6
323	1000	0.0010458	1.7e-6
323	1200	0.0008801	1.6e-6
323	1400	0.0007620	1.6e-6
323	1600	0.0006738	1.5e-6
323	1800	0.0006054	1.5e-6
323	2000	0.0005510	1.4e-6
323	2200	0.0005067	1.4e-6
323	2400	0.0004701	1.3e-6
323	2600	0.0004394	1.3e-6
323	2800	0.0004134	1.3e-6
323	3000	0.0003911	1.3e-6
323	3200	0.0003718	1.4e-6
323	3400	0.0003551	1.4e-6
323	3600	0.0003406	1.5e-6
323	3800	0.0003279	1.6e-6
323	4000	0.0003168	1.8e-6
323	4200	0.0003071	1.9e-6
323	4400	0.0002987	2.1e-6
323	4600	0.0002914	2.3e-6
323	4800	0.0002851	2.6e-6
323	5000	0.0002798	2.9e-6
323	5200	0.0002754	3.2e-6
323	5400	0.0002718	3.6e-6
323	5600	0.0002692	4.0e-6
323	5800	0.0002674	4.4e-6
323	6000	0.0002665	4.9e-6
323	6200	0.0002665	5.4e-6
323	6400	0.0002675	6.0e-6
323	6600	0.0002697	6.7e-6
323	6800	0.0002731	7.4e-6
323	7000	0.0002779	8.2e-6
323	7200	0.0002845	9.1e-6
323	7400	0.000293	1.0e-5
323	7600	0.000304	1.1e-5
323	7800	0.000319	1.2e-5
323	8000	0.000337	1.3e-5
323	8200	0.000360	1.4e-5
323	8400	0.000388	1.7e-5
323	8600	0.000420	2.2e-5
323	8800	0.000449	3.3e-5
323	9000	0.000459	4.3e-5
323	9200	0.000437	4.3e-5
323	9400	0.000384	3.4e-5
323	9600	0.000321	2.5e-5
323	9800	0.000261	1.9e-5
323	10000	0.000211	1.5e-5
324	200	0.0050420	1.9e-6
324	400	0.0025428	1.8e-6
324	600	0.0017103	1.8e-6
324	800	0.0012944	1.7e-6
324	1000	0.0010453	1.7e-6
324	1200	0.0008795	1.6e-6
324	1400	0.0007615	1.5e-6
324	1600	0.0006732	1.5e-6
324	1800	0.0006048	1.4e-6
324	2000	0.0005503	1.4e-6
324	2200	0.0005060	1.4e-6
324	2400	0.0004694	1.3e-6
324	2600	0.0004386	1.3e-6
324	2800	0.0004125	1.3e-6
324	3000	0.0003902	1.3e-6
324	3200	0.0003709	1.3e-6
324	3400	0.0003541	1.4e-6
324	3600	0.0003395	1.5e-6
324	3800	0.0003268	1.6e-6
324	4000	0.0003156	1.7e-6
324	4200	0.0003058	1.9e-6
324	4400	0.0002972	2.1e-6
324	4600	0.0002898	2.3e-6
324	4800	0.0002834	2.5e-6
324	5000	0.0002779	2.8e-6
324	5200	0.0002733	3.1e-6
324	5400	0.0002695	3.4e-6
324	5600	0.0002666	3.8e-6
324	5800	0.0002645	4.2e-6
324	6000	0.0002633	4.7e-6
324	6200	0.0002629	5.1e-6
324	6400	0.0002634	5.7e-6
324	6600	0.0002650	6.3e-6
324	6800	0.0002676	7.0e-6
324	7000	0.0002715	7.7e-6
324	7200	0.0002768	8.4e-6
324	7400	0.0002839	9.3e-6
324	7600	0.000293	1.0e-5
324	7800	0.000305	1.1e-5
324	8000	0.000319	1.2e-5
324	8200	0.000337	1.3e-5
324	8400	0.000359	1.4e-5
324	8600	0.000384	1.7e-5
324	8800	0.000410	2.3e-5
324	9000	0.000427	3.3e-5
324	9200	0.000424	4.0e-5
324	9400	0.000394	3.7e-5
324	9600	0.000345	2.8e-5
324	9800	0.000291	2.1e-5
324	10000	0.000240	1.6e-5
325	200	0.0050416	1.8e-6
325	400	0.0025424	1.8e-6
325	600	0.0017098	1.7e-6
325	800	0.0012939	1.7e-6
325	1000	0.0010448	1.6e-6
325	1200	0.0008790	1.6e-6
325	1400	0.0007609	1.5e-6
325	1600	0.0006726	1.5e-6
325	1800	0.0006042	1.4e-6
325	2000	0.0005497	1.4e-6
325	2200	0.0005054	1.4e-6
325	2400	0.0004687	1.3e-6
325	2600	0.0004379	1.3e-6
325	2800	0.0004117	1.3e-6
325	3000	0.0003893	1.3e-6
325	3200	0.0003700	1.3e-6
325	3400	0.0003531	1.4e-6
325	3600	0.0003385	1.5e-6
325	3800	0.0003256	1.5e-6
325	4000	0.0003144	1.7e-6
325	4200	0.0003045	1.8e-6
325	4400	0.0002958	2.0e-6
325	4600	0.0002883	2.2e-6
325	4800	0.0002817	2.4e-6
325	5000	0.0002761	2.7e-6
325	5200	0.0002713	3.0e-6
325	5400	0.0002674	3.3e-6
325	5600	0.0002642	3.6e-6
325	5800	0.0002619	4.0e-6
325	6000	0.0002603	4.4e-6
325	6200	0.0002595	4.9e-6
325	6400	0.0002596	5.4e-6
325	6600	0.0002606	6.0e-6
325	6800	0.0002626	6.6e-6
325	7000	0.0002656	7.2e-6
325	7200	0.0002700	7.9e-6
325	7400	0.0002757	8.6e-6
325	7600	0.0002831	9.4e-6
325	7800	0.000293	1.0e-5
325	8000	0.000304	1.1e-5
325	8200	0.000319	1.1e-5
325	8400	0.000336	1.2e-5
325	8600	0.000356	1.4e-5
325	8800	0.000378	1.8e-5
325	9000	0.000395	2.5e-5
325	9200	0.000402	3.3e-5
325	9400	0.000390	3.6e-5
325	9600	0.000357	3.2e-5
325	9800	0.000313	2.4e-5
325	10000	0.000266	1.8e-5
326	200	0.0050412	1.8e-6
326	400	0.0025419	1.8e-6
326	600	0.0017093	1.7e-6
326	800	0.0012935	1.7e-6
326	1000	0.0010443	1.6e-6
326	1200	0.0008785	1.6e-6
326	1400	0.0007604	1.5e-6
326	1600	0.0006720	1.5e-6
326	1800	0.0006036	1.4e-6
326	2000	0.0005490	1.4e-6
326	2200	0.0005047	1.3e-6
326	2400	0.0004680	1.3e-6
326	2600	0.0004371	1.3e-6
326	2800	0.0004109	1.3e-6
326	3000	0.0003885	1.3e-6
326	3200	0.0003691	1.3e-6
326	3400	0.0003522	1.4e-6
326	3600	0.0003375	1.4e-6
326	3800	0.0003245	1.5e-6
326	4000	0.0003132	1.6e-6
326	4200	0.0003032	1.8e-6
326	4400	0.0002945	1.9e-6
326	4600	0.0002868	2.1e-6
326	4800	0.0002801	2.4e-6
326	5000	0.0002743	2.6e-6
326	5200	0.0002694	2.9e-6
326	5400	0.0002653	3.2e-6
326	5600	0.0002619	3.5e-6
326	5800	0.0002593	3.9e-6
326	6000	0.0002575	4.3e-6
326	6200	0.0002564	4.7e-6
326	6400	0.0002561	5.1e-6
326	6600	0.0002566	5.7e-6
326	6800	0.0002580	6.2e-6
326	7000	0.0002603	6.8e-6
326	7200	0.0002638	7.4e-6
326	7400	0.0002685	8.0e-6
326	7600	0.0002745	8.7e-6
326	7800	0.0002822	9.3e-6
326	8000	0.0002918	9.9e-6
326	8200	0.000304	1.0e-5
326	8400	0.000317	1.1e-5
326	8600	0.000334	1.2e-5
326	8800	0.000351	1.4e-5
326	9000	0.000367	1.9e-5
326	9200	0.000378	2.6e-5
326	9400	0.000376	3.2e-5
326	9600	0.000358	3.2e-5
326	9800	0.000325	2.7e-5
326	10000	0.000286	2.1e-5
327	200	0.0050408	1.8e-6
327	400	0.0025415	1.8e-6
327	600	0.0017089	1.7e-6
327	800	0.0012930	1.7e-6
327	1000	0.0010438	1.6e-6
327	1200	0.0008780	1.6e-6
327	1400	0.0007598	1.5e-6
327	1600	0.0006714	1.5e-6
327	1800	0.0006030	1.4e-6
327	2000	0.0005484	1.4e-6
327	2200	0.0005040	1.3e-6
327	2400	0.0004673	1.3e-6
327	2600	0.0004364	1.3e-6
327	2800	0.0004102	1.3e-6
327	3000	0.0003876	1.3e-6
327	3200	0.0003682	1.3e-6
327	3400	0.0003513	1.3e-6
327	3600	0.0003365	1.4e-6
327	3800	0.0003235	1.5e-6
327	4000	0.0003121	1.6e-6
327	4200	0.0003020	1.7e-6
327	4400	0.0002931	1.9e-6
327	4600	0.0002854	2.1e-6
327	4800	0.0002786	2.3e-6
327	5000	0.0002727	2.5e-6
327	5200	0.0002676	2.8e-6
327	5400	0.0002633	3.1e-6
327	5600	0.0002598	3.4e-6
327	5800	0.0002569	3.7e-6
327	6000	0.0002548	4.1e-6
327	6200	0.0002534	4.5e-6
327	6400	0.0002527	4.9e-6
327	6600	0.0002528	5.4e-6
327	6800	0.0002537	5.9e-6
327	7000	0.0002555	6.4e-6
327	7200	0.0002582	7.0e-6
327	7400	0.0002620	7.5e-6
327	7600	0.0002669	8.1e-6
327	7800	0.0002732	8.7e-6
327	8000	0.0002810	9.2e-6
327	8200	0.0002905	9.6e-6
327	8400	0.0003019	9.9e-6
327	8600	0.000315	1.0e-5
327	8800	0.000329	1.1e-5
327	9000	0.000343	1.4e-5
327	9200	0.000354	2.0e-5
327	9400	0.000358	2.6e-5
327	9600	0.000350	2.9e-5
327	9800	0.000329	2.8e-5
327	10000	0.000298	2.4e-5
328	200	0.0050404	1.8e-6
328	400	0.0025411	1.8e-6
328	600	0.0017084	1.7e-6
328	800	0.0012925	1.7e-6
328	1000	0.0010433	1.6e-6
328	1200	0.0008775	1.6e-6
328	1400	0.0007593	1.5e-6
328	1600	0.0006709	1.5e-6
328	1800	0.0006024	1.4e-6
328	2000	0.0005478	1.4e-6
328	2200	0.0005034	1.3e-6
328	2400	0.0004666	1.3e-6
328	2600	0.0004357	1.3e-6
328	2800	0.0004094	1.2e-6
328	3000	0.0003868	1.2e-6
328	3200	0.0003673	1.3e-6
328	3400	0.0003503	1.3e-6
328	3600	0.0003355	1.4e-6
328	3800	0.0003224	1.4e-6
328	4000	0.0003109	1.6e-6
328	4200	0.0003008	1.7e-6
328	4400	0.0002919	1.8e-6
328	4600	0.0002840	2.0e-6
328	4800	0.0002771	2.2e-6
328	5000	0.0002711	2.4e-6
328	5200	0.0002659	2.7e-6
328	5400	0.0002614	2.9e-6
328	5600	0.0002577	3.2e-6
328	5800	0.0002546	3.6e-6
328	6000	0.0002523	3.9e-6
328	6200	0.0002506	4.3e-6
328	6400	0.0002496	4.7e-6
328	6600	0.0002493	5.1e-6
328	6800	0.0002498	5.6e-6
328	7000	0.0002510	6.1e-6
328	7200	0.0002531	6.6e-6
328	7400	0.0002561	7.1e-6
328	7600	0.0002601	7.6e-6
328	7800	0.0002652	8.1e-6
328	8000	0.0002716	8.6e-6
328	8200	0.0002794	8.9e-6
328	8400	0.0002886	9.2e-6
328	8600	0.0002993	9.4e-6
328	8800	0.0003110	9.9e-6
328	9000	0.000323	1.2e-5
328	9200	0.000333	1.5e-5
328	9400	0.000339	2.0e-5
328	9600	0.000338	2.5e-5
328	9800	0.000325	2.7e-5
328	10000	0.000303	2.5e-5
329	200	0.0050400	1.8e-6
329	400	0.0025406	1.8e-6
329	600	0.0017080	1.7e-6
329	800	0.0012921	1.7e-6
329	1000	0.0010428	1.6e-6
329	1200	0.0008770	1.5e-6
329	1400	0.0007588	1.5e-6
329	1600	0.0006703	1.4e-6
329	1800	0.0006018	1.4e-6
329	2000	0.0005472	1.4e-6
329	2200	0.0005027	1.3e-6
329	2400	0.0004659	1.3e-6
329	2600	0.0004350	1.2e-6
329	2800	0.0004086	1.2e-6
329	3000	0.0003861	1.2e-6
329	3200	0.0003665	1.2e-6
329	3400	0.0003495	1.3e-6
329	3600	0.0003345	1.3e-6
329	3800	0.0003214	1.4e-6
329	4000	0.0003099	1.5e-6
329	4200	0.0002997	1.6e-6
329	4400	0.0002907	1.8e-6
329	4600	0.0002827	1.9e-6
329	4800	0.0002757	2.1e-6
329	5000	0.0002695	2.3e-6
329	5200	0.0002642	2.6e-6
329	5400	0.0002596	2.8e-6
329	5600	0.0002557	3.1e-6
329	5800	0.0002525	3.4e-6
329	6000	0.0002499	3.7e-6
329	6200	0.0002480	4.1e-6
329	6400	0.0002467	4.5e-6
329	6600	0.0002461	4.9e-6
329	6800	0.0002461	5.3e-6
329	7000	0.0002469	5.8e-6
329	7200	0.0002484	6.2e-6
329	7400	0.0002508	6.7e-6
329	7600	0.0002540	7.2e-6
329	7800	0.0002581	7.6e-6
329	8000	0.0002634	8.0e-6
329	8200	0.0002697	8.3e-6
329	8400	0.0002773	8.5e-6
329	8600	0.0002860	8.7e-6
329	8800	0.0002957	8.9e-6
329	9000	0.0003057	9.8e-6
329	9200	0.000315	1.2e-5
329	9400	0.000322	1.6e-5
329	9600	0.000323	2.1e-5
329	9800	0.000317	2.4e-5
329	10000	0.000302	2.4e-5
330	200	0.0050396	1.8e-6
330	400	0.0025402	1.7e-6
330	600	0.0017076	1.7e-6
330	800	0.0012916	1.6e-6
330	1000	0.0010424	1.6e-6
330	1200	0.0008765	1.5e-6
330	1400	0.0007582	1.5e-6
330	1600	0.0006698	1.4e-6
330	1800	0.0006012	1.4e-6
330	2000	0.0005466	1.3e-6
330	2200	0.0005021	1.3e-6
330	2400	0.0004653	1.3e-6
330	2600	0.0004343	1.2e-6
330	2800	0.0004079	1.2e-6
330	3000	0.0003853	1.2e-6
330	3200	0.0003657	1.2e-6
330	3400	0.0003486	1.3e-6
330	3600	0.0003336	1.3e-6
330	3800	0.0003205	1.4e-6
330	4000	0.0003088	1.5e-6
330	4200	0.0002986	1.6e-6
330	4400	0.0002895	1.7e-6
330	4600	0.0002814	1.9e-6
330	4800	0.0002743	2.1e-6
330	5000	0.0002681	2.3e-6
330	5200	0.0002626	2.5e-6
330	5400	0.0002579	2.7e-6
330	5600	0.0002538	3.0e-6
330	5800	0.0002504	3.3e-6
330	6000	0.0002476	3.6e-6
330	6200	0.0002455	3.9e-6
330	6400	0.0002440	4.3e-6
330	6600	0.0002430	4.7e-6
330	6800	0.0002427	5.1e-6
330	7000	0.0002431	5.5e-6
330	7200	0.0002441	5.9e-6
330	7400	0.0002459	6.3e-6
330	7600	0.0002484	6.8e-6
330	7800	0.0002518	7.2e-6
330	8000	0.0002560	7.5e-6
330	8200	0.0002612	7.8e-6
330	8400	0.0002674	8.0e-6
330	8600	0.0002746	8.1e-6
330	8800	0.0002825	8.2e-6
330	9000	0.0002909	8.6e-6
330	9200	0.0002990	1.00e-5
330	9400	0.000306	1.3e-5
330	9600	0.000309	1.7e-5
330	9800	0.000306	2.0e-5
330	10000	0.000297	2.2e-5
331	200	0.0050392	1.8e-6
331	400	0.0025398	1.7e-6
331	600	0.0017072	1.7e-6
331	800	0.0012912	1.6e-6
331	1000	0.0010419	1.6e-6
331	1200	0.0008760	1.5e-6
331	1400	0.0007577	1.5e-6
331	1600	0.0006693	1.4e-6
331	1800	0.0006007	1.4e-6
331	2000	0.0005460	1.3e-6
331	2200	0.0005015	1.3e-6
331	2400	0.0004646	1.3e-6
331	2600	0.0004336	1.2e-6
331	2800	0.0004072	1.2e-6
331	3000	0.0003845	1.2e-6
331	3200	0.0003649	1.2e-6
331	3400	0.0003478	1.2e-6
331	3600	0.0003327	1.3e-6
331	3800	0.0003195	1.4e-6
331	4000	0.0003078	1.4e-6
331	4200	0.0002975	1.6e-6
331	4400	0.0002883	1.7e-6
331	4600	0.0002802	1.8e-6
331	4800	0.0002730	2.0e-6
331	5000	0.0002666	2.2e-6
331	5200	0.0002611	2.4e-6
331	5400	0.0002562	2.6e-6
331	5600	0.0002520	2.9e-6
331	5800	0.0002484	3.2e-6
331	6000	0.0002455	3.5e-6
331	6200	0.0002431	3.8e-6
331	6400	0.0002414	4.1e-6
331	6600	0.0002402	4.5e-6
331	6800	0.0002396	4.8e-6
331	7000	0.0002395	5.2e-6
331	7200	0.0002402	5.6e-6
331	7400	0.0002414	6.0e-6
331	7600	0.0002434	6.4e-6
331	7800	0.0002460	6.8e-6
331	8000	0.0002495	7.1e-6
331	8200	0.0002537	7.4e-6
331	8400	0.0002588	7.5e-6
331	8600	0.0002646	7.6e-6
331	8800	0.0002712	7.6e-6
331	9000	0.0002782	7.8e-6
331	9200	0.0002851	8.5e-6
331	9400	0.000291	1.0e-5
331	9600	0.000295	1.3e-5
331	9800	0.000295	1.7e-5
331	10000	0.000290	2.0e-5
332	200	0.0050388	1.8e-6
332	400	0.0025394	1.7e-6
332	600	0.0017067	1.7e-6
332	800	0.0012907	1.6e-6
332	1000	0.0010415	1.6e-6
332	1200	0.0008755	1.5e-6
332	1400	0.0007572	1.5e-6
332	1600	0.0006688	1.4e-6
332	1800	0.0006001	1.4e-6
332	2000	0.0005455	1.3e-6
332	2200	0.0005009	1.3e-6
332	2400	0.0004640	1.2e-6
332	2600	0.0004329	1.2e-6
332	2800	0.0004065	1.2e-6
332	3000	0.0003838	1.2e-6
332	3200	0.0003641	1.2e-6
332	3400	0.0003469	1.2e-6
332	3600	0.0003319	1.3e-6
332	3800	0.0003186	1.3e-6
332	4000	0.0003068	1.4e-6
332	4200	0.0002964	1.5e-6
332	4400	0.0002872	1.6e-6
332	4600	0.0002790	1.8e-6
332	4800	0.0002717	2.0e-6
332	5000	0.0002653	2.1e-6
332	5200	0.0002596	2.3e-6
332	5400	0.0002546	2.6e-6
332	5600	0.0002503	2.8e-6
332	5800	0.0002466	3.1e-6
332	6000	0.0002435	3.3e-6
332	6200	0.0002409	3.6e-6
332	6400	0.0002389	3.9e-6
332	6600	0.0002375	4.3e-6
332	6800	0.0002366	4.6e-6
332	7000	0.0002362	5.0e-6
332	7200	0.0002365	5.3e-6
332	7400	0.0002373	5.7e-6
332	7600	0.0002387	6.1e-6
332	7800	0.0002408	6.4e-6
332	8000	0.0002436	6.7e-6
332	8200	0.0002470	7.0e-6
332	8400	0.0002511	7.1e-6
332	8600	0.0002559	7.2e-6
332	8800	0.0002613	7.2e-6
332	9000	0.0002671	7.2e-6
332	9200	0.0002730	7.5e-6
332	9400	0.0002783	8.7e-6
332	9600	0.000282	1.1e-5
332	9800	0.000283	1.4e-5
332	10000	0.000281	1.7e-5
333	200	0.0050384	1.8e-6
333	400	0.0025390	1.7e-6
333	600	0.0017063	1.7e-6
333	800	0.0012903	1.6e-6
333	1000	0.0010410	1.6e-6
333	1200	0.0008750	1.5e-6
333	1400	0.0007567	1.5e-6
333	1600	0.0006682	1.4e-6
333	1800	0.0005996	1.4e-6
333	2000	0.0005449	1.3e-6
333	2200	0.0005003	1.3e-6
333	2400	0.0004634	1.2e-6
333	2600	0.0004323	1.2e-6
333	2800	0.0004058	1.2e-6
333	3000	0.0003831	1.2e-6
333	3200	0.0003633	1.2e-6
333	3400	0.0003461	1.2e-6
333	3600	0.0003310	1.2e-6
333	3800	0.0003177	1.3e-6
333	4000	0.0003059	1.4e-6
333	4200	0.0002954	1.5e-6
333	4400	0.0002861	1.6e-6
333	4600	0.0002778	1.7e-6
333	4800	0.0002705	1.9e-6
333	5000	0.0002639	2.1e-6
333	5200	0.0002582	2.3e-6
333	5400	0.0002531	2.5e-6
333	5600	0.0002486	2.7e-6
333	5800	0.0002448	2.9e-6
333	6000	0.0002415	3.2e-6
333	6200	0.0002388	3.5e-6
333	6400	0.0002366	3.8e-6
333	6600	0.0002349	4.1e-6
333	6800	0.0002338	4.4e-6
333	7000	0.0002332	4.7e-6
333	7200	0.0002331	5.1e-6
333	7400	0.0002335	5.4e-6
333	7600	0.0002345	5.8e-6
333	7800	0.0002360	6.1e-6
333	8000	0.0002382	6.4e-6
333	8200	0.0002409	6.6e-6
333	8400	0.0002443	6.7e-6
333	8600	0.0002482	6.8e-6
333	8800	0.0002526	6.8e-6
333	9000	0.0002575	6.7e-6
333	9200	0.0002624	6.8e-6
333	9400	0.0002670	7.5e-6
333	9600	0.0002706	9.0e-6
333	9800	0.000272	1.1e-5
333	10000	0.000271	1.4e-5
334	200	0.0050380	1.7e-6
334	400	0.0025386	1.7e-6
334	600	0.0017059	1.7e-6
334	800	0.0012899	1.6e-6
334	1000	0.0010405	1.6e-6
334	1200	0.0008746	1.5e-6
334	1400	0.0007563	1.4e-6
334	1600	0.0006677	1.4e-6
334	1800	0.0005991	1.4e-6
334	2000	0.0005443	1.3e-6
334	2200	0.0004997	1.3e-6
334	2400	0.0004628	1.2e-6
334	2600	0.0004316	1.2e-6
334	2800	0.0004052	1.2e-6
334	3000	0.0003824	1.2e-6
334	3200	0.0003626	1.2e-6
334	3400	0.0003453	1.2e-6
334	3600	0.0003302	1.2e-6
334	3800	0.0003168	1.3e-6
334	4000	0.0003050	1.4e-6
334	4200	0.0002944	1.4e-6
334	4400	0.0002851	1.6e-6
334	4600	0.0002767	1.7e-6
334	4800	0.0002693	1.8e-6
334	5000	0.0002627	2.0e-6
334	5200	0.0002568	2.2e-6
334	5400	0.0002516	2.4e-6
334	5600	0.0002470	2.6e-6
334	5800	0.0002431	2.8e-6
334	6000	0.0002397	3.1e-6
334	6200	0.0002368	3.4e-6
334	6400	0.0002344	3.6e-6
334	6600	0.0002325	3.9e-6
334	6800	0.0002312	4.2e-6
334	7000	0.0002303	4.5e-6
334	7200	0.0002299	4.9e-6
334	7400	0.0002300	5.2e-6
334	7600	0.0002306	5.5e-6
334	7800	0.0002317	5.8e-6
334	8000	0.0002333	6.0e-6
334	8200	0.0002355	6.3e-6
334	8400	0.0002381	6.4e-6
334	8600	0.0002413	6.5e-6
334	8800	0.0002449	6.4e-6
334	9000	0.0002489	6.3e-6
334	9200	0.0002530	6.3e-6
334	9400	0.0002569	6.6e-6
334	9600	0.0002602	7.6e-6
334	9800	0.0002622	9.4e-6
334	10000	0.000262	1.2e-5
335	200	0.0050376	1.7e-6
335	400	0.0025382	1.7e-6
335	600	0.0017055	1.6e-6
335	800	0.0012895	1.6e-6
335	1000	0.0010401	1.5e-6
335	1200	0.0008741	1.5e-6
335	1400	0.0007558	1.4e-6
335	1600	0.0006672	1.4e-6
335	1800	0.0005986	1.3e-6
335	2000	0.0005438	1.3e-6
335	2200	0.0004992	1.3e-6
335	2400	0.0004622	1.2e-6
335	2600	0.0004310	1.2e-6
335	2800	0.0004045	1.2e-6
335	3000	0.0003817	1.2e-6
335	3200	0.0003619	1.2e-6
335	3400	0.0003446	1.2e-6
335	3600	0.0003294	1.2e-6
335	3800	0.0003160	1.3e-6
335	4000	0.0003041	1.3e-6
335	4200	0.0002935	1.4e-6
335	4400	0.0002840	1.5e-6
335	4600	0.0002756	1.6e-6
335	4800	0.0002681	1.8e-6
335	5000	0.0002614	2.0e-6
335	5200	0.0002555	2.1e-6
335	5400	0.0002502	2.3e-6
335	5600	0.0002455	2.5e-6
335	5800	0.0002414	2.7e-6
335	6000	0.0002379	3.0e-6
335	6200	0.0002348	3.2e-6
335	6400	0.0002323	3.5e-6
335	6600	0.0002303	3.8e-6
335	6800	0.0002287	4.1e-6
335	7000	0.0002275	4.3e-6
335	7200	0.0002269	4.6e-6
335	7400	0.0002267	4.9e-6
335	7600	0.0002269	5.2e-6
335	7800	0.0002276	5.5e-6
335	8000	0.0002288	5.8e-6
335	8200	0.0002305	6.0e-6
335	8400	0.0002326	6.1e-6
335	8600	0.0002351	6.2e-6
335	8800	0.0002381	6.1e-6
335	9000	0.0002413	6.0e-6
335	9200	0.0002447	6.0e-6
335	9400	0.0002480	6.1e-6
335	9600	0.0002509	6.6e-6
335	9800	0.0002528	7.9e-6
335	10000	0.0002533	9.8e-6
336	200	0.0050373	1.7e-6
336	400	0.0025378	1.7e-6
336	600	0.0017051	1.6e-6
336	800	0.0012890	1.6e-6
336	1000	0.0010397	1.5e-6
336	1200	0.0008737	1.5e-6
336	1400	0.0007553	1.4e-6
336	1600	0.0006667	1.4e-6
336	1800	0.0005980	1.3e-6
336	2000	0.0005433	1.3e-6
336	2200	0.0004986	1.2e-6
336	2400	0.0004616	1.2e-6
336	2600	0.0004304	1.2e-6
336	2800	0.0004039	1.2e-6
336	3000	0.0003810	1.1e-6
336	3200	0.0003612	1.1e-6
336	3400	0.0003438	1.2e-6
336	3600	0.0003286	1.2e-6
336	3800	0.0003151	1.2e-6
336	4000	0.0003032	1.3e-6
336	4200	0.0002925	1.4e-6
336	4400	0.0002831	1.5e-6
336	4600	0.0002746	1.6e-6
336	4800	0.0002670	1.7e-6
336	5000	0.0002602	1.9e-6
336	5200	0.0002542	2.1e-6
336	5400	0.0002488	2.2e-6
336	5600	0.0002440	2.4e-6
336	5800	0.0002398	2.7e-6
336	6000	0.0002362	2.9e-6
336	6200	0.0002330	3.1e-6
336	6400	0.0002303	3.4e-6
336	6600	0.0002281	3.6e-6
336	6800	0.0002263	3.9e-6
336	7000	0.0002250	4.2e-6
336	7200	0.0002241	4.4e-6
336	7400	0.0002236	4.7e-6
336	7600	0.0002235	5.0e-6
336	7800	0.0002239	5.3e-6
336	8000	0.0002247	5.5e-6
336	8200	0.0002259	5.7e-6
336	8400	0.0002275	5.8e-6
336	8600	0.0002295	5.9e-6
336	8800	0.0002319	5.9e-6
336	9000	0.0002345	5.8e-6
336	9200	0.0002373	5.7e-6
336	9400	0.0002400	5.6e-6
336	9600	0.0002425	5.9e-6
336	9800	0.0002443	6.8e-6
336	10000	0.0002450	8.2e-6
337	200	0.0050369	1.7e-6
337	400	0.0025375	1.7e-6
337	600	0.0017047	1.6e-6
337	800	0.0012886	1.6e-6
337	1000	0.0010393	1.5e-6
337	1200	0.0008732	1.5e-6
337	1400	0.0007549	1.4e-6
337	1600	0.0006663	1.4e-6
337	1800	0.0005975	1.3e-6
337	2000	0.0005427	1.3e-6
337	2200	0.0004981	1.2e-6
337	2400	0.0004610	1.2e-6
337	2600	0.0004298	1.2e-6
337	2800	0.0004032	1.1e-6
337	3000	0.0003803	1.1e-6
337	3200	0.0003605	1.1e-6
337	3400	0.0003431	1.1e-6
337	3600	0.0003278	1.2e-6
337	3800	0.0003143	1.2e-6
337	4000	0.0003023	1.3e-6
337	4200	0.0002916	1.4e-6
337	4400	0.0002821	1.5e-6
337	4600	0.0002736	1.6e-6
337	4800	0.0002659	1.7e-6
337	5000	0.0002591	1.8e-6
337	5200	0.0002530	2.0e-6
337	5400	0.0002475	2.2e-6
337	5600	0.0002426	2.4e-6
337	5800	0.0002383	2.6e-6
337	6000	0.0002346	2.8e-6
337	6200	0.0002313	3.0e-6
337	6400	0.0002284	3.2e-6
337	6600	0.0002261	3.5e-6
337	6800	0.0002241	3.7e-6
337	7000	0.0002226	4.0e-6
337	7200	0.0002214	4.3e-6
337	7400	0.0002207	4.5e-6
337	7600	0.0002204	4.8e-6
337	7800	0.0002204	5.0e-6
337	8000	0.0002209	5.2e-6
337	8200	0.0002217	5.4e-6
337	8400	0.0002229	5.6e-6
337	8600	0.0002245	5.6e-6
337	8800	0.0002263	5.6e-6
337	9000	0.0002284	5.5e-6
337	9200	0.0002306	5.4e-6
337	9400	0.0002329	5.3e-6
337	9600	0.0002349	5.4e-6
337	9800	0.0002365	5.9e-6
337	10000	0.0002372	7.0e-6
338	200	0.0050365	1.7e-6
338	400	0.0025371	1.7e-6
338	600	0.0017043	1.6e-6
338	800	0.0012882	1.6e-6
338	1000	0.0010388	1.5e-6
338	1200	0.0008728	1.5e-6
338	1400	0.0007544	1.4e-6
338	1600	0.0006658	1.4e-6
338	1800	0.0005971	1.3e-6
338	2000	0.0005422	1.3e-6
338	2200	0.0004975	1.2e-6
338	2400	0.0004604	1.2e-6
338	2600	0.0004292	1.2e-6
338	2800	0.0004026	1.1e-6
338	3000	0.0003797	1.1e-6
338	3200	0.0003598	1.1e-6
338	3400	0.0003424	1.1e-6
338	3600	0.0003271	1.2e-6
338	3800	0.0003135	1.2e-6
338	4000	0.0003015	1.3e-6
338	4200	0.0002907	1.3e-6
338	4400	0.0002812	1.4e-6
338	4600	0.0002726	1.5e-6
338	4800	0.0002649	1.7e-6
338	5000	0.0002580	1.8e-6
338	5200	0.0002518	1.9e-6
338	5400	0.0002462	2.1e-6
338	5600	0.0002413	2.3e-6
338	5800	0.0002369	2.5e-6
338	6000	0.0002330	2.7e-6
338	6200	0.0002296	2.9e-6
338	6400	0.0002266	3.1e-6
338	6600	0.0002241	3.4e-6
338	6800	0.0002220	3.6e-6
338	7000	0.0002203	3.8e-6
338	7200	0.0002190	4.1e-6
338	7400	0.0002180	4.3e-6
338	7600	0.0002174	4.6e-6
338	7800	0.0002172	4.8e-6
338	8000	0.0002174	5.0e-6
338	8200	0.0002179	5.2e-6
338	8400	0.0002187	5.3e-6
338	8600	0.0002198	5.4e-6
338	8800	0.0002212	5.4e-6
338	9000	0.0002229	5.3e-6
338	9200	0.0002246	5.2e-6
338	9400	0.0002264	5.1e-6
338	9600	0.0002281	5.1e-6
338	9800	0.0002294	5.3e-6
338	10000	0.0002301	6.1e-6
339	200	0.0050362	1.7e-6
339	400	0.0025367	1.6e-6
339	600	0.0017039	1.6e-6
339	800	0.0012878	1.6e-6
339	1000	0.0010384	1.5e-6
339	1200	0.0008724	1.5e-6
339	1400	0.0007540	1.4e-6
339	1600	0.0006653	1.4e-6
339	1800	0.0005966	1.3e-6
339	2000	0.0005417	1.3e-6
339	2200	0.0004970	1.2e-6
339	2400	0.0004599	1.2e-6
339	2600	0.0004286	1.1e-6
339	2800	0.0004020	1.1e-6
339	3000	0.0003791	1.1e-6
339	3200	0.0003591	1.1e-6
339	3400	0.0003417	1.1e-6
339	3600	0.0003263	1.1e-6
339	3800	0.0003127	1.2e-6
339	4000	0.0003007	1.2e-6
339	4200	0.0002899	1.3e-6
339	4400	0.0002802	1.4e-6
339	4600	0.0002716	1.5e-6
339	4800	0.0002638	1.6e-6
339	5000	0.0002569	1.7e-6
339	5200	0.0002506	1.9e-6
339	5400	0.0002450	2.0e-6
339	5600	0.0002400	2.2e-6
339	5800	0.0002355	2.4e-6
339	6000	0.0002315	2.6e-6
339	6200	0.0002280	2.8e-6
339	6400	0.0002249	3.0e-6
339	6600	0.0002223	3.2e-6
339	6800	0.0002200	3.5e-6
339	7000	0.0002181	3.7e-6
339	7200	0.0002166	3.9e-6
339	7400	0.0002155	4.2e-6
339	7600	0.0002147	4.4e-6
339	7800	0.0002142	4.6e-6
339	8000	0.0002141	4.8e-6
339	8200	0.0002143	5.0e-6
339	8400	0.0002148	5.1e-6
339	8600	0.0002156	5.2e-6
339	8800	0.0002166	5.2e-6
339	9000	0.0002178	5.1e-6
339	9200	0.0002192	5.0e-6
339	9400	0.0002206	4.9e-6
339	9600	0.0002219	4.8e-6
339	9800	0.0002230	4.9e-6
339	10000	0.0002236	5.3e-6
340	200	0.0050358	1.7e-6
340	400	0.0025364	1.6e-6
340	600	0.0017036	1.6e-6
340	800	0.0012874	1.5e-6
340	1000	0.0010380	1.5e-6
340	1200	0.0008719	1.4e-6
340	1400	0.0007535	1.4e-6
340	1600	0.0006649	1.3e-6
340	1800	0.0005961	1.3e-6
340	2000	0.0005412	1.3e-6
340	2200	0.0004965	1.2e-6
340	2400	0.0004593	1.2e-6
340	2600	0.0004281	1.1e-6
340	2800	0.0004014	1.1e-6
340	3000	0.0003784	1.1e-6
340	3200	0.0003585	1.1e-6
340	3400	0.0003410	1.1e-6
340	3600	0.0003256	1.1e-6
340	3800	0.0003120	1.2e-6
340	4000	0.0002999	1.2e-6
340	4200	0.0002890	1.3e-6
340	4400	0.0002794	1.4e-6
340	4600	0.0002707	1.5e-6
340	4800	0.0002628	1.6e-6
340	5000	0.0002558	1.7e-6
340	5200	0.0002495	1.8e-6
340	5400	0.0002438	2.0e-6
340	5600	0.0002387	2.2e-6
340	5800	0.0002341	2.3e-6
340	6000	0.0002301	2.5e-6
340	6200	0.0002264	2.7e-6
340	6400	0.0002233	2.9e-6
340	6600	0.0002205	3.1e-6
340	6800	0.0002181	3.3e-6
340	7000	0.0002161	3.6e-6
340	7200	0.0002144	3.8e-6
340	7400	0.0002131	4.0e-6
340	7600	0.0002121	4.2e-6
340	7800	0.0002114	4.4e-6
340	8000	0.0002110	4.6e-6
340	8200	0.0002110	4.8e-6
340	8400	0.0002112	4.9e-6
340	8600	0.0002116	5.0e-6
340	8800	0.0002123	5.0e-6
340	9000	0.0002132	4.9e-6
340	9200	0.0002142	4.8e-6
340	9400	0.0002153	4.7e-6
340	9600	0.0002163	4.6e-6
340	9800	0.0002171	4.6e-6
340	10000	0.0002176	4.8e-6
341	200	0.0050355	1.7e-6
341	400	0.0025360	1.6e-6
341	600	0.0017032	1.6e-6
341	800	0.0012871	1.5e-6
341	1000	0.0010376	1.5e-6
341	1200	0.0008715	1.4e-6
341	1400	0.0007531	1.4e-6
341	1600	0.0006644	1.3e-6
341	1800	0.0005956	1.3e-6
341	2000	0.0005407	1.2e-6
341	2200	0.0004960	1.2e-6
341	2400	0.0004588	1.2e-6
341	2600	0.0004275	1.1e-6
341	2800	0.0004008	1.1e-6
341	3000	0.0003778	1.1e-6
341	3200	0.0003578	1.1e-6
341	3400	0.0003403	1.1e-6
341	3600	0.0003249	1.1e-6
341	3800	0.0003113	1.1e-6
341	4000	0.0002991	1.2e-6
341	4200	0.0002882	1.2e-6
341	4400	0.0002785	1.3e-6
341	4600	0.0002698	1.4e-6
341	4800	0.0002619	1.5e-6
341	5000	0.0002548	1.7e-6
341	5200	0.0002484	1.8e-6
341	5400	0.0002427	1.9e-6
341	5600	0.0002375	2.1e-6
341	5800	0.0002328	2.3e-6
341	6000	0.0002287	2.4e-6
341	6200	0.0002250	2.6e-6
341	6400	0.0002217	2.8e-6
341	6600	0.0002188	3.0e-6
341	6800	0.0002163	3.2e-6
341	7000	0.0002141	3.4e-6
341	7200	0.0002123	3.6e-6
341	7400	0.0002108	3.8e-6
341	7600	0.0002096	4.1e-6
341	7800	0.0002088	4.2e-6
341	8000	0.0002082	4.4e-6
341	8200	0.0002079	4.6e-6
341	8400	0.0002078	4.7e-6
341	8600	0.0002080	4.8e-6
341	8800	0.0002084	4.8e-6
341	9000	0.0002090	4.8e-6
341	9200	0.0002097	4.7e-6
341	9400	0.0002104	4.5e-6
341	9600	0.0002112	4.4e-6
341	9800	0.0002118	4.3e-6
341	10000	0.0002121	4.4e-6
342	200	0.0050351	1.7e-6
342	400	0.0025356	1.6e-6
342	600	0.0017028	1.6e-6
342	800	0.0012867	1.5e-6
342	1000	0.0010372	1.5e-6
342	1200	0.0008711	1.4e-6
342	1400	0.0007526	1.4e-6
342	1600	0.0006640	1.3e-6
342	1800	0.0005952	1.3e-6
342	2000	0.0005402	1.2e-6
342	2200	0.0004955	1.2e-6
342	2400	0.0004583	1.2e-6
342	2600	0.0004270	1.1e-6
342	2800	0.0004003	1.1e-6
342	3000	0.0003772	1.1e-6
342	3200	0.0003572	1.1e-6
342	3400	0.0003397	1.1e-6
342	3600	0.0003242	1.1e-6
342	3800	0.0003105	1.1e-6
342	4000	0.0002983	1.2e-6
342	4200	0.0002874	1.2e-6
342	4400	0.0002777	1.3e-6
342	4600	0.0002689	1.4e-6
342	4800	0.0002610	1.5e-6
342	5000	0.0002538	1.6e-6
342	5200	0.0002474	1.7e-6
342	5400	0.0002416	1.9e-6
342	5600	0.0002363	2.0e-6
342	5800	0.0002316	2.2e-6
342	6000	0.0002274	2.4e-6
342	6200	0.0002236	2.5e-6
342	6400	0.0002202	2.7e-6
342	6600	0.0002172	2.9e-6
342	6800	0.0002146	3.1e-6
342	7000	0.0002123	3.3e-6
342	7200	0.0002103	3.5e-6
342	7400	0.0002087	3.7e-6
342	7600	0.0002073	3.9e-6
342	7800	0.0002063	4.1e-6
342	8000	0.0002055	4.2e-6
342	8200	0.0002050	4.4e-6
342	8400	0.0002047	4.5e-6
342	8600	0.0002046	4.6e-6
342	8800	0.0002048	4.6e-6
342	9000	0.0002051	4.6e-6
342	9200	0.0002055	4.5e-6
342	9400	0.0002060	4.4e-6
342	9600	0.0002065	4.3e-6
342	9800	0.0002069	4.1e-6
342	10000	0.0002070	4.1e-6
343	200	0.0050348	1.6e-6
343	400	0.0025353	1.6e-6
343	600	0.0017024	1.6e-6
343	800	0.0012863	1.5e-6
343	1000	0.0010368	1.5e-6
343	1200	0.0008707	1.4e-6
343	1400	0.0007522	1.4e-6
343	1600	0.0006635	1.3e-6
343	1800	0.0005947	1.3e-6
343	2000	0.0005398	1.2e-6
343	2200	0.0004950	1.2e-6
343	2400	0.0004578	1.1e-6
343	2600	0.0004264	1.1e-6
343	2800	0.0003997	1.1e-6
343	3000	0.0003766	1.1e-6
343	3200	0.0003566	1.1e-6
343	3400	0.0003390	1.1e-6
343	3600	0.0003236	1.1e-6
343	3800	0.0003098	1.1e-6
343	4000	0.0002976	1.1e-6
343	4200	0.0002867	1.2e-6
343	4400	0.0002768	1.3e-6
343	4600	0.0002680	1.4e-6
343	4800	0.0002600	1.5e-6
343	5000	0.0002529	1.6e-6
343	5200	0.0002464	1.7e-6
343	5400	0.0002405	1.8e-6
343	5600	0.0002352	2.0e-6
343	5800	0.0002304	2.1e-6
343	6000	0.0002261	2.3e-6
343	6200	0.0002222	2.5e-6
343	6400	0.0002187	2.6e-6
343	6600	0.0002156	2.8e-6
343	6800	0.0002129	3.0e-6
343	7000	0.0002105	3.2e-6
343	7200	0.0002084	3.4e-6
343	7400	0.0002066	3.6e-6
343	7600	0.0002052	3.8e-6
343	7800	0.0002039	3.9e-6
343	8000	0.0002030	4.1e-6
343	8200	0.0002023	4.2e-6
343	8400	0.0002018	4.3e-6
343	8600	0.0002015	4.4e-6
343	8800	0.0002014	4.5e-6
343	9000	0.0002015	4.4e-6
343	9200	0.0002017	4.4e-6
343	9400	0.0002019	4.3e-6
343	9600	0.0002022	4.1e-6
343	9800	0.0002023	4.0e-6
343	10000	0.0002024	3.9e-6
344	200	0.0050345	1.6e-6
344	400	0.0025349	1.6e-6
344	600	0.0017021	1.5e-6
344	800	0.0012859	1.5e-6
344	1000	0.0010364	1.5e-6
344	1200	0.0008703	1.4e-6
344	1400	0.0007518	1.4e-6
344	1600	0.0006631	1.3e-6
344	1800	0.0005942	1.3e-6
344	2000	0.0005393	1.2e-6
344	2200	0.0004945	1.2e-6
344	2400	0.0004573	1.1e-6
344	2600	0.0004259	1.1e-6
344	2800	0.0003991	1.1e-6
344	3000	0.0003761	1.1e-6
344	3200	0.0003560	1.0e-6
344	3400	0.0003384	1.0e-6
344	3600	0.0003229	1.1e-6
344	3800	0.0003091	1.1e-6
344	4000	0.0002969	1.1e-6
344	4200	0.0002859	1.2e-6
344	4400	0.0002760	1.2e-6
344	4600	0.0002672	1.3e-6
344	4800	0.0002592	1.4e-6
344	5000	0.0002519	1.5e-6
344	5200	0.0002454	1.6e-6
344	5400	0.0002395	1.8e-6
344	5600	0.0002341	1.9e-6
344	5800	0.0002292	2.1e-6
344	6000	0.0002248	2.2e-6
344	6200	0.0002209	2.4e-6
344	6400	0.0002173	2.5e-6
344	6600	0.0002142	2.7e-6
344	6800	0.0002113	2.9e-6
344	7000	0.0002088	3.1e-6
344	7200	0.0002066	3.3e-6
344	7400	0.0002047	3.4e-6
344	7600	0.0002031	3.6e-6
344	7800	0.0002017	3.8e-6
344	8000	0.0002006	3.9e-6
344	8200	0.0001997	4.1e-6
344	8400	0.0001991	4.2e-6
344	8600	0.0001986	4.3e-6
344	8800	0.0001983	4.3e-6
344	9000	0.0001981	4.3e-6
344	9200	0.0001981	4.2e-6
344	9400	0.0001981	4.2e-6
344	9600	0.0001982	4.0e-6
344	9800	0.0001982	3.9e-6
344	10000	0.0001981	3.8e-6
345	200	0.0050341	1.6e-6
345	400	0.0025346	1.6e-6
345	600	0.0017017	1.5e-6
345	800	0.0012856	1.5e-6
345	1000	0.0010361	1.4e-6
345	1200	0.0008699	1.4e-6
345	1400	0.0007514	1.4e-6
345	1600	0.0006627	1.3e-6
345	1800	0.0005938	1.3e-6
345	2000	0.0005388	1.2e-6
345	2200	0.0004940	1.2e-6
345	2400	0.0004568	1.1e-6
345	2600	0.0004254	1.1e-6
345	2800	0.0003986	1.1e-6
345	3000	0.0003755	1.1e-6
345	3200	0.0003554	1.0e-6
345	3400	0.0003378	1.0e-6
345	3600	0.0003223	1.0e-6
345	3800	0.0003085	1.1e-6
345	4000	0.0002962	1.1e-6
345	4200	0.0002852	1.2e-6
345	4400	0.0002753	1.2e-6
345	4600	0.0002664	1.3e-6
345	4800	0.0002583	1.4e-6
345	5000	0.0002510	1.5e-6
345	5200	0.0002444	1.6e-6
345	5400	0.0002384	1.7e-6
345	5600	0.0002330	1.9e-6
345	5800	0.0002281	2.0e-6
345	6000	0.0002237	2.2e-6
345	6200	0.0002196	2.3e-6
345	6400	0.0002160	2.5e-6
345	6600	0.0002127	2.6e-6
345	6800	0.0002098	2.8e-6
345	7000	0.0002072	3.0e-6
345	7200	0.0002049	3.1e-6
345	7400	0.0002029	3.3e-6
345	7600	0.0002011	3.5e-6
345	7800	0.0001996	3.6e-6
345	8000	0.0001984	3.8e-6
345	8200	0.0001973	3.9e-6
345	8400	0.0001965	4.0e-6
345	8600	0.0001959	4.1e-6
345	8800	0.0001954	4.1e-6
345	9000	0.0001950	4.2e-6
345	9200	0.0001948	4.1e-6
345	9400	0.0001946	4.0e-6
345	9600	0.0001945	3.9e-6
345	9800	0.0001943	3.8e-6
345	10000	0.0001941	3.6e-6
346	200	0.0050338	1.6e-6
346	400	0.0025342	1.6e-6
346	600	0.0017014	1.5e-6
346	800	0.0012852	1.5e-6
346	1000	0.0010357	1.4e-6
346	1200	0.0008695	1.4e-6
346	1400	0.0007510	1.3e-6
346	1600	0.0006623	1.3e-6
346	1800	0.0005934	1.3e-6
346	2000	0.0005384	1.2e-6
346	2200	0.0004935	1.2e-6
346	2400	0.0004563	1.1e-6
346	2600	0.0004249	1.1e-6
346	2800	0.0003981	1.1e-6
346	3000	0.0003750	1.0e-6
346	3200	0.0003548	1.0e-6
346	3400	0.0003372	1.0e-6
346	3600	0.0003216	1.0e-6
346	3800	0.0003078	1.1e-6
346	4000	0.0002955	1.1e-6
346	4200	0.0002844	1.1e-6
346	4400	0.0002745	1.2e-6
346	4600	0.0002656	1.3e-6
346	4800	0.0002575	1.4e-6
346	5000	0.0002501	1.5e-6
346	5200	0.0002435	1.6e-6
346	5400	0.0002375	1.7e-6
346	5600	0.0002320	1.8e-6
346	5800	0.0002270	1.9e-6
346	6000	0.0002225	2.1e-6
346	6200	0.0002184	2.2e-6
346	6400	0.0002147	2.4e-6
346	6600	0.0002114	2.6e-6
346	6800	0.0002084	2.7e-6
346	7000	0.0002057	2.9e-6
346	7200	0.0002033	3.0e-6
346	7400	0.0002011	3.2e-6
346	7600	0.0001993	3.4e-6
346	7800	0.0001977	3.5e-6
346	8000	0.0001963	3.7e-6
346	8200	0.0001951	3.8e-6
346	8400	0.0001941	3.9e-6
346	8600	0.0001933	4.0e-6
346	8800	0.0001926	4.0e-6
346	9000	0.0001921	4.0e-6
346	9200	0.0001917	4.0e-6
346	9400	0.0001914	3.9e-6
346	9600	0.0001911	3.8e-6
346	9800	0.0001908	3.7e-6
346	10000	0.0001904	3.5e-6
347	200	0.0050335	1.6e-6
347	400	0.0025339	1.6e-6
347	600	0.0017010	1.5e-6
347	800	0.0012848	1.5e-6
347	1000	0.0010353	1.4e-6
347	1200	0.0008691	1.4e-6
347	1400	0.0007506	1.3e-6
347	1600	0.0006618	1.3e-6
347	1800	0.0005929	1.2e-6
347	2000	0.0005379	1.2e-6
347	2200	0.0004931	1.2e-6
347	2400	0.0004558	1.1e-6
347	2600	0.0004244	1.1e-6
347	2800	0.0003976	1.1e-6
347	3000	0.0003744	1.0e-6
347	3200	0.0003543	1.0e-6
347	3400	0.0003366	1.0e-6
347	3600	0.0003210	1.0e-6
347	3800	0.0003072	1.0e-6
347	4000	0.0002948	1.1e-6
347	4200	0.0002837	1.1e-6
347	4400	0.0002738	1.2e-6
347	4600	0.0002648	1.2e-6
347	4800	0.0002567	1.3e-6
347	5000	0.0002493	1.4e-6
347	5200	0.0002426	1.5e-6
347	5400	0.0002365	1.6e-6
347	5600	0.0002310	1.8e-6
347	5800	0.0002260	1.9e-6
347	6000	0.0002214	2.0e-6
347	6200	0.0002172	2.2e-6
347	6400	0.0002135	2.3e-6
347	6600	0.0002101	2.5e-6
347	6800	0.0002070	2.6e-6
347	7000	0.0002042	2.8e-6
347	7200	0.0002017	2.9e-6
347	7400	0.0001995	3.1e-6
347	7600	0.0001975	3.2e-6
347	7800	0.0001958	3.4e-6
347	8000	0.0001943	3.5e-6
347	8200	0.0001930	3.6e-6
347	8400	0.0001918	3.7e-6
347	8600	0.0001909	3.8e-6
347	8800	0.0001901	3.9e-6
347	9000	0.0001894	3.9e-6
347	9200	0.0001888	3.9e-6
347	9400	0.0001884	3.8e-6
347	9600	0.0001879	3.7e-6
347	9800	0.0001874	3.6e-6
347	10000	0.0001869	3.4e-6
348	200	0.0050332	1.6e-6
348	400	0.0025336	1.6e-6
348	600	0.0017007	1.5e-6
348	800	0.0012845	1.5e-6
348	1000	0.0010349	1.4e-6
348	1200	0.0008688	1.4e-6
348	1400	0.0007502	1.3e-6
348	1600	0.0006614	1.3e-6
348	1800	0.0005925	1.2e-6
348	2000	0.0005375	1.2e-6
348	2200	0.0004926	1.2e-6
348	2400	0.0004553	1.1e-6
348	2600	0.0004239	1.1e-6
348	2800	0.0003970	1.0e-6
348	3000	0.0003739	1.0e-6
348	3200	0.0003537	1.0e-6
348	3400	0.0003360	1.0e-6
348	3600	0.0003204	1.0e-6
348	3800	0.0003065	1.0e-6
348	4000	0.0002941	1.1e-6
348	4200	0.0002830	1.1e-6
348	4400	0.0002731	1.2e-6
348	4600	0.0002640	1.2e-6
348	4800	0.0002559	1.3e-6
348	5000	0.0002485	1.4e-6
348	5200	0.0002417	1.5e-6
348	5400	0.0002356	1.6e-6
348	5600	0.0002300	1.7e-6
348	5800	0.0002250	1.8e-6
348	6000	0.0002203	2.0e-6
348	6200	0.0002161	2.1e-6
348	6400	0.0002123	2.2e-6
348	6600	0.0002088	2.4e-6
348	6800	0.0002056	2.5e-6
348	7000	0.0002028	2.7e-6
348	7200	0.0002002	2.8e-6
348	7400	0.0001979	3.0e-6
348	7600	0.0001958	3.1e-6
348	7800	0.0001940	3.3e-6
348	8000	0.0001924	3.4e-6
348	8200	0.0001909	3.5e-6
348	8400	0.0001897	3.6e-6
348	8600	0.0001886	3.7e-6
348	8800	0.0001877	3.7e-6
348	9000	0.0001869	3.8e-6
348	9200	0.0001862	3.8e-6
348	9400	0.0001855	3.7e-6
348	9600	0.0001849	3.6e-6
348	9800	0.0001843	3.5e-6
348	10000	0.0001837	3.4e-6
349	200	0.0050328	1.6e-6
349	400	0.0025333	1.5e-6
349	600	0.0017003	1.5e-6
349	800	0.0012841	1.5e-6
349	1000	0.0010346	1.4e-6
349	1200	0.0008684	1.4e-6
349	1400	0.0007498	1.3e-6
349	1600	0.0006610	1.3e-6
349	1800	0.0005921	1.2e-6
349	2000	0.0005371	1.2e-6
349	2200	0.0004922	1.1e-6
349	2400	0.0004549	1.1e-6
349	2600	0.0004234	1.1e-6
349	2800	0.0003965	1.0e-6
349	3000	0.0003734	1.0e-6
349	3200	0.0003532	1.0e-6
349	3400	0.00033546	1.00e-6
349	3600	0.00031982	1.00e-6
349	3800	0.0003059	1.0e-6
349	4000	0.0002935	1.0e-6
349	4200	0.0002824	1.1e-6
349	4400	0.0002723	1.1e-6
349	4600	0.0002633	1.2e-6
349	4800	0.0002551	1.3e-6
349	5000	0.0002477	1.4e-6
349	5200	0.0002409	1.5e-6
349	5400	0.0002347	1.6e-6
349	5600	0.0002291	1.7e-6
349	5800	0.0002240	1.8e-6
349	6000	0.0002193	1.9e-6
349	6200	0.0002150	2.0e-6
349	6400	0.0002111	2.2e-6
349	6600	0.0002076	2.3e-6
349	6800	0.0002043	2.5e-6
349	7000	0.0002014	2.6e-6
349	7200	0.0001988	2.8e-6
349	7400	0.0001964	2.9e-6
349	7600	0.0001942	3.0e-6
349	7800	0.0001923	3.2e-6
349	8000	0.0001906	3.3e-6
349	8200	0.0001890	3.4e-6
349	8400	0.0001877	3.5e-6
349	8600	0.0001865	3.6e-6
349	8800	0.0001854	3.6e-6
349	9000	0.0001845	3.7e-6
349	9200	0.0001836	3.6e-6
349	9400	0.0001829	3.6e-6
349	9600	0.0001822	3.5e-6
349	9800	0.0001815	3.4e-6
349	10000	0.0001807	3.3e-6
350	200	0.0050325	1.6e-6
350	400	0.0025329	1.5e-6
350	600	0.0017000	1.5e-6
350	800	0.0012838	1.4e-6
350	1000	0.0010342	1.4e-6
350	1200	0.0008680	1.4e-6
350	1400	0.0007494	1.3e-6
350	1600	0.0006606	1.3e-6
350	1800	0.0005917	1.2e-6
350	2000	0.0005367	1.2e-6
350	2200	0.0004917	1.1e-6
350	2400	0.0004544	1.1e-6
350	2600	0.0004229	1.1e-6
350	2800	0.0003960	1.0e-6
350	3000	0.0003728	1.0e-6
350	3200	0.00035264	9.9e-7
350	3400	0.00033491	9.9e-7
350	3600	0.00031924	9.9e-7
350	3800	0.0003053	1.0e-6
350	4000	0.0002929	1.0e-6
350	4200	0.0002817	1.1e-6
350	4400	0.0002717	1.1e-6
350	4600	0.0002626	1.2e-6
350	4800	0.0002543	1.2e-6
350	5000	0.0002469	1.3e-6
350	5200	0.0002401	1.4e-6
350	5400	0.0002339	1.5e-6
350	5600	0.0002282	1.6e-6
350	5800	0.0002230	1.7e-6
350	6000	0.0002183	1.9e-6
350	6200	0.0002140	2.0e-6
350	6400	0.0002100	2.1e-6
350	6600	0.0002064	2.3e-6
350	6800	0.0002031	2.4e-6
350	7000	0.0002001	2.5e-6
350	7200	0.0001974	2.7e-6
350	7400	0.0001949	2.8e-6
350	7600	0.0001927	2.9e-6
350	7800	0.0001907	3.1e-6
350	8000	0.0001888	3.2e-6
350	8200	0.0001872	3.3e-6
350	8400	0.0001857	3.4e-6
350	8600	0.0001844	3.5e-6
350	8800	0.0001833	3.5e-6
350	9000	0.0001822	3.5e-6
350	9200	0.0001813	3.5e-6
350	9400	0.0001804	3.5e-6
350	9600	0.0001796	3.4e-6
350	9800	0.0001788	3.3e-6
350	10000	0.0001779	3.2e-6