Table: Internal Energy [G]
Pressure {Pa} 	 Temperature {K} 	 Specific Internal Energy {J/Kg}
200000 	 1.968720e+02 	 6.456761e+05
200000 	 197 	 6.457601e+05
200000 	 198 	 6.464082e+05
200000 	 199 	 6.470491e+05
200000 	 200 	 6.476873e+05
200000 	 201 	 6.482980e+05
200000 	 202 	 6.489372e+05
200000 	 203 	 6.495457e+05
200000 	 204 	 6.501454e+05
200000 	 205 	 6.507618e+05
200000 	 206 	 6.513565e+05
200000 	 207 	 6.519540e+05
200000 	 208 	 6.525444e+05
200000 	 209 	 6.531348e+05
200000 	 210 	 6.537186e+05
200000 	 211 	 6.542995e+05
200000 	 212 	 6.554284e+05
200000 	 213 	 6.560658e+05
200000 	 214 	 6.566574e+05
200000 	 215 	 6.572700e+05
200000 	 216 	 6.578717e+05
200000 	 217 	 6.584573e+05
200000 	 218 	 6.590795e+05
200000 	 219 	 6.596303e+05
200000 	 220 	 6.602247e+05
200000 	 221 	 6.608049e+05
200000 	 222 	 6.615572e+05
200000 	 223 	 6.622371e+05
200000 	 224 	 6.628240e+05
200000 	 225 	 6.634466e+05
200000 	 226 	 6.640655e+05
200000 	 227 	 6.647037e+05
200000 	 228 	 6.652904e+05
200000 	 229 	 6.659685e+05
200000 	 230 	 6.665982e+05
200000 	 231 	 6.672339e+05
200000 	 232 	 6.678559e+05
200000 	 233 	 6.684823e+05
200000 	 234 	 6.690949e+05
200000 	 235 	 6.697803e+05
200000 	 236 	 6.703956e+05
200000 	 237 	 6.710146e+05
200000 	 238 	 6.716677e+05
200000 	 239 	 6.722904e+05
200000 	 240 	 6.729180e+05
200000 	 241 	 6.735612e+05
200000 	 242 	 6.742101e+05
200000 	 243 	 6.748426e+05
200000 	 244 	 6.754923e+05
200000 	 245 	 6.760967e+05
200000 	 246 	 6.767681e+05
200000 	 247 	 6.774163e+05
200000 	 248 	 6.780461e+05
200000 	 249 	 6.786751e+05
200000 	 250 	 6.793510e+05
200000 	 251 	 6.799717e+05
200000 	 252 	 6.806302e+05
200000 	 253 	 6.812518e+05
200000 	 254 	 6.819349e+05
200000 	 255 	 6.825970e+05
200000 	 256 	 6.832104e+05
200000 	 257 	 6.838994e+05
200000 	 258 	 6.845452e+05
200000 	 259 	 6.851945e+05
200000 	 260 	 6.858327e+05
200000 	 261 	 6.865085e+05
200000 	 262 	 6.871606e+05
200000 	 263 	 6.878096e+05
200000 	 264 	 6.884856e+05
200000 	 265 	 6.891413e+05
200000 	 266 	 6.897899e+05
200000 	 267 	 6.904769e+05
200000 	 268 	 6.911270e+05
200000 	 269 	 6.917913e+05
200000 	 270 	 6.924499e+05
200000 	 271 	 6.931079e+05
200000 	 272 	 6.938115e+05
200000 	 273 	 6.944552e+05
200000 	 274 	 6.950952e+05
200000 	 275 	 6.958178e+05
200000 	 276 	 6.964707e+05
200000 	 277 	 6.971461e+05
200000 	 278 	 6.978058e+05
200000 	 279 	 6.984911e+05
200000 	 280 	 6.991522e+05
200000 	 281 	 6.997711e+05
200000 	 282 	 7.004923e+05
200000 	 283 	 7.011066e+05
200000 	 284 	 7.018285e+05
200000 	 285 	 7.024585e+05
200000 	 286 	 7.031551e+05
200000 	 287 	 7.037648e+05
200000 	 288 	 7.044655e+05
200000 	 289 	 7.050503e+05
200000 	 290 	 7.057717e+05
200000 	 291 	 7.064284e+05
200000 	 292 	 7.070198e+05
200000 	 293 	 7.076950e+05
200000 	 294 	 7.082486e+05
200000 	 295 	 7.089135e+05
200000 	 296 	 7.093159e+05
200000 	 297 	 7.100300e+05
200000 	 298 	 7.106505e+05
200000 	 299 	 7.109502e+05
200000 	 300 	 7.116242e+05
200000 	 301 	 7.122205e+05
200000 	 302 	 7.121146e+05
200000 	 303 	 7.126658e+05
200000 	 304 	 7.133297e+05
200000 	 305 	 7.118642e+05
200000 	 306 	 7.121556e+05
200000 	 307 	 7.123330e+05
200000 	 308 	 7.162706e+05
200000 	 309 	 6.969613e+05
200000 	 310 	 6.843312e+05
200000 	 311 	 7.161718e+05
200000 	 312 	 7.340889e+05
200000 	 313 	 7.354309e+05
200000 	 314 	 7.416113e+05
200000 	 315 	 7.472372e+05
200000 	 316 	 7.511825e+05
200000 	 317 	 7.547081e+05
200000 	 318 	 7.580424e+05
200000 	 319 	 7.610344e+05
200000 	 320 	 7.638953e+05
200000 	 321 	 7.664473e+05
200000 	 322 	 7.688046e+05
200000 	 323 	 7.710839e+05
200000 	 324 	 7.732016e+05
200000 	 325 	 7.752312e+05
200000 	 326 	 7.770956e+05
200000 	 327 	 7.787957e+05
200000 	 328 	 7.806345e+05
200000 	 329 	 7.823195e+05
200000 	 330 	 7.844288e+05
200000 	 331 	 7.868699e+05
200000 	 332 	 7.897038e+05
200000 	 333 	 7.925433e+05
200000 	 334 	 7.937756e+05
200000 	 335 	 7.981274e+05
200000 	 336 	 8.013531e+05
200000 	 337 	 8.034260e+05
200000 	 338 	 8.061430e+05
200000 	 339 	 8.069402e+05
200000 	 340 	 8.102565e+05
400000 	 2.114100e+02 	 6.296482e+05
400000 	 212 	 6.518455e+05
400000 	 213 	 6.525437e+05
400000 	 214 	 6.532294e+05
400000 	 215 	 6.539128e+05
400000 	 216 	 6.545821e+05
400000 	 217 	 6.552411e+05
400000 	 218 	 6.559115e+05
400000 	 219 	 6.565377e+05
400000 	 220 	 6.571888e+05
400000 	 221 	 6.578241e+05
400000 	 222 	 6.587170e+05
400000 	 223 	 6.594170e+05
400000 	 224 	 6.600648e+05
400000 	 225 	 6.607312e+05
400000 	 226 	 6.613880e+05
400000 	 227 	 6.620696e+05
400000 	 228 	 6.626951e+05
400000 	 229 	 6.634105e+05
400000 	 230 	 6.640697e+05
400000 	 231 	 6.647488e+05
400000 	 232 	 6.654016e+05
400000 	 233 	 6.660611e+05
400000 	 234 	 6.667024e+05
400000 	 235 	 6.674213e+05
400000 	 236 	 6.680649e+05
400000 	 237 	 6.687156e+05
400000 	 238 	 6.693937e+05
400000 	 239 	 6.700464e+05
400000 	 240 	 6.706959e+05
400000 	 241 	 6.713669e+05
400000 	 242 	 6.720399e+05
400000 	 243 	 6.726979e+05
400000 	 244 	 6.733698e+05
400000 	 245 	 6.740011e+05
400000 	 246 	 6.746909e+05
400000 	 247 	 6.753644e+05
400000 	 248 	 6.760139e+05
400000 	 249 	 6.766638e+05
400000 	 250 	 6.773574e+05
400000 	 251 	 6.780043e+05
400000 	 252 	 6.786809e+05
400000 	 253 	 6.793173e+05
400000 	 254 	 6.800258e+05
400000 	 255 	 6.807036e+05
400000 	 256 	 6.813330e+05
400000 	 257 	 6.820436e+05
400000 	 258 	 6.827058e+05
400000 	 259 	 6.833716e+05
400000 	 260 	 6.840285e+05
400000 	 261 	 6.847227e+05
400000 	 262 	 6.853908e+05
400000 	 263 	 6.860563e+05
400000 	 264 	 6.867445e+05
400000 	 265 	 6.874130e+05
400000 	 266 	 6.880784e+05
400000 	 267 	 6.887816e+05
400000 	 268 	 6.894434e+05
400000 	 269 	 6.901253e+05
400000 	 270 	 6.907995e+05
400000 	 271 	 6.914659e+05
400000 	 272 	 6.921866e+05
400000 	 273 	 6.928420e+05
400000 	 274 	 6.934946e+05
400000 	 275 	 6.942314e+05
400000 	 276 	 6.948935e+05
400000 	 277 	 6.955856e+05
400000 	 278 	 6.962569e+05
400000 	 279 	 6.969533e+05
400000 	 280 	 6.976233e+05
400000 	 281 	 6.982563e+05
400000 	 282 	 6.989871e+05
400000 	 283 	 6.996172e+05
400000 	 284 	 7.003449e+05
400000 	 285 	 7.009854e+05
400000 	 286 	 7.016962e+05
400000 	 287 	 7.023161e+05
400000 	 288 	 7.030281e+05
400000 	 289 	 7.036214e+05
400000 	 290 	 7.043535e+05
400000 	 291 	 7.050201e+05
400000 	 292 	 7.056216e+05
400000 	 293 	 7.063057e+05
400000 	 294 	 7.068685e+05
400000 	 295 	 7.075436e+05
400000 	 296 	 7.079550e+05
400000 	 297 	 7.086778e+05
400000 	 298 	 7.093085e+05
400000 	 299 	 7.096173e+05
400000 	 300 	 7.102998e+05
400000 	 301 	 7.109057e+05
400000 	 302 	 7.108069e+05
400000 	 303 	 7.113667e+05
400000 	 304 	 7.120401e+05
400000 	 305 	 7.105818e+05
400000 	 306 	 7.108819e+05
400000 	 307 	 7.110676e+05
400000 	 308 	 7.150148e+05
400000 	 309 	 6.957107e+05
400000 	 310 	 6.830890e+05
400000 	 311 	 7.149393e+05
400000 	 312 	 7.328622e+05
400000 	 313 	 7.342126e+05
400000 	 314 	 7.403993e+05
400000 	 315 	 7.460325e+05
400000 	 316 	 7.499858e+05
400000 	 317 	 7.535184e+05
400000 	 318 	 7.568605e+05
400000 	 319 	 7.598578e+05
400000 	 320 	 7.627281e+05
400000 	 321 	 7.652846e+05
400000 	 322 	 7.676493e+05
400000 	 323 	 7.699359e+05
400000 	 324 	 7.720618e+05
400000 	 325 	 7.740985e+05
400000 	 326 	 7.759671e+05
400000 	 327 	 7.776732e+05
400000 	 328 	 7.795182e+05
400000 	 329 	 7.812104e+05
400000 	 330 	 7.833260e+05
400000 	 331 	 7.857727e+05
400000 	 332 	 7.886119e+05
400000 	 333 	 7.914567e+05
400000 	 334 	 7.926951e+05
400000 	 335 	 7.970552e+05
400000 	 336 	 8.002855e+05
400000 	 337 	 8.023625e+05
400000 	 338 	 8.050861e+05
400000 	 339 	 8.058905e+05
400000 	 340 	 8.092148e+05
600000 	 2.211182e+02 	 6.538387e+05
600000 	 222 	 6.554189e+05
600000 	 223 	 6.561641e+05
600000 	 224 	 6.568953e+05
600000 	 225 	 6.576271e+05
600000 	 226 	 6.583455e+05
600000 	 227 	 6.590823e+05
600000 	 228 	 6.597715e+05
600000 	 229 	 6.605389e+05
600000 	 230 	 6.612525e+05
600000 	 231 	 6.619679e+05
600000 	 232 	 6.626737e+05
600000 	 233 	 6.633765e+05
600000 	 234 	 6.640587e+05
600000 	 235 	 6.648160e+05
600000 	 236 	 6.655073e+05
600000 	 237 	 6.661986e+05
600000 	 238 	 6.669163e+05
600000 	 239 	 6.676025e+05
600000 	 240 	 6.682904e+05
600000 	 241 	 6.689937e+05
600000 	 242 	 6.697004e+05
600000 	 243 	 6.703892e+05
600000 	 244 	 6.710919e+05
600000 	 245 	 6.717538e+05
600000 	 246 	 6.724727e+05
600000 	 247 	 6.731718e+05
600000 	 248 	 6.738498e+05
600000 	 249 	 6.745278e+05
600000 	 250 	 6.752447e+05
600000 	 251 	 6.759141e+05
600000 	 252 	 6.766215e+05
600000 	 253 	 6.772801e+05
600000 	 254 	 6.780081e+05
600000 	 255 	 6.787071e+05
600000 	 256 	 6.793588e+05
600000 	 257 	 6.800892e+05
600000 	 258 	 6.807706e+05
600000 	 259 	 6.814605e+05
600000 	 260 	 6.821360e+05
600000 	 261 	 6.828532e+05
600000 	 262 	 6.835376e+05
600000 	 263 	 6.842226e+05
600000 	 264 	 6.849295e+05
600000 	 265 	 6.856145e+05
600000 	 266 	 6.862932e+05
600000 	 267 	 6.870182e+05
600000 	 268 	 6.876940e+05
600000 	 269 	 6.883949e+05
600000 	 270 	 6.890855e+05
600000 	 271 	 6.897638e+05
600000 	 272 	 6.905014e+05
600000 	 273 	 6.911730e+05
600000 	 274 	 6.918368e+05
600000 	 275 	 6.925908e+05
600000 	 276 	 6.932653e+05
600000 	 277 	 6.939727e+05
600000 	 278 	 6.946564e+05
600000 	 279 	 6.953671e+05
600000 	 280 	 6.960462e+05
600000 	 281 	 6.966942e+05
600000 	 282 	 6.974370e+05
600000 	 283 	 6.980850e+05
600000 	 284 	 6.988168e+05
600000 	 285 	 6.994717e+05
600000 	 286 	 7.001935e+05
600000 	 287 	 7.008267e+05
600000 	 288 	 7.015496e+05
600000 	 289 	 7.021577e+05
600000 	 290 	 7.028955e+05
600000 	 291 	 7.035785e+05
600000 	 292 	 7.041879e+05
600000 	 293 	 7.048811e+05
600000 	 294 	 7.054588e+05
600000 	 295 	 7.061397e+05
600000 	 296 	 7.065638e+05
600000 	 297 	 7.072990e+05
600000 	 298 	 7.079339e+05
600000 	 299 	 7.082535e+05
600000 	 300 	 7.089470e+05
600000 	 301 	 7.095605e+05
600000 	 302 	 7.094762e+05
600000 	 303 	 7.100428e+05
600000 	 304 	 7.107253e+05
600000 	 305 	 7.092774e+05
600000 	 306 	 7.095837e+05
600000 	 307 	 7.097762e+05
600000 	 308 	 7.137326e+05
600000 	 309 	 6.944416e+05
600000 	 310 	 6.818248e+05
600000 	 311 	 7.136829e+05
600000 	 312 	 7.316151e+05
600000 	 313 	 7.329706e+05
600000 	 314 	 7.391677e+05
600000 	 315 	 7.448098e+05
600000 	 316 	 7.487698e+05
600000 	 317 	 7.523049e+05
600000 	 318 	 7.556560e+05
600000 	 319 	 7.586659e+05
600000 	 320 	 7.615409e+05
600000 	 321 	 7.641091e+05
600000 	 322 	 7.664767e+05
600000 	 323 	 7.687699e+05
600000 	 324 	 7.709050e+05
600000 	 325 	 7.729466e+05
600000 	 326 	 7.748244e+05
600000 	 327 	 7.765386e+05
600000 	 328 	 7.783889e+05
600000 	 329 	 7.800856e+05
600000 	 330 	 7.822103e+05
600000 	 331 	 7.846603e+05
600000 	 332 	 7.875091e+05
600000 	 333 	 7.903578e+05
600000 	 334 	 7.916007e+05
600000 	 335 	 7.959683e+05
600000 	 336 	 7.992039e+05
600000 	 337 	 8.012870e+05
600000 	 338 	 8.040184e+05
600000 	 339 	 8.048274e+05
600000 	 340 	 8.081557e+05
800000 	 2.286342e+02 	 6.569462e+05
800000 	 229 	 6.573111e+05
800000 	 230 	 6.580883e+05
800000 	 231 	 6.588662e+05
800000 	 232 	 6.596361e+05
800000 	 233 	 6.603940e+05
800000 	 234 	 6.611345e+05
800000 	 235 	 6.619453e+05
800000 	 236 	 6.626967e+05
800000 	 237 	 6.634440e+05
800000 	 238 	 6.642041e+05
800000 	 239 	 6.649430e+05
800000 	 240 	 6.656732e+05
800000 	 241 	 6.664206e+05
800000 	 242 	 6.671632e+05
800000 	 243 	 6.678961e+05
800000 	 244 	 6.686323e+05
800000 	 245 	 6.693425e+05
800000 	 246 	 6.700898e+05
800000 	 247 	 6.708268e+05
800000 	 248 	 6.715360e+05
800000 	 249 	 6.722489e+05
800000 	 250 	 6.729968e+05
800000 	 251 	 6.736964e+05
800000 	 252 	 6.744295e+05
800000 	 253 	 6.751180e+05
800000 	 254 	 6.758727e+05
800000 	 255 	 6.765976e+05
800000 	 256 	 6.772762e+05
800000 	 257 	 6.780340e+05
800000 	 258 	 6.787371e+05
800000 	 259 	 6.794513e+05
800000 	 260 	 6.801498e+05
800000 	 261 	 6.808874e+05
800000 	 262 	 6.815950e+05
800000 	 263 	 6.823018e+05
800000 	 264 	 6.830282e+05
800000 	 265 	 6.837351e+05
800000 	 266 	 6.844328e+05
800000 	 267 	 6.851784e+05
800000 	 268 	 6.858694e+05
800000 	 269 	 6.865914e+05
800000 	 270 	 6.872993e+05
800000 	 271 	 6.879989e+05
800000 	 272 	 6.887534e+05
800000 	 273 	 6.894375e+05
800000 	 274 	 6.901230e+05
800000 	 275 	 6.908888e+05
800000 	 276 	 6.915792e+05
800000 	 277 	 6.923030e+05
800000 	 278 	 6.930004e+05
800000 	 279 	 6.937298e+05
800000 	 280 	 6.944206e+05
800000 	 281 	 6.950849e+05
800000 	 282 	 6.958397e+05
800000 	 283 	 6.965013e+05
800000 	 284 	 6.972487e+05
800000 	 285 	 6.979149e+05
800000 	 286 	 6.986524e+05
800000 	 287 	 6.992961e+05
800000 	 288 	 7.000301e+05
800000 	 289 	 7.006507e+05
800000 	 290 	 7.014049e+05
800000 	 291 	 7.020973e+05
800000 	 292 	 7.027199e+05
800000 	 293 	 7.034211e+05
800000 	 294 	 7.040111e+05
800000 	 295 	 7.047031e+05
800000 	 296 	 7.051391e+05
800000 	 297 	 7.058844e+05
800000 	 298 	 7.065298e+05
800000 	 299 	 7.068627e+05
800000 	 300 	 7.075618e+05
800000 	 301 	 7.081917e+05
800000 	 302 	 7.081113e+05
800000 	 303 	 7.086911e+05
800000 	 304 	 7.093792e+05
800000 	 305 	 7.079406e+05
800000 	 306 	 7.082554e+05
800000 	 307 	 7.084644e+05
800000 	 308 	 7.124298e+05
800000 	 309 	 6.931420e+05
800000 	 310 	 6.805387e+05
800000 	 311 	 7.124020e+05
800000 	 312 	 7.303442e+05
800000 	 313 	 7.317098e+05
800000 	 314 	 7.379111e+05
800000 	 315 	 7.435611e+05
800000 	 316 	 7.475314e+05
800000 	 317 	 7.510771e+05
800000 	 318 	 7.544344e+05
800000 	 319 	 7.574482e+05
800000 	 320 	 7.603323e+05
800000 	 321 	 7.629047e+05
800000 	 322 	 7.652880e+05
800000 	 323 	 7.675877e+05
800000 	 324 	 7.697244e+05
800000 	 325 	 7.717748e+05
800000 	 326 	 7.736610e+05
800000 	 327 	 7.753839e+05
800000 	 328 	 7.772358e+05
800000 	 329 	 7.789439e+05
800000 	 330 	 7.810747e+05
800000 	 331 	 7.835336e+05
800000 	 332 	 7.863877e+05
800000 	 333 	 7.892418e+05
800000 	 334 	 7.904936e+05
800000 	 335 	 7.948675e+05
800000 	 336 	 7.981078e+05
800000 	 337 	 8.002008e+05
800000 	 338 	 8.029333e+05
800000 	 339 	 8.037533e+05
800000 	 340 	 8.070845e+05
1000000 	 2.348612e+02 	 6.586135e+05
1000000 	 235 	 6.587534e+05
1000000 	 236 	 6.595725e+05
1000000 	 237 	 6.603924e+05
1000000 	 238 	 6.612025e+05
1000000 	 239 	 6.620208e+05
1000000 	 240 	 6.627968e+05
1000000 	 241 	 6.636215e+05
1000000 	 242 	 6.643985e+05
1000000 	 243 	 6.651889e+05
1000000 	 244 	 6.659739e+05
1000000 	 245 	 6.667366e+05
1000000 	 246 	 6.675140e+05
1000000 	 247 	 6.682951e+05
1000000 	 248 	 6.690519e+05
1000000 	 249 	 6.698021e+05
1000000 	 250 	 6.705886e+05
1000000 	 251 	 6.713261e+05
1000000 	 252 	 6.720888e+05
1000000 	 253 	 6.728161e+05
1000000 	 254 	 6.736048e+05
1000000 	 255 	 6.743627e+05
1000000 	 256 	 6.750705e+05
1000000 	 257 	 6.758579e+05
1000000 	 258 	 6.765908e+05
1000000 	 259 	 6.773320e+05
1000000 	 260 	 6.780577e+05
1000000 	 261 	 6.788242e+05
1000000 	 262 	 6.795551e+05
1000000 	 263 	 6.802859e+05
1000000 	 264 	 6.810391e+05
1000000 	 265 	 6.817692e+05
1000000 	 266 	 6.824890e+05
1000000 	 267 	 6.832563e+05
1000000 	 268 	 6.839695e+05
1000000 	 269 	 6.847127e+05
1000000 	 270 	 6.854426e+05
1000000 	 271 	 6.861598e+05
1000000 	 272 	 6.869327e+05
1000000 	 273 	 6.876350e+05
1000000 	 274 	 6.883433e+05
1000000 	 275 	 6.891248e+05
1000000 	 276 	 6.898322e+05
1000000 	 277 	 6.905735e+05
1000000 	 278 	 6.912902e+05
1000000 	 279 	 6.920366e+05
1000000 	 280 	 6.927392e+05
1000000 	 281 	 6.934215e+05
1000000 	 282 	 6.941925e+05
1000000 	 283 	 6.948684e+05
1000000 	 284 	 6.956290e+05
1000000 	 285 	 6.963118e+05
1000000 	 286 	 6.970643e+05
1000000 	 287 	 6.977213e+05
1000000 	 288 	 6.984706e+05
1000000 	 289 	 6.991008e+05
1000000 	 290 	 6.998706e+05
1000000 	 291 	 7.005750e+05
1000000 	 292 	 7.012104e+05
1000000 	 293 	 7.019262e+05
1000000 	 294 	 7.025260e+05
1000000 	 295 	 7.032321e+05
1000000 	 296 	 7.036779e+05
1000000 	 297 	 7.044371e+05
1000000 	 298 	 7.050947e+05
1000000 	 299 	 7.054351e+05
1000000 	 300 	 7.061498e+05
1000000 	 301 	 7.067879e+05
1000000 	 302 	 7.067151e+05
1000000 	 303 	 7.073067e+05
1000000 	 304 	 7.080059e+05
1000000 	 305 	 7.065815e+05
1000000 	 306 	 7.069037e+05
1000000 	 307 	 7.071209e+05
1000000 	 308 	 7.110938e+05
1000000 	 309 	 6.918188e+05
1000000 	 310 	 6.792236e+05
1000000 	 311 	 7.110975e+05
1000000 	 312 	 7.290471e+05
1000000 	 313 	 7.304200e+05
1000000 	 314 	 7.366312e+05
1000000 	 315 	 7.422922e+05
1000000 	 316 	 7.462713e+05
1000000 	 317 	 7.498251e+05
1000000 	 318 	 7.531888e+05
1000000 	 319 	 7.562130e+05
1000000 	 320 	 7.591056e+05
1000000 	 321 	 7.616874e+05
1000000 	 322 	 7.640785e+05
1000000 	 323 	 7.663840e+05
1000000 	 324 	 7.685289e+05
1000000 	 325 	 7.705882e+05
1000000 	 326 	 7.724840e+05
1000000 	 327 	 7.742110e+05
1000000 	 328 	 7.760723e+05
1000000 	 329 	 7.777883e+05
1000000 	 330 	 7.799202e+05
1000000 	 331 	 7.823920e+05
1000000 	 332 	 7.852497e+05
1000000 	 333 	 7.881113e+05
1000000 	 334 	 7.893719e+05
1000000 	 335 	 7.937527e+05
1000000 	 336 	 7.969984e+05
1000000 	 337 	 7.990941e+05
1000000 	 338 	 8.018389e+05
1000000 	 339 	 8.026627e+05
1000000 	 340 	 8.060011e+05
1200000 	 2.402270e+02 	 6.597366e+05
1200000 	 241 	 6.605098e+05
1200000 	 242 	 6.613619e+05
1200000 	 243 	 6.622068e+05
1200000 	 244 	 6.630544e+05
1200000 	 245 	 6.638814e+05
1200000 	 246 	 6.647272e+05
1200000 	 247 	 6.655525e+05
1200000 	 248 	 6.663697e+05
1200000 	 249 	 6.671596e+05
1200000 	 250 	 6.679971e+05
1200000 	 251 	 6.687853e+05
1200000 	 252 	 6.695821e+05
1200000 	 253 	 6.703604e+05
1200000 	 254 	 6.711901e+05
1200000 	 255 	 6.719759e+05
1200000 	 256 	 6.727334e+05
1200000 	 257 	 6.735394e+05
1200000 	 258 	 6.743048e+05
1200000 	 259 	 6.750923e+05
1200000 	 260 	 6.758397e+05
1200000 	 261 	 6.766404e+05
1200000 	 262 	 6.774060e+05
1200000 	 263 	 6.781668e+05
1200000 	 264 	 6.789458e+05
1200000 	 265 	 6.797032e+05
1200000 	 266 	 6.804489e+05
1200000 	 267 	 6.812415e+05
1200000 	 268 	 6.819808e+05
1200000 	 269 	 6.827482e+05
1200000 	 270 	 6.834998e+05
1200000 	 271 	 6.842411e+05
1200000 	 272 	 6.850363e+05
1200000 	 273 	 6.857601e+05
1200000 	 274 	 6.864887e+05
1200000 	 275 	 6.872927e+05
1200000 	 276 	 6.880173e+05
1200000 	 277 	 6.887803e+05
1200000 	 278 	 6.895150e+05
1200000 	 279 	 6.902800e+05
1200000 	 280 	 6.910022e+05
1200000 	 281 	 6.917003e+05
1200000 	 282 	 6.924884e+05
1200000 	 283 	 6.931813e+05
1200000 	 284 	 6.939589e+05
1200000 	 285 	 6.946584e+05
1200000 	 286 	 6.954256e+05
1200000 	 287 	 6.960991e+05
1200000 	 288 	 6.968623e+05
1200000 	 289 	 6.975068e+05
1200000 	 290 	 6.982928e+05
1200000 	 291 	 6.990115e+05
1200000 	 292 	 6.996598e+05
1200000 	 293 	 7.003870e+05
1200000 	 294 	 7.010028e+05
1200000 	 295 	 7.017199e+05
1200000 	 296 	 7.021817e+05
1200000 	 297 	 7.029509e+05
1200000 	 298 	 7.036216e+05
1200000 	 299 	 7.039748e+05
1200000 	 300 	 7.046992e+05
1200000 	 301 	 7.053505e+05
1200000 	 302 	 7.052916e+05
1200000 	 303 	 7.058927e+05
1200000 	 304 	 7.066011e+05
1200000 	 305 	 7.051897e+05
1200000 	 306 	 7.055221e+05
1200000 	 307 	 7.057518e+05
1200000 	 308 	 7.097360e+05
1200000 	 309 	 6.904656e+05
1200000 	 310 	 6.778827e+05
1200000 	 311 	 7.097668e+05
1200000 	 312 	 7.277270e+05
1200000 	 313 	 7.291104e+05
1200000 	 314 	 7.353314e+05
1200000 	 315 	 7.410004e+05
1200000 	 316 	 7.449905e+05
1200000 	 317 	 7.485515e+05
1200000 	 318 	 7.519258e+05
1200000 	 319 	 7.549571e+05
1200000 	 320 	 7.578550e+05
1200000 	 321 	 7.604502e+05
1200000 	 322 	 7.628493e+05
1200000 	 323 	 7.651608e+05
1200000 	 324 	 7.673161e+05
1200000 	 325 	 7.693827e+05
1200000 	 326 	 7.712845e+05
1200000 	 327 	 7.730229e+05
1200000 	 328 	 7.748894e+05
1200000 	 329 	 7.766159e+05
1200000 	 330 	 7.787555e+05
1200000 	 331 	 7.812309e+05
1200000 	 332 	 7.840953e+05
1200000 	 333 	 7.869639e+05
1200000 	 334 	 7.882342e+05
1200000 	 335 	 7.926201e+05
1200000 	 336 	 7.958748e+05
1200000 	 337 	 7.979742e+05
1200000 	 338 	 8.007286e+05
1200000 	 339 	 8.015603e+05
1200000 	 340 	 8.049028e+05
1400000 	 2.449708e+02 	 6.606393e+05
1400000 	 245 	 6.606665e+05
1400000 	 246 	 6.616542e+05
1400000 	 247 	 6.625458e+05
1400000 	 248 	 6.634236e+05
1400000 	 249 	 6.642784e+05
1400000 	 250 	 6.651748e+05
1400000 	 251 	 6.660235e+05
1400000 	 252 	 6.668896e+05
1400000 	 253 	 6.677064e+05
1400000 	 254 	 6.685764e+05
1400000 	 255 	 6.694181e+05
1400000 	 256 	 6.702174e+05
1400000 	 257 	 6.710759e+05
1400000 	 258 	 6.718805e+05
1400000 	 259 	 6.726999e+05
1400000 	 260 	 6.734989e+05
1400000 	 261 	 6.743279e+05
1400000 	 262 	 6.751307e+05
1400000 	 263 	 6.759203e+05
1400000 	 264 	 6.767450e+05
1400000 	 265 	 6.775231e+05
1400000 	 266 	 6.782975e+05
1400000 	 267 	 6.791311e+05
1400000 	 268 	 6.798890e+05
1400000 	 269 	 6.806868e+05
1400000 	 270 	 6.814653e+05
1400000 	 271 	 6.822263e+05
1400000 	 272 	 6.830549e+05
1400000 	 273 	 6.838061e+05
1400000 	 274 	 6.845565e+05
1400000 	 275 	 6.853782e+05
1400000 	 276 	 6.861354e+05
1400000 	 277 	 6.869069e+05
1400000 	 278 	 6.876633e+05
1400000 	 279 	 6.884489e+05
1400000 	 280 	 6.891983e+05
1400000 	 281 	 6.899167e+05
1400000 	 282 	 6.907231e+05
1400000 	 283 	 6.914359e+05
1400000 	 284 	 6.922319e+05
1400000 	 285 	 6.929487e+05
1400000 	 286 	 6.937335e+05
1400000 	 287 	 6.944244e+05
1400000 	 288 	 6.952029e+05
1400000 	 289 	 6.958649e+05
1400000 	 290 	 6.966657e+05
1400000 	 291 	 6.974010e+05
1400000 	 292 	 6.980627e+05
1400000 	 293 	 6.988066e+05
1400000 	 294 	 6.994370e+05
1400000 	 295 	 7.001688e+05
1400000 	 296 	 7.006443e+05
1400000 	 297 	 7.014259e+05
1400000 	 298 	 7.021113e+05
1400000 	 299 	 7.024768e+05
1400000 	 300 	 7.032147e+05
1400000 	 301 	 7.038776e+05
1400000 	 302 	 7.038318e+05
1400000 	 303 	 7.044456e+05
1400000 	 304 	 7.051652e+05
1400000 	 305 	 7.037654e+05
1400000 	 306 	 7.041086e+05
1400000 	 307 	 7.043495e+05
1400000 	 308 	 7.083445e+05
1400000 	 309 	 6.890869e+05
1400000 	 310 	 6.765152e+05
1400000 	 311 	 7.084084e+05
1400000 	 312 	 7.263780e+05
1400000 	 313 	 7.277740e+05
1400000 	 314 	 7.340041e+05
1400000 	 315 	 7.396820e+05
1400000 	 316 	 7.436831e+05
1400000 	 317 	 7.472535e+05
1400000 	 318 	 7.506368e+05
1400000 	 319 	 7.536803e+05
1400000 	 320 	 7.565869e+05
1400000 	 321 	 7.591885e+05
1400000 	 322 	 7.615960e+05
1400000 	 323 	 7.639184e+05
1400000 	 324 	 7.660785e+05
1400000 	 325 	 7.681580e+05
1400000 	 326 	 7.700664e+05
1400000 	 327 	 7.718128e+05
1400000 	 328 	 7.736885e+05
1400000 	 329 	 7.754201e+05
1400000 	 330 	 7.775689e+05
1400000 	 331 	 7.800573e+05
1400000 	 332 	 7.829257e+05
1400000 	 333 	 7.858044e+05
1400000 	 334 	 7.870789e+05
1400000 	 335 	 7.914727e+05
1400000 	 336 	 7.947347e+05
1400000 	 337 	 7.968433e+05
1400000 	 338 	 7.996018e+05
1400000 	 339 	 8.004393e+05
1400000 	 340 	 8.037898e+05
1600000 	 2.492413e+02 	 6.612988e+05
1600000 	 250 	 6.620893e+05
1600000 	 251 	 6.630122e+05
1600000 	 252 	 6.639436e+05
1600000 	 253 	 6.648248e+05
1600000 	 254 	 6.657498e+05
1600000 	 255 	 6.666473e+05
1600000 	 256 	 6.675142e+05
1600000 	 257 	 6.684212e+05
1600000 	 258 	 6.692813e+05
1600000 	 259 	 6.701409e+05
1600000 	 260 	 6.709856e+05
1600000 	 261 	 6.718630e+05
1600000 	 262 	 6.727145e+05
1600000 	 263 	 6.735379e+05
1600000 	 264 	 6.743949e+05
1600000 	 265 	 6.752211e+05
1600000 	 266 	 6.760394e+05
1600000 	 267 	 6.768883e+05
1600000 	 268 	 6.776860e+05
1600000 	 269 	 6.785225e+05
1600000 	 270 	 6.793320e+05
1600000 	 271 	 6.801295e+05
1600000 	 272 	 6.809721e+05
1600000 	 273 	 6.817506e+05
1600000 	 274 	 6.825394e+05
1600000 	 275 	 6.833860e+05
1600000 	 276 	 6.841637e+05
1600000 	 277 	 6.849697e+05
1600000 	 278 	 6.857426e+05
1600000 	 279 	 6.865589e+05
1600000 	 280 	 6.873245e+05
1600000 	 281 	 6.880630e+05
1600000 	 282 	 6.888987e+05
1600000 	 283 	 6.896221e+05
1600000 	 284 	 6.904397e+05
1600000 	 285 	 6.911740e+05
1600000 	 286 	 6.919877e+05
1600000 	 287 	 6.926878e+05
1600000 	 288 	 6.934877e+05
1600000 	 289 	 6.941673e+05
1600000 	 290 	 6.949833e+05
1600000 	 291 	 6.957437e+05
1600000 	 292 	 6.964138e+05
1600000 	 293 	 6.971766e+05
1600000 	 294 	 6.978239e+05
1600000 	 295 	 6.985675e+05
1600000 	 296 	 6.990683e+05
1600000 	 297 	 6.998569e+05
1600000 	 298 	 7.005624e+05
1600000 	 299 	 7.009448e+05
1600000 	 300 	 7.016908e+05
1600000 	 301 	 7.023680e+05
1600000 	 302 	 7.023340e+05
1600000 	 303 	 7.029635e+05
1600000 	 304 	 7.036944e+05
1600000 	 305 	 7.023092e+05
1600000 	 306 	 7.026633e+05
1600000 	 307 	 7.029181e+05
1600000 	 308 	 7.069242e+05
1600000 	 309 	 6.876782e+05
1600000 	 310 	 6.751189e+05
1600000 	 311 	 7.070230e+05
1600000 	 312 	 7.250052e+05
1600000 	 313 	 7.264087e+05
1600000 	 314 	 7.326508e+05
1600000 	 315 	 7.383396e+05
1600000 	 316 	 7.423511e+05
1600000 	 317 	 7.459301e+05
1600000 	 318 	 7.493211e+05
1600000 	 319 	 7.523767e+05
1600000 	 320 	 7.552928e+05
1600000 	 321 	 7.579061e+05
1600000 	 322 	 7.603235e+05
1600000 	 323 	 7.626550e+05
1600000 	 324 	 7.648220e+05
1600000 	 325 	 7.669117e+05
1600000 	 326 	 7.688290e+05
1600000 	 327 	 7.705823e+05
1600000 	 328 	 7.724689e+05
1600000 	 329 	 7.742097e+05
1600000 	 330 	 7.763652e+05
1600000 	 331 	 7.788597e+05
1600000 	 332 	 7.817393e+05
1600000 	 333 	 7.846248e+05
1600000 	 334 	 7.859105e+05
1600000 	 335 	 7.903076e+05
1600000 	 336 	 7.935783e+05
1600000 	 337 	 7.956942e+05
1600000 	 338 	 7.984600e+05
1600000 	 339 	 7.993073e+05
1600000 	 340 	 8.026636e+05
1800000 	 2.531376e+02 	 6.617634e+05
1800000 	 254 	 6.626667e+05
1800000 	 255 	 6.636321e+05
1800000 	 256 	 6.645778e+05
1800000 	 257 	 6.655394e+05
1800000 	 258 	 6.664733e+05
1800000 	 259 	 6.673859e+05
1800000 	 260 	 6.682945e+05
1800000 	 261 	 6.692229e+05
1800000 	 262 	 6.701208e+05
1800000 	 263 	 6.709840e+05
1800000 	 264 	 6.719007e+05
1800000 	 265 	 6.727729e+05
1800000 	 266 	 6.736223e+05
1800000 	 267 	 6.745257e+05
1800000 	 268 	 6.753577e+05
1800000 	 269 	 6.762392e+05
1800000 	 270 	 6.770691e+05
1800000 	 271 	 6.779192e+05
1800000 	 272 	 6.787874e+05
1800000 	 273 	 6.796094e+05
1800000 	 274 	 6.804126e+05
1800000 	 275 	 6.812899e+05
1800000 	 276 	 6.821023e+05
1800000 	 277 	 6.829400e+05
1800000 	 278 	 6.837418e+05
1800000 	 279 	 6.845855e+05
1800000 	 280 	 6.853755e+05
1800000 	 281 	 6.861374e+05
1800000 	 282 	 6.869933e+05
1800000 	 283 	 6.877495e+05
1800000 	 284 	 6.885846e+05
1800000 	 285 	 6.893482e+05
1800000 	 286 	 6.901626e+05
1800000 	 287 	 6.909021e+05
1800000 	 288 	 6.917132e+05
1800000 	 289 	 6.924159e+05
1800000 	 290 	 6.932551e+05
1800000 	 291 	 6.940209e+05
1800000 	 292 	 6.947252e+05
1800000 	 293 	 6.955056e+05
1800000 	 294 	 6.961698e+05
1800000 	 295 	 6.969283e+05
1800000 	 296 	 6.974291e+05
1800000 	 297 	 6.982459e+05
1800000 	 298 	 6.989637e+05
1800000 	 299 	 6.993577e+05
1800000 	 300 	 7.001327e+05
1800000 	 301 	 7.008153e+05
1800000 	 302 	 7.008017e+05
1800000 	 303 	 7.014448e+05
1800000 	 304 	 7.021879e+05
1800000 	 305 	 7.008115e+05
1800000 	 306 	 7.011873e+05
1800000 	 307 	 7.014588e+05
1800000 	 308 	 7.054641e+05
1800000 	 309 	 6.862310e+05
1800000 	 310 	 6.736966e+05
1800000 	 311 	 7.056060e+05
1800000 	 312 	 7.235923e+05
1800000 	 313 	 7.250142e+05
1800000 	 314 	 7.312702e+05
1800000 	 315 	 7.369707e+05
1800000 	 316 	 7.409923e+05
1800000 	 317 	 7.445783e+05
1800000 	 318 	 7.479887e+05
1800000 	 319 	 7.510473e+05
1800000 	 320 	 7.539804e+05
1800000 	 321 	 7.565984e+05
1800000 	 322 	 7.590220e+05
1800000 	 323 	 7.613664e+05
1800000 	 324 	 7.635492e+05
1800000 	 325 	 7.656420e+05
1800000 	 326 	 7.675689e+05
1800000 	 327 	 7.693341e+05
1800000 	 328 	 7.712276e+05
1800000 	 329 	 7.729755e+05
1800000 	 330 	 7.751441e+05
1800000 	 331 	 7.776465e+05
1800000 	 332 	 7.805317e+05
1800000 	 333 	 7.834262e+05
1800000 	 334 	 7.847214e+05
1800000 	 335 	 7.891263e+05
1800000 	 336 	 7.924073e+05
1800000 	 337 	 7.945280e+05
1800000 	 338 	 7.973016e+05
1800000 	 339 	 7.981582e+05
1800000 	 340 	 8.015186e+05
2000000 	 2.567295e+02 	 6.620852e+05
2000000 	 257 	 6.623891e+05
2000000 	 258 	 6.633927e+05
2000000 	 259 	 6.643819e+05
2000000 	 260 	 6.653645e+05
2000000 	 261 	 6.663569e+05
2000000 	 262 	 6.673160e+05
2000000 	 263 	 6.682514e+05
2000000 	 264 	 6.692233e+05
2000000 	 265 	 6.701442e+05
2000000 	 266 	 6.710531e+05
2000000 	 267 	 6.719899e+05
2000000 	 268 	 6.728797e+05
2000000 	 269 	 6.738001e+05
2000000 	 270 	 6.746870e+05
2000000 	 271 	 6.755693e+05
2000000 	 272 	 6.764779e+05
2000000 	 273 	 6.773387e+05
2000000 	 274 	 6.781836e+05
2000000 	 275 	 6.790893e+05
2000000 	 276 	 6.799292e+05
2000000 	 277 	 6.808008e+05
2000000 	 278 	 6.816451e+05
2000000 	 279 	 6.825037e+05
2000000 	 280 	 6.833293e+05
2000000 	 281 	 6.841244e+05
2000000 	 282 	 6.850004e+05
2000000 	 283 	 6.857862e+05
2000000 	 284 	 6.866487e+05
2000000 	 285 	 6.874381e+05
2000000 	 286 	 6.882874e+05
2000000 	 287 	 6.890370e+05
2000000 	 288 	 6.898802e+05
2000000 	 289 	 6.906012e+05
2000000 	 290 	 6.914576e+05
2000000 	 291 	 6.922504e+05
2000000 	 292 	 6.929691e+05
2000000 	 293 	 6.937730e+05
2000000 	 294 	 6.944488e+05
2000000 	 295 	 6.952288e+05
2000000 	 296 	 6.957629e+05
2000000 	 297 	 6.965868e+05
2000000 	 298 	 6.973228e+05
2000000 	 299 	 6.977344e+05
2000000 	 300 	 6.985244e+05
2000000 	 301 	 6.992229e+05
2000000 	 302 	 6.992238e+05
2000000 	 303 	 6.998790e+05
2000000 	 304 	 7.006476e+05
2000000 	 305 	 6.992823e+05
2000000 	 306 	 6.996672e+05
2000000 	 307 	 6.999471e+05
2000000 	 308 	 7.039750e+05
2000000 	 309 	 6.847630e+05
2000000 	 310 	 6.722338e+05
2000000 	 311 	 7.041499e+05
2000000 	 312 	 7.221680e+05
2000000 	 313 	 7.235948e+05
2000000 	 314 	 7.298527e+05
2000000 	 315 	 7.355696e+05
2000000 	 316 	 7.396069e+05
2000000 	 317 	 7.432079e+05
2000000 	 318 	 7.466185e+05
2000000 	 319 	 7.496894e+05
2000000 	 320 	 7.526345e+05
2000000 	 321 	 7.552765e+05
2000000 	 322 	 7.576964e+05
2000000 	 323 	 7.600625e+05
2000000 	 324 	 7.622531e+05
2000000 	 325 	 7.643501e+05
2000000 	 326 	 7.662820e+05
2000000 	 327 	 7.680595e+05
2000000 	 328 	 7.699711e+05
2000000 	 329 	 7.717292e+05
2000000 	 330 	 7.739024e+05
2000000 	 331 	 7.764113e+05
2000000 	 332 	 7.793038e+05
2000000 	 333 	 7.822156e+05
2000000 	 334 	 7.835076e+05
2000000 	 335 	 7.879256e+05
2000000 	 336 	 7.912177e+05
2000000 	 337 	 7.933482e+05
2000000 	 338 	 7.961294e+05
2000000 	 339 	 7.969904e+05
2000000 	 340 	 8.003614e+05
2200000 	 2.600680e+02 	 6.621694e+05
2200000 	 261 	 6.632297e+05
2200000 	 262 	 6.642668e+05
2200000 	 263 	 6.652852e+05
2200000 	 264 	 6.663125e+05
2200000 	 265 	 6.673093e+05
2200000 	 266 	 6.682811e+05
2200000 	 267 	 6.692751e+05
2200000 	 268 	 6.702303e+05
2200000 	 269 	 6.711985e+05
2200000 	 270 	 6.721377e+05
2200000 	 271 	 6.730699e+05
2200000 	 272 	 6.740228e+05
2200000 	 273 	 6.749275e+05
2200000 	 274 	 6.758222e+05
2200000 	 275 	 6.767585e+05
2200000 	 276 	 6.776461e+05
2200000 	 277 	 6.785578e+05
2200000 	 278 	 6.794293e+05
2200000 	 279 	 6.803355e+05
2200000 	 280 	 6.811906e+05
2200000 	 281 	 6.820105e+05
2200000 	 282 	 6.829282e+05
2200000 	 283 	 6.837452e+05
2200000 	 284 	 6.846330e+05
2200000 	 285 	 6.854475e+05
2200000 	 286 	 6.863193e+05
2200000 	 287 	 6.871005e+05
2200000 	 288 	 6.879720e+05
2200000 	 289 	 6.887094e+05
2200000 	 290 	 6.896012e+05
2200000 	 291 	 6.904077e+05
2200000 	 292 	 6.911587e+05
2200000 	 293 	 6.919718e+05
2200000 	 294 	 6.926777e+05
2200000 	 295 	 6.934752e+05
2200000 	 296 	 6.940239e+05
2200000 	 297 	 6.948737e+05
2200000 	 298 	 6.956340e+05
2200000 	 299 	 6.960567e+05
2200000 	 300 	 6.968677e+05
2200000 	 301 	 6.975878e+05
2200000 	 302 	 6.976077e+05
2200000 	 303 	 6.982815e+05
2200000 	 304 	 6.990545e+05
2200000 	 305 	 6.977180e+05
2200000 	 306 	 6.981055e+05
2200000 	 307 	 6.984112e+05
2200000 	 308 	 7.024522e+05
2200000 	 309 	 6.832518e+05
2200000 	 310 	 6.707339e+05
2200000 	 311 	 7.026729e+05
2200000 	 312 	 7.206881e+05
2200000 	 313 	 7.221363e+05
2200000 	 314 	 7.284147e+05
2200000 	 315 	 7.341375e+05
2200000 	 316 	 7.381808e+05
2200000 	 317 	 7.418007e+05
2200000 	 318 	 7.452293e+05
2200000 	 319 	 7.483167e+05
2200000 	 320 	 7.512671e+05
2200000 	 321 	 7.539055e+05
2200000 	 322 	 7.563566e+05
2200000 	 323 	 7.587201e+05
2200000 	 324 	 7.609259e+05
2200000 	 325 	 7.630368e+05
2200000 	 326 	 7.649822e+05
2200000 	 327 	 7.667723e+05
2200000 	 328 	 7.686919e+05
2200000 	 329 	 7.704470e+05
2200000 	 330 	 7.726310e+05
2200000 	 331 	 7.751595e+05
2200000 	 332 	 7.780642e+05
2200000 	 333 	 7.809824e+05
2200000 	 334 	 7.822836e+05
2200000 	 335 	 7.867091e+05
2200000 	 336 	 7.900062e+05
2200000 	 337 	 7.921446e+05
2200000 	 338 	 7.949304e+05
2200000 	 339 	 7.958121e+05
2200000 	 340 	 7.991826e+05
2400000 	 2.631920e+02 	 6.621921e+05
2400000 	 264 	 6.631386e+05
2400000 	 265 	 6.642145e+05
2400000 	 266 	 6.652729e+05
2400000 	 267 	 6.663406e+05
2400000 	 268 	 6.673627e+05
2400000 	 269 	 6.684011e+05
2400000 	 270 	 6.694040e+05
2400000 	 271 	 6.703915e+05
2400000 	 272 	 6.713975e+05
2400000 	 273 	 6.723636e+05
2400000 	 274 	 6.733100e+05
2400000 	 275 	 6.742892e+05
2400000 	 276 	 6.752199e+05
2400000 	 277 	 6.761793e+05
2400000 	 278 	 6.770960e+05
2400000 	 279 	 6.780409e+05
2400000 	 280 	 6.789354e+05
2400000 	 281 	 6.798004e+05
2400000 	 282 	 6.807474e+05
2400000 	 283 	 6.815981e+05
2400000 	 284 	 6.825218e+05
2400000 	 285 	 6.833602e+05
2400000 	 286 	 6.842772e+05
2400000 	 287 	 6.850813e+05
2400000 	 288 	 6.859826e+05
2400000 	 289 	 6.867538e+05
2400000 	 290 	 6.876604e+05
2400000 	 291 	 6.884994e+05
2400000 	 292 	 6.892699e+05
2400000 	 293 	 6.901109e+05
2400000 	 294 	 6.908435e+05
2400000 	 295 	 6.916659e+05
2400000 	 296 	 6.922378e+05
2400000 	 297 	 6.931086e+05
2400000 	 298 	 6.938783e+05
2400000 	 299 	 6.943305e+05
2400000 	 300 	 6.951570e+05
2400000 	 301 	 6.959035e+05
2400000 	 302 	 6.959372e+05
2400000 	 303 	 6.966244e+05
2400000 	 304 	 6.974198e+05
2400000 	 305 	 6.960928e+05
2400000 	 306 	 6.965122e+05
2400000 	 307 	 6.968240e+05
2400000 	 308 	 7.008852e+05
2400000 	 309 	 6.817004e+05
2400000 	 310 	 6.691970e+05
2400000 	 311 	 7.011510e+05
2400000 	 312 	 7.191926e+05
2400000 	 313 	 7.206413e+05
2400000 	 314 	 7.269437e+05
2400000 	 315 	 7.326782e+05
2400000 	 316 	 7.367409e+05
2400000 	 317 	 7.403733e+05
2400000 	 318 	 7.438062e+05
2400000 	 319 	 7.469017e+05
2400000 	 320 	 7.498715e+05
2400000 	 321 	 7.525313e+05
2400000 	 322 	 7.549850e+05
2400000 	 323 	 7.573574e+05
2400000 	 324 	 7.595742e+05
2400000 	 325 	 7.617031e+05
2400000 	 326 	 7.636637e+05
2400000 	 327 	 7.654547e+05
2400000 	 328 	 7.673719e+05
2400000 	 329 	 7.691546e+05
2400000 	 330 	 7.713521e+05
2400000 	 331 	 7.738844e+05
2400000 	 332 	 7.767983e+05
2400000 	 333 	 7.797241e+05
2400000 	 334 	 7.810383e+05
2400000 	 335 	 7.854728e+05
2400000 	 336 	 7.887775e+05
2400000 	 337 	 7.909250e+05
2400000 	 338 	 7.937337e+05
2400000 	 339 	 7.946081e+05
2400000 	 340 	 7.980004e+05
2600000 	 2.661313e+02 	 6.620746e+05
2600000 	 267 	 6.631252e+05
2600000 	 268 	 6.642395e+05
2600000 	 269 	 6.653625e+05
2600000 	 270 	 6.664409e+05
2600000 	 271 	 6.675023e+05
2600000 	 272 	 6.685779e+05
2600000 	 273 	 6.696076e+05
2600000 	 274 	 6.706165e+05
2600000 	 275 	 6.716572e+05
2600000 	 276 	 6.726466e+05
2600000 	 277 	 6.736559e+05
2600000 	 278 	 6.746210e+05
2600000 	 279 	 6.756080e+05
2600000 	 280 	 6.765560e+05
2600000 	 281 	 6.774623e+05
2600000 	 282 	 6.784506e+05
2600000 	 283 	 6.793482e+05
2600000 	 284 	 6.803088e+05
2600000 	 285 	 6.811816e+05
2600000 	 286 	 6.821324e+05
2600000 	 287 	 6.829723e+05
2600000 	 288 	 6.839056e+05
2600000 	 289 	 6.847025e+05
2600000 	 290 	 6.856453e+05
2600000 	 291 	 6.865151e+05
2600000 	 292 	 6.873155e+05
2600000 	 293 	 6.881832e+05
2600000 	 294 	 6.889412e+05
2600000 	 295 	 6.897878e+05
2600000 	 296 	 6.903807e+05
2600000 	 297 	 6.912801e+05
2600000 	 298 	 6.920765e+05
2600000 	 299 	 6.925456e+05
2600000 	 300 	 6.933950e+05
2600000 	 301 	 6.941541e+05
2600000 	 302 	 6.942178e+05
2600000 	 303 	 6.949241e+05
2600000 	 304 	 6.957377e+05
2600000 	 305 	 6.944367e+05
2600000 	 306 	 6.948712e+05
2600000 	 307 	 6.951964e+05
2600000 	 308 	 6.992798e+05
2600000 	 309 	 6.801066e+05
2600000 	 310 	 6.676241e+05
2600000 	 311 	 6.995968e+05
2600000 	 312 	 7.176443e+05
2600000 	 313 	 7.191215e+05
2600000 	 314 	 7.254291e+05
2600000 	 315 	 7.311798e+05
2600000 	 316 	 7.352577e+05
2600000 	 317 	 7.389014e+05
2600000 	 318 	 7.423481e+05
2600000 	 319 	 7.454652e+05
2600000 	 320 	 7.484450e+05
2600000 	 321 	 7.511141e+05
2600000 	 322 	 7.535788e+05
2600000 	 323 	 7.559700e+05
2600000 	 324 	 7.581966e+05
2600000 	 325 	 7.603314e+05
2600000 	 326 	 7.623075e+05
2600000 	 327 	 7.641152e+05
2600000 	 328 	 7.660477e+05
2600000 	 329 	 7.678373e+05
2600000 	 330 	 7.700493e+05
2600000 	 331 	 7.725802e+05
2600000 	 332 	 7.755095e+05
2600000 	 333 	 7.784497e+05
2600000 	 334 	 7.797756e+05
2600000 	 335 	 7.842225e+05
2600000 	 336 	 7.875253e+05
2600000 	 337 	 7.896842e+05
2600000 	 338 	 7.925024e+05
2600000 	 339 	 7.933869e+05
2600000 	 340 	 7.967892e+05
2800000 	 2.689098e+02 	 6.618970e+05
2800000 	 269 	 6.620138e+05
2800000 	 270 	 6.631988e+05
2800000 	 271 	 6.643479e+05
2800000 	 272 	 6.655099e+05
2800000 	 273 	 6.666250e+05
2800000 	 274 	 6.677098e+05
2800000 	 275 	 6.688224e+05
2800000 	 276 	 6.698763e+05
2800000 	 277 	 6.709550e+05
2800000 	 278 	 6.719729e+05
2800000 	 279 	 6.730262e+05
2800000 	 280 	 6.740226e+05
2800000 	 281 	 6.749852e+05
2800000 	 282 	 6.760220e+05
2800000 	 283 	 6.769653e+05
2800000 	 284 	 6.779694e+05
2800000 	 285 	 6.788811e+05
2800000 	 286 	 6.798738e+05
2800000 	 287 	 6.807574e+05
2800000 	 288 	 6.817245e+05
2800000 	 289 	 6.825640e+05
2800000 	 290 	 6.835388e+05
2800000 	 291 	 6.844419e+05
2800000 	 292 	 6.852722e+05
2800000 	 293 	 6.861721e+05
2800000 	 294 	 6.869533e+05
2800000 	 295 	 6.878348e+05
2800000 	 296 	 6.884565e+05
2800000 	 297 	 6.893761e+05
2800000 	 298 	 6.901986e+05
2800000 	 299 	 6.906995e+05
2800000 	 300 	 6.915708e+05
2800000 	 301 	 6.923587e+05
2800000 	 302 	 6.924321e+05
2800000 	 303 	 6.931727e+05
2800000 	 304 	 6.940101e+05
2800000 	 305 	 6.927225e+05
2800000 	 306 	 6.931782e+05
2800000 	 307 	 6.935222e+05
2800000 	 308 	 6.976234e+05
2800000 	 309 	 6.784767e+05
2800000 	 310 	 6.660002e+05
2800000 	 311 	 6.979974e+05
2800000 	 312 	 7.160666e+05
2800000 	 313 	 7.175560e+05
2800000 	 314 	 7.238735e+05
2800000 	 315 	 7.296439e+05
2800000 	 316 	 7.337395e+05
2800000 	 317 	 7.374010e+05
2800000 	 318 	 7.408646e+05
2800000 	 319 	 7.439887e+05
2800000 	 320 	 7.469825e+05
2800000 	 321 	 7.496706e+05
2800000 	 322 	 7.521489e+05
2800000 	 323 	 7.545524e+05
2800000 	 324 	 7.567873e+05
2800000 	 325 	 7.589449e+05
2800000 	 326 	 7.609307e+05
2800000 	 327 	 7.627486e+05
2800000 	 328 	 7.646922e+05
2800000 	 329 	 7.664956e+05
2800000 	 330 	 7.687128e+05
2800000 	 331 	 7.712646e+05
2800000 	 332 	 7.742062e+05
2800000 	 333 	 7.771500e+05
2800000 	 334 	 7.784924e+05
2800000 	 335 	 7.829420e+05
2800000 	 336 	 7.862572e+05
2800000 	 337 	 7.884316e+05
2800000 	 338 	 7.912482e+05
2800000 	 339 	 7.921579e+05
2800000 	 340 	 7.955581e+05
3000000 	 2.715467e+02 	 6.615224e+05
3000000 	 272 	 6.621315e+05
3000000 	 273 	 6.633507e+05
3000000 	 274 	 6.645340e+05
3000000 	 275 	 6.657395e+05
3000000 	 276 	 6.668777e+05
3000000 	 277 	 6.680320e+05
3000000 	 278 	 6.691250e+05
3000000 	 279 	 6.702512e+05
3000000 	 280 	 6.713120e+05
3000000 	 281 	 6.723395e+05
3000000 	 282 	 6.734318e+05
3000000 	 283 	 6.744314e+05
3000000 	 284 	 6.754848e+05
3000000 	 285 	 6.764501e+05
3000000 	 286 	 6.774880e+05
3000000 	 287 	 6.784208e+05
3000000 	 288 	 6.794326e+05
3000000 	 289 	 6.803142e+05
3000000 	 290 	 6.813289e+05
3000000 	 291 	 6.822666e+05
3000000 	 292 	 6.831326e+05
3000000 	 293 	 6.840682e+05
3000000 	 294 	 6.848838e+05
3000000 	 295 	 6.858030e+05
3000000 	 296 	 6.864499e+05
3000000 	 297 	 6.874050e+05
3000000 	 298 	 6.882546e+05
3000000 	 299 	 6.887779e+05
3000000 	 300 	 6.896813e+05
3000000 	 301 	 6.904884e+05
3000000 	 302 	 6.905955e+05
3000000 	 303 	 6.913522e+05
3000000 	 304 	 6.922117e+05
3000000 	 305 	 6.909531e+05
3000000 	 306 	 6.914272e+05
3000000 	 307 	 6.917965e+05
3000000 	 308 	 6.959221e+05
3000000 	 309 	 6.767880e+05
3000000 	 310 	 6.643402e+05
3000000 	 311 	 6.963480e+05
3000000 	 312 	 7.144374e+05
3000000 	 313 	 7.159431e+05
3000000 	 314 	 7.222843e+05
3000000 	 315 	 7.280779e+05
3000000 	 316 	 7.321876e+05
3000000 	 317 	 7.358621e+05
3000000 	 318 	 7.393423e+05
3000000 	 319 	 7.424856e+05
3000000 	 320 	 7.454887e+05
3000000 	 321 	 7.481873e+05
3000000 	 322 	 7.506890e+05
3000000 	 323 	 7.531088e+05
3000000 	 324 	 7.553568e+05
3000000 	 325 	 7.575202e+05
3000000 	 326 	 7.595179e+05
3000000 	 327 	 7.613464e+05
3000000 	 328 	 7.633103e+05
3000000 	 329 	 7.651266e+05
3000000 	 330 	 7.673540e+05
3000000 	 331 	 7.699215e+05
3000000 	 332 	 7.728740e+05
3000000 	 333 	 7.758231e+05
3000000 	 334 	 7.771810e+05
3000000 	 335 	 7.816379e+05
3000000 	 336 	 7.849705e+05
3000000 	 337 	 7.871574e+05
3000000 	 338 	 7.899796e+05
3000000 	 339 	 7.908920e+05
3000000 	 340 	 7.943166e+05
3200000 	 2.740578e+02 	 6.610471e+05
3200000 	 275 	 6.623366e+05
3200000 	 276 	 6.635882e+05
3200000 	 277 	 6.648416e+05
3200000 	 278 	 6.660336e+05
3200000 	 279 	 6.672430e+05
3200000 	 280 	 6.683894e+05
3200000 	 281 	 6.694967e+05
3200000 	 282 	 6.706522e+05
3200000 	 283 	 6.717191e+05
3200000 	 284 	 6.728414e+05
3200000 	 285 	 6.738687e+05
3200000 	 286 	 6.749569e+05
3200000 	 287 	 6.759435e+05
3200000 	 288 	 6.770077e+05
3200000 	 289 	 6.779397e+05
3200000 	 290 	 6.789979e+05
3200000 	 291 	 6.799798e+05
3200000 	 292 	 6.808907e+05
3200000 	 293 	 6.818603e+05
3200000 	 294 	 6.827175e+05
3200000 	 295 	 6.836753e+05
3200000 	 296 	 6.843588e+05
3200000 	 297 	 6.853452e+05
3200000 	 298 	 6.862337e+05
3200000 	 299 	 6.867869e+05
3200000 	 300 	 6.877201e+05
3200000 	 301 	 6.885530e+05
3200000 	 302 	 6.886872e+05
3200000 	 303 	 6.894766e+05
3200000 	 304 	 6.903579e+05
3200000 	 305 	 6.891261e+05
3200000 	 306 	 6.896259e+05
3200000 	 307 	 6.900192e+05
3200000 	 308 	 6.941644e+05
3200000 	 309 	 6.750522e+05
3200000 	 310 	 6.626241e+05
3200000 	 311 	 6.946556e+05
3200000 	 312 	 7.127670e+05
3200000 	 313 	 7.142957e+05
3200000 	 314 	 7.206589e+05
3200000 	 315 	 7.264622e+05
3200000 	 316 	 7.305896e+05
3200000 	 317 	 7.342798e+05
3200000 	 318 	 7.377780e+05
3200000 	 319 	 7.409419e+05
3200000 	 320 	 7.439654e+05
3200000 	 321 	 7.466779e+05
3200000 	 322 	 7.491924e+05
3200000 	 323 	 7.516204e+05
3200000 	 324 	 7.538867e+05
3200000 	 325 	 7.560775e+05
3200000 	 326 	 7.580822e+05
3200000 	 327 	 7.599253e+05
3200000 	 328 	 7.619056e+05
3200000 	 329 	 7.637319e+05
3200000 	 330 	 7.659696e+05
3200000 	 331 	 7.685514e+05
3200000 	 332 	 7.715135e+05
3200000 	 333 	 7.744731e+05
3200000 	 334 	 7.758403e+05
3200000 	 335 	 7.803164e+05
3200000 	 336 	 7.836667e+05
3200000 	 337 	 7.858600e+05
3200000 	 338 	 7.886990e+05
3200000 	 339 	 7.896179e+05
3200000 	 340 	 7.930477e+05
3400000 	 2.764562e+02 	 6.605149e+05
3400000 	 277 	 6.612917e+05
3400000 	 278 	 6.626265e+05
3400000 	 279 	 6.639454e+05
3400000 	 280 	 6.652005e+05
3400000 	 281 	 6.664052e+05
3400000 	 282 	 6.676489e+05
3400000 	 283 	 6.688006e+05
3400000 	 284 	 6.699954e+05
3400000 	 285 	 6.710966e+05
3400000 	 286 	 6.722552e+05
3400000 	 287 	 6.733068e+05
3400000 	 288 	 6.744315e+05
3400000 	 289 	 6.754180e+05
3400000 	 290 	 6.765297e+05
3400000 	 291 	 6.775739e+05
3400000 	 292 	 6.785241e+05
3400000 	 293 	 6.795430e+05
3400000 	 294 	 6.804464e+05
3400000 	 295 	 6.814435e+05
3400000 	 296 	 6.821675e+05
3400000 	 297 	 6.831925e+05
3400000 	 298 	 6.841203e+05
3400000 	 299 	 6.847054e+05
3400000 	 300 	 6.856729e+05
3400000 	 301 	 6.865425e+05
3400000 	 302 	 6.867073e+05
3400000 	 303 	 6.875247e+05
3400000 	 304 	 6.884389e+05
3400000 	 305 	 6.872310e+05
3400000 	 306 	 6.877632e+05
3400000 	 307 	 6.881814e+05
3400000 	 308 	 6.923490e+05
3400000 	 309 	 6.732619e+05
3400000 	 310 	 6.608585e+05
3400000 	 311 	 6.929103e+05
3400000 	 312 	 7.110470e+05
3400000 	 313 	 7.125937e+05
3400000 	 314 	 7.189760e+05
3400000 	 315 	 7.248025e+05
3400000 	 316 	 7.289485e+05
3400000 	 317 	 7.326655e+05
3400000 	 318 	 7.361766e+05
3400000 	 319 	 7.393588e+05
3400000 	 320 	 7.424018e+05
3400000 	 321 	 7.451301e+05
3400000 	 322 	 7.476588e+05
3400000 	 323 	 7.501072e+05
3400000 	 324 	 7.523881e+05
3400000 	 325 	 7.545895e+05
3400000 	 326 	 7.566126e+05
3400000 	 327 	 7.584760e+05
3400000 	 328 	 7.604593e+05
3400000 	 329 	 7.623023e+05
3400000 	 330 	 7.645617e+05
3400000 	 331 	 7.671588e+05
3400000 	 332 	 7.701308e+05
3400000 	 333 	 7.731043e+05
3400000 	 334 	 7.744839e+05
3400000 	 335 	 7.789718e+05
3400000 	 336 	 7.823319e+05
3400000 	 337 	 7.845364e+05
3400000 	 338 	 7.873838e+05
3400000 	 339 	 7.883202e+05
3400000 	 340 	 7.917577e+05
3600000 	 2.787528e+02 	 6.598811e+05
3600000 	 279 	 6.602543e+05
3600000 	 280 	 6.616497e+05
3600000 	 281 	 6.629916e+05
3600000 	 282 	 6.643533e+05
3600000 	 283 	 6.656123e+05
3600000 	 284 	 6.669103e+05
3600000 	 285 	 6.680990e+05
3600000 	 286 	 6.693426e+05
3600000 	 287 	 6.704736e+05
3600000 	 288 	 6.716703e+05
3600000 	 289 	 6.727283e+05
3600000 	 290 	 6.739083e+05
3600000 	 291 	 6.750071e+05
3600000 	 292 	 6.760214e+05
3600000 	 293 	 6.770931e+05
3600000 	 294 	 6.780498e+05
3600000 	 295 	 6.790918e+05
3600000 	 296 	 6.798616e+05
3600000 	 297 	 6.809335e+05
3600000 	 298 	 6.819060e+05
3600000 	 299 	 6.825291e+05
3600000 	 300 	 6.835357e+05
3600000 	 301 	 6.844427e+05
3600000 	 302 	 6.846423e+05
3600000 	 303 	 6.854956e+05
3600000 	 304 	 6.864413e+05
3600000 	 305 	 6.852679e+05
3600000 	 306 	 6.858265e+05
3600000 	 307 	 6.862778e+05
3600000 	 308 	 6.904712e+05
3600000 	 309 	 6.714120e+05
3600000 	 310 	 6.590333e+05
3600000 	 311 	 6.911113e+05
3600000 	 312 	 7.092662e+05
3600000 	 313 	 7.108454e+05
3600000 	 314 	 7.172444e+05
3600000 	 315 	 7.230946e+05
3600000 	 316 	 7.272670e+05
3600000 	 317 	 7.309959e+05
3600000 	 318 	 7.345306e+05
3600000 	 319 	 7.377321e+05
3600000 	 320 	 7.407953e+05
3600000 	 321 	 7.435429e+05
3600000 	 322 	 7.460950e+05
3600000 	 323 	 7.485578e+05
3600000 	 324 	 7.508562e+05
3600000 	 325 	 7.530723e+05
3600000 	 326 	 7.551102e+05
3600000 	 327 	 7.569889e+05
3600000 	 328 	 7.589940e+05
3600000 	 329 	 7.608507e+05
3600000 	 330 	 7.631232e+05
3600000 	 331 	 7.657317e+05
3600000 	 332 	 7.687230e+05
3600000 	 333 	 7.717122e+05
3600000 	 334 	 7.730963e+05
3600000 	 335 	 7.776064e+05
3600000 	 336 	 7.809722e+05
3600000 	 337 	 7.831888e+05
3600000 	 338 	 7.860474e+05
3600000 	 339 	 7.869963e+05
3600000 	 340 	 7.904517e+05
3800000 	 2.809571e+02 	 6.590489e+05
3800000 	 281 	 6.591144e+05
3800000 	 282 	 6.606781e+05
3800000 	 283 	 6.620803e+05
3800000 	 284 	 6.635173e+05
3800000 	 285 	 6.648091e+05
3800000 	 286 	 6.661746e+05
3800000 	 287 	 6.674014e+05
3800000 	 288 	 6.686897e+05
3800000 	 289 	 6.698330e+05
3800000 	 290 	 6.710948e+05
3800000 	 291 	 6.722711e+05
3800000 	 292 	 6.733485e+05
3800000 	 293 	 6.744917e+05
3800000 	 294 	 6.755032e+05
3800000 	 295 	 6.766082e+05
3800000 	 296 	 6.774278e+05
3800000 	 297 	 6.785508e+05
3800000 	 298 	 6.795750e+05
3800000 	 299 	 6.802442e+05
3800000 	 300 	 6.812951e+05
3800000 	 301 	 6.822477e+05
3800000 	 302 	 6.824859e+05
3800000 	 303 	 6.833814e+05
3800000 	 304 	 6.843622e+05
3800000 	 305 	 6.832247e+05
3800000 	 306 	 6.838117e+05
3800000 	 307 	 6.842982e+05
3800000 	 308 	 6.885261e+05
3800000 	 309 	 6.694932e+05
3800000 	 310 	 6.571451e+05
3800000 	 311 	 6.892554e+05
3800000 	 312 	 7.074392e+05
3800000 	 313 	 7.090368e+05
3800000 	 314 	 7.154649e+05
3800000 	 315 	 7.213374e+05
3800000 	 316 	 7.255307e+05
3800000 	 317 	 7.292863e+05
3800000 	 318 	 7.328428e+05
3800000 	 319 	 7.360642e+05
3800000 	 320 	 7.391465e+05
3800000 	 321 	 7.419194e+05
3800000 	 322 	 7.444883e+05
3800000 	 323 	 7.469684e+05
3800000 	 324 	 7.492894e+05
3800000 	 325 	 7.515230e+05
3800000 	 326 	 7.535784e+05
3800000 	 327 	 7.554732e+05
3800000 	 328 	 7.574903e+05
3800000 	 329 	 7.593684e+05
3800000 	 330 	 7.616547e+05
3800000 	 331 	 7.642751e+05
3800000 	 332 	 7.672782e+05
3800000 	 333 	 7.702854e+05
3800000 	 334 	 7.716891e+05
3800000 	 335 	 7.762086e+05
3800000 	 336 	 7.795901e+05
3800000 	 337 	 7.818218e+05
3800000 	 338 	 7.846946e+05
3800000 	 339 	 7.856562e+05
3800000 	 340 	 7.891172e+05
4000000 	 2.830769e+02 	 6.581684e+05
4000000 	 284 	 6.597154e+05
4000000 	 285 	 6.611835e+05
4000000 	 286 	 6.626834e+05
4000000 	 287 	 6.640140e+05
4000000 	 288 	 6.654378e+05
4000000 	 289 	 6.666905e+05
4000000 	 290 	 6.680481e+05
4000000 	 291 	 6.693180e+05
4000000 	 292 	 6.704803e+05
4000000 	 293 	 6.717020e+05
4000000 	 294 	 6.727900e+05
4000000 	 295 	 6.739616e+05
4000000 	 296 	 6.748453e+05
4000000 	 297 	 6.760314e+05
4000000 	 298 	 6.771136e+05
4000000 	 299 	 6.778373e+05
4000000 	 300 	 6.789341e+05
4000000 	 301 	 6.799385e+05
4000000 	 302 	 6.802279e+05
4000000 	 303 	 6.811632e+05
4000000 	 304 	 6.821843e+05
4000000 	 305 	 6.810913e+05
4000000 	 306 	 6.817189e+05
4000000 	 307 	 6.822412e+05
4000000 	 308 	 6.865025e+05
4000000 	 309 	 6.675025e+05
4000000 	 310 	 6.551818e+05
4000000 	 311 	 6.873256e+05
4000000 	 312 	 7.055427e+05
4000000 	 313 	 7.071643e+05
4000000 	 314 	 7.136265e+05
4000000 	 315 	 7.195233e+05
4000000 	 316 	 7.237440e+05
4000000 	 317 	 7.275223e+05
4000000 	 318 	 7.311012e+05
4000000 	 319 	 7.343516e+05
4000000 	 320 	 7.374496e+05
4000000 	 321 	 7.402416e+05
4000000 	 322 	 7.428345e+05
4000000 	 323 	 7.453394e+05
4000000 	 324 	 7.476760e+05
4000000 	 325 	 7.499287e+05
4000000 	 326 	 7.520074e+05
4000000 	 327 	 7.539166e+05
4000000 	 328 	 7.559588e+05
4000000 	 329 	 7.578486e+05
4000000 	 330 	 7.601480e+05
4000000 	 331 	 7.627903e+05
4000000 	 332 	 7.658091e+05
4000000 	 333 	 7.688325e+05
4000000 	 334 	 7.702481e+05
4000000 	 335 	 7.747787e+05
4000000 	 336 	 7.781794e+05
4000000 	 337 	 7.804209e+05
4000000 	 338 	 7.833120e+05
4000000 	 339 	 7.842810e+05
4000000 	 340 	 7.877583e+05
4200000 	 2.851194e+02 	 6.572358e+05
4200000 	 286 	 6.587297e+05
4200000 	 287 	 6.602695e+05
4200000 	 288 	 6.618413e+05
4200000 	 289 	 6.632430e+05
4200000 	 290 	 6.647014e+05
4200000 	 291 	 6.660993e+05
4200000 	 292 	 6.673546e+05
4200000 	 293 	 6.686773e+05
4200000 	 294 	 6.698717e+05
4200000 	 295 	 6.711268e+05
4200000 	 296 	 6.720884e+05
4200000 	 297 	 6.733470e+05
4200000 	 298 	 6.744995e+05
4200000 	 299 	 6.752907e+05
4200000 	 300 	 6.764439e+05
4200000 	 301 	 6.775036e+05
4200000 	 302 	 6.778492e+05
4200000 	 303 	 6.788381e+05
4200000 	 304 	 6.799005e+05
4200000 	 305 	 6.788602e+05
4200000 	 306 	 6.795262e+05
4200000 	 307 	 6.800899e+05
4200000 	 308 	 6.843898e+05
4200000 	 309 	 6.654319e+05
4200000 	 310 	 6.531455e+05
4200000 	 311 	 6.853216e+05
4200000 	 312 	 7.035714e+05
4200000 	 313 	 7.052259e+05
4200000 	 314 	 7.117221e+05
4200000 	 315 	 7.176439e+05
4200000 	 316 	 7.218934e+05
4200000 	 317 	 7.257014e+05
4200000 	 318 	 7.293100e+05
4200000 	 319 	 7.325798e+05
4200000 	 320 	 7.357079e+05
4200000 	 321 	 7.385267e+05
4200000 	 322 	 7.411390e+05
4200000 	 323 	 7.436597e+05
4200000 	 324 	 7.460229e+05
4200000 	 325 	 7.482976e+05
4200000 	 326 	 7.503968e+05
4200000 	 327 	 7.523280e+05
4200000 	 328 	 7.543827e+05
4200000 	 329 	 7.562937e+05
4200000 	 330 	 7.586165e+05
4200000 	 331 	 7.612719e+05
4200000 	 332 	 7.643087e+05
4200000 	 333 	 7.673425e+05
4200000 	 334 	 7.687819e+05
4200000 	 335 	 7.733284e+05
4200000 	 336 	 7.767433e+05
4200000 	 337 	 7.789987e+05
4200000 	 338 	 7.819022e+05
4200000 	 339 	 7.828901e+05
4200000 	 340 	 7.863783e+05
4400000 	 2.870903e+02 	 6.561250e+05
4400000 	 288 	 6.577555e+05
4400000 	 289 	 6.593466e+05
4400000 	 290 	 6.610142e+05
4400000 	 291 	 6.625578e+05
4400000 	 292 	 6.639644e+05
4400000 	 293 	 6.654135e+05
4400000 	 294 	 6.667141e+05
4400000 	 295 	 6.680544e+05
4400000 	 296 	 6.691032e+05
4400000 	 297 	 6.704553e+05
4400000 	 298 	 6.717046e+05
4400000 	 299 	 6.725706e+05
4400000 	 300 	 6.737943e+05
4400000 	 301 	 6.749235e+05
4400000 	 302 	 6.753299e+05
4400000 	 303 	 6.763831e+05
4400000 	 304 	 6.775032e+05
4400000 	 305 	 6.765150e+05
4400000 	 306 	 6.772299e+05
4400000 	 307 	 6.778415e+05
4400000 	 308 	 6.821842e+05
4400000 	 309 	 6.632658e+05
4400000 	 310 	 6.510245e+05
4400000 	 311 	 6.832415e+05
4400000 	 312 	 7.015306e+05
4400000 	 313 	 7.032172e+05
4400000 	 314 	 7.097498e+05
4400000 	 315 	 7.157000e+05
4400000 	 316 	 7.199845e+05
4400000 	 317 	 7.238219e+05
4400000 	 318 	 7.274574e+05
4400000 	 319 	 7.307589e+05
4400000 	 320 	 7.339145e+05
4400000 	 321 	 7.367568e+05
4400000 	 322 	 7.393908e+05
4400000 	 323 	 7.419410e+05
4400000 	 324 	 7.443268e+05
4400000 	 325 	 7.466235e+05
4400000 	 326 	 7.487409e+05
4400000 	 327 	 7.506984e+05
4400000 	 328 	 7.527733e+05
4400000 	 329 	 7.547029e+05
4400000 	 330 	 7.570442e+05
4400000 	 331 	 7.597165e+05
4400000 	 332 	 7.627706e+05
4400000 	 333 	 7.658262e+05
4400000 	 334 	 7.672785e+05
4400000 	 335 	 7.718435e+05
4400000 	 336 	 7.752760e+05
4400000 	 337 	 7.775484e+05
4400000 	 338 	 7.804670e+05
4400000 	 339 	 7.814687e+05
4400000 	 340 	 7.849765e+05
4600000 	 2.889951e+02 	 6.547828e+05
4600000 	 289 	 6.547911e+05
4600000 	 290 	 6.567535e+05
4600000 	 291 	 6.585318e+05
4600000 	 292 	 6.601255e+05
4600000 	 293 	 6.617480e+05
4600000 	 294 	 6.631933e+05
4600000 	 295 	 6.647124e+05
4600000 	 296 	 6.658828e+05
4600000 	 297 	 6.673408e+05
4600000 	 298 	 6.686822e+05
4600000 	 299 	 6.696548e+05
4600000 	 300 	 6.709524e+05
4600000 	 301 	 6.721685e+05
4600000 	 302 	 6.726649e+05
4600000 	 303 	 6.737783e+05
4600000 	 304 	 6.749620e+05
4600000 	 305 	 6.740366e+05
4600000 	 306 	 6.748099e+05
4600000 	 307 	 6.754755e+05
4600000 	 308 	 6.798746e+05
4600000 	 309 	 6.610060e+05
4600000 	 310 	 6.488063e+05
4600000 	 311 	 6.810677e+05
4600000 	 312 	 6.993992e+05
4600000 	 313 	 7.011276e+05
4600000 	 314 	 7.076971e+05
4600000 	 315 	 7.136816e+05
4600000 	 316 	 7.180051e+05
4600000 	 317 	 7.218749e+05
4600000 	 318 	 7.255445e+05
4600000 	 319 	 7.288749e+05
4600000 	 320 	 7.320535e+05
4600000 	 321 	 7.349250e+05
4600000 	 322 	 7.375955e+05
4600000 	 323 	 7.401698e+05
4600000 	 324 	 7.425811e+05
4600000 	 325 	 7.449015e+05
4600000 	 326 	 7.470440e+05
4600000 	 327 	 7.490182e+05
4600000 	 328 	 7.511175e+05
4600000 	 329 	 7.530716e+05
4600000 	 330 	 7.554362e+05
4600000 	 331 	 7.581298e+05
4600000 	 332 	 7.612015e+05
4600000 	 333 	 7.642751e+05
4600000 	 334 	 7.657510e+05
4600000 	 335 	 7.703317e+05
4600000 	 336 	 7.737787e+05
4600000 	 337 	 7.760696e+05
4600000 	 338 	 7.790078e+05
4600000 	 339 	 7.800211e+05
4600000 	 340 	 7.835442e+05
4800000 	 2.908382e+02 	 6.534969e+05
4800000 	 291 	 6.538500e+05
4800000 	 292 	 6.557452e+05
4800000 	 293 	 6.576192e+05
4800000 	 294 	 6.592875e+05
4800000 	 295 	 6.609609e+05
4800000 	 296 	 6.623264e+05
4800000 	 297 	 6.639238e+05
4800000 	 298 	 6.654081e+05
4800000 	 299 	 6.664722e+05
4800000 	 300 	 6.679011e+05
4800000 	 301 	 6.692032e+05
4800000 	 302 	 6.698035e+05
4800000 	 303 	 6.709793e+05
4800000 	 304 	 6.722647e+05
4800000 	 305 	 6.714090e+05
4800000 	 306 	 6.722329e+05
4800000 	 307 	 6.729830e+05
4800000 	 308 	 6.774375e+05
4800000 	 309 	 6.586266e+05
4800000 	 310 	 6.464794e+05
4800000 	 311 	 6.787949e+05
4800000 	 312 	 6.971711e+05
4800000 	 313 	 6.989442e+05
4800000 	 314 	 7.055584e+05
4800000 	 315 	 7.115836e+05
4800000 	 316 	 7.159486e+05
4800000 	 317 	 7.198542e+05
4800000 	 318 	 7.235565e+05
4800000 	 319 	 7.269311e+05
4800000 	 320 	 7.301330e+05
4800000 	 321 	 7.330405e+05
4800000 	 322 	 7.357416e+05
4800000 	 323 	 7.383392e+05
4800000 	 324 	 7.407795e+05
4800000 	 325 	 7.431256e+05
4800000 	 326 	 7.452980e+05
4800000 	 327 	 7.472994e+05
4800000 	 328 	 7.494246e+05
4800000 	 329 	 7.513957e+05
4800000 	 330 	 7.537868e+05
4800000 	 331 	 7.565017e+05
4800000 	 332 	 7.595975e+05
4800000 	 333 	 7.626882e+05
4800000 	 334 	 7.641795e+05
4800000 	 335 	 7.687804e+05
4800000 	 336 	 7.722451e+05
4800000 	 337 	 7.745532e+05
4800000 	 338 	 7.775124e+05
4800000 	 339 	 7.785463e+05
4800000 	 340 	 7.820824e+05
5000000 	 2.926239e+02 	 6.518959e+05
5000000 	 293 	 6.527775e+05
5000000 	 294 	 6.547513e+05
5000000 	 295 	 6.567243e+05
5000000 	 296 	 6.583095e+05
5000000 	 297 	 6.601146e+05
5000000 	 298 	 6.617677e+05
5000000 	 299 	 6.630181e+05
5000000 	 300 	 6.645494e+05
5000000 	 301 	 6.660158e+05
5000000 	 302 	 6.667036e+05
5000000 	 303 	 6.680051e+05
5000000 	 304 	 6.693728e+05
5000000 	 305 	 6.686164e+05
5000000 	 306 	 6.695270e+05
5000000 	 307 	 6.703343e+05
5000000 	 308 	 6.748780e+05
5000000 	 309 	 6.561251e+05
5000000 	 310 	 6.440242e+05
5000000 	 311 	 6.764027e+05
5000000 	 312 	 6.948362e+05
5000000 	 313 	 6.966622e+05
5000000 	 314 	 7.033266e+05
5000000 	 315 	 7.093967e+05
5000000 	 316 	 7.138083e+05
5000000 	 317 	 7.177539e+05
5000000 	 318 	 7.214932e+05
5000000 	 319 	 7.249083e+05
5000000 	 320 	 7.281490e+05
5000000 	 321 	 7.310879e+05
5000000 	 322 	 7.338226e+05
5000000 	 323 	 7.364581e+05
5000000 	 324 	 7.389261e+05
5000000 	 325 	 7.412976e+05
5000000 	 326 	 7.435080e+05
5000000 	 327 	 7.455338e+05
5000000 	 328 	 7.476814e+05
5000000 	 329 	 7.496800e+05
5000000 	 330 	 7.520908e+05
5000000 	 331 	 7.548343e+05
5000000 	 332 	 7.579458e+05
5000000 	 333 	 7.610628e+05
5000000 	 334 	 7.625750e+05
5000000 	 335 	 7.671990e+05
5000000 	 336 	 7.706808e+05
5000000 	 337 	 7.730100e+05
5000000 	 338 	 7.759829e+05
5000000 	 339 	 7.770334e+05
5000000 	 340 	 7.805927e+05
5200000 	 2.943556e+02 	 6.500637e+05
5200000 	 295 	 6.516834e+05
5200000 	 296 	 6.536453e+05
5200000 	 297 	 6.557472e+05
5200000 	 298 	 6.576714e+05
5200000 	 299 	 6.591132e+05
5200000 	 300 	 6.608587e+05
5200000 	 301 	 6.624789e+05
5200000 	 302 	 6.633150e+05
5200000 	 303 	 6.647673e+05
5200000 	 304 	 6.662334e+05
5200000 	 305 	 6.655863e+05
5200000 	 306 	 6.666158e+05
5200000 	 307 	 6.674967e+05
5200000 	 308 	 6.721348e+05
5200000 	 309 	 6.534635e+05
5200000 	 310 	 6.414303e+05
5200000 	 311 	 6.738923e+05
5200000 	 312 	 6.923658e+05
5200000 	 313 	 6.942766e+05
5200000 	 314 	 7.009740e+05
5200000 	 315 	 7.071081e+05
5200000 	 316 	 7.115727e+05
5200000 	 317 	 7.155656e+05
5200000 	 318 	 7.193528e+05
5200000 	 319 	 7.228052e+05
5200000 	 320 	 7.260850e+05
5200000 	 321 	 7.290629e+05
5200000 	 322 	 7.318346e+05
5200000 	 323 	 7.345058e+05
5200000 	 324 	 7.370082e+05
5200000 	 325 	 7.394184e+05
5200000 	 326 	 7.416516e+05
5200000 	 327 	 7.437154e+05
5200000 	 328 	 7.458867e+05
5200000 	 329 	 7.479152e+05
5200000 	 330 	 7.503487e+05
5200000 	 331 	 7.531123e+05
5200000 	 332 	 7.562519e+05
5200000 	 333 	 7.593912e+05
5200000 	 334 	 7.609268e+05
5200000 	 335 	 7.655779e+05
5200000 	 336 	 7.690848e+05
5200000 	 337 	 7.714308e+05
5200000 	 338 	 7.744228e+05
5200000 	 339 	 7.754956e+05
5200000 	 340 	 7.790697e+05
5400000 	 2.960365e+02 	 6.480436e+05
5400000 	 297 	 6.505629e+05
5400000 	 298 	 6.528709e+05
5400000 	 299 	 6.546700e+05
5400000 	 300 	 6.566664e+05
5400000 	 301 	 6.585132e+05
5400000 	 302 	 6.595656e+05
5400000 	 303 	 6.611910e+05
5400000 	 304 	 6.628181e+05
5400000 	 305 	 6.623086e+05
5400000 	 306 	 6.634491e+05
5400000 	 307 	 6.644721e+05
5400000 	 308 	 6.691818e+05
5400000 	 309 	 6.506257e+05
5400000 	 310 	 6.386911e+05
5400000 	 311 	 6.712056e+05
5400000 	 312 	 6.897898e+05
5400000 	 313 	 6.917362e+05
5400000 	 314 	 6.985265e+05
5400000 	 315 	 7.047237e+05
5400000 	 316 	 7.092471e+05
5400000 	 317 	 7.132758e+05
5400000 	 318 	 7.171166e+05
5400000 	 319 	 7.206145e+05
5400000 	 320 	 7.239401e+05
5400000 	 321 	 7.269609e+05
5400000 	 322 	 7.297812e+05
5400000 	 323 	 7.324875e+05
5400000 	 324 	 7.350278e+05
5400000 	 325 	 7.374722e+05
5400000 	 326 	 7.397432e+05
5400000 	 327 	 7.418276e+05
5400000 	 328 	 7.440343e+05
5400000 	 329 	 7.460944e+05
5400000 	 330 	 7.485578e+05
5400000 	 331 	 7.513531e+05
5400000 	 332 	 7.545123e+05
5400000 	 333 	 7.576792e+05
5400000 	 334 	 7.592432e+05
5400000 	 335 	 7.639151e+05
5400000 	 336 	 7.674473e+05
5400000 	 337 	 7.698123e+05
5400000 	 338 	 7.728291e+05
5400000 	 339 	 7.739215e+05
5400000 	 340 	 7.775169e+05
5600000 	 2.976695e+02 	 6.460033e+05
5600000 	 298 	 6.469649e+05
5600000 	 299 	 6.493456e+05
5600000 	 300 	 6.517698e+05
5600000 	 301 	 6.539830e+05
5600000 	 302 	 6.553092e+05
5600000 	 303 	 6.571902e+05
5600000 	 304 	 6.590244e+05
5600000 	 305 	 6.587039e+05
5600000 	 306 	 6.600224e+05
5600000 	 307 	 6.611684e+05
5600000 	 308 	 6.660223e+05
5600000 	 309 	 6.475678e+05
5600000 	 310 	 6.357363e+05
5600000 	 311 	 6.683762e+05
5600000 	 312 	 6.870323e+05
5600000 	 313 	 6.890680e+05
5600000 	 314 	 6.959400e+05
5600000 	 315 	 7.021816e+05
5600000 	 316 	 7.067640e+05
5600000 	 317 	 7.108782e+05
5600000 	 318 	 7.147679e+05
5600000 	 319 	 7.183276e+05
5600000 	 320 	 7.217026e+05
5600000 	 321 	 7.247882e+05
5600000 	 322 	 7.276496e+05
5600000 	 323 	 7.303918e+05
5600000 	 324 	 7.329711e+05
5600000 	 325 	 7.354546e+05
5600000 	 326 	 7.377661e+05
5600000 	 327 	 7.398858e+05
5600000 	 328 	 7.421258e+05
5600000 	 329 	 7.442239e+05
5600000 	 330 	 7.467131e+05
5600000 	 331 	 7.495454e+05
5600000 	 332 	 7.527310e+05
5600000 	 333 	 7.559187e+05
5600000 	 334 	 7.575085e+05
5600000 	 335 	 7.622142e+05
5600000 	 336 	 7.657667e+05
5600000 	 337 	 7.681530e+05
5600000 	 338 	 7.711981e+05
5600000 	 339 	 7.723159e+05
5600000 	 340 	 7.759242e+05
5800000 	 2.992571e+02 	 6.432734e+05
5800000 	 300 	 6.456809e+05
5800000 	 301 	 6.485184e+05
5800000 	 302 	 6.503177e+05
5800000 	 303 	 6.525924e+05
5800000 	 304 	 6.547259e+05
5800000 	 305 	 6.546640e+05
5800000 	 306 	 6.562046e+05
5800000 	 307 	 6.575328e+05
5800000 	 308 	 6.625518e+05
5800000 	 309 	 6.442511e+05
5800000 	 310 	 6.325759e+05
5800000 	 311 	 6.652907e+05
5800000 	 312 	 6.840653e+05
5800000 	 313 	 6.862198e+05
5800000 	 314 	 6.931763e+05
5800000 	 315 	 6.995148e+05
5800000 	 316 	 7.041790e+05
5800000 	 317 	 7.083384e+05
5800000 	 318 	 7.123257e+05
5800000 	 319 	 7.159447e+05
5800000 	 320 	 7.193607e+05
5800000 	 321 	 7.224925e+05
5800000 	 322 	 7.254189e+05
5800000 	 323 	 7.282214e+05
5800000 	 324 	 7.308268e+05
5800000 	 325 	 7.333627e+05
5800000 	 326 	 7.357077e+05
5800000 	 327 	 7.378809e+05
5800000 	 328 	 7.401591e+05
5800000 	 329 	 7.422897e+05
5800000 	 330 	 7.448123e+05
5800000 	 331 	 7.476765e+05
5800000 	 332 	 7.508932e+05
5800000 	 333 	 7.541150e+05
5800000 	 334 	 7.557343e+05
5800000 	 335 	 7.604643e+05
5800000 	 336 	 7.640458e+05
5800000 	 337 	 7.664584e+05
5800000 	 338 	 7.695267e+05
5800000 	 339 	 7.706680e+05
5800000 	 340 	 7.742977e+05
6000000 	 3.008015e+02 	 6.405734e+05
6000000 	 301 	 6.413466e+05
6000000 	 302 	 6.441086e+05
6000000 	 303 	 6.470385e+05
6000000 	 304 	 6.496740e+05
6000000 	 305 	 6.500361e+05
6000000 	 306 	 6.518562e+05
6000000 	 307 	 6.534656e+05
6000000 	 308 	 6.587118e+05
6000000 	 309 	 6.406027e+05
6000000 	 310 	 6.291043e+05
6000000 	 311 	 6.619802e+05
6000000 	 312 	 6.808936e+05
6000000 	 313 	 6.831578e+05
6000000 	 314 	 6.902315e+05
6000000 	 315 	 6.966687e+05
6000000 	 316 	 7.014187e+05
6000000 	 317 	 7.056763e+05
6000000 	 318 	 7.097228e+05
6000000 	 319 	 7.134207e+05
6000000 	 320 	 7.169005e+05
6000000 	 321 	 7.200918e+05
6000000 	 322 	 7.230707e+05
6000000 	 323 	 7.259478e+05
6000000 	 324 	 7.286245e+05
6000000 	 325 	 7.311918e+05
6000000 	 326 	 7.335891e+05
6000000 	 327 	 7.357910e+05
6000000 	 328 	 7.381214e+05
6000000 	 329 	 7.402905e+05
6000000 	 330 	 7.428331e+05
6000000 	 331 	 7.457543e+05
6000000 	 332 	 7.490017e+05
6000000 	 333 	 7.522578e+05
6000000 	 334 	 7.539035e+05
6000000 	 335 	 7.586684e+05
6000000 	 336 	 7.622763e+05
6000000 	 337 	 7.647180e+05
6000000 	 338 	 7.678123e+05
6000000 	 339 	 7.689790e+05
6000000 	 340 	 7.726354e+05
6200000 	 3.023047e+02 	 6.368478e+05
6200000 	 303 	 6.397459e+05
6200000 	 304 	 6.433892e+05
6200000 	 305 	 6.444398e+05
6200000 	 306 	 6.467874e+05
6200000 	 307 	 6.488015e+05
6200000 	 308 	 6.543850e+05
6200000 	 309 	 6.365494e+05
6200000 	 310 	 6.252601e+05
6200000 	 311 	 6.583325e+05
6200000 	 312 	 6.774312e+05
6200000 	 313 	 6.798436e+05
6200000 	 314 	 6.870576e+05
6200000 	 315 	 6.936115e+05
6200000 	 316 	 6.984765e+05
6200000 	 317 	 7.028435e+05
6200000 	 318 	 7.069765e+05
6200000 	 319 	 7.107453e+05
6200000 	 320 	 7.143165e+05
6200000 	 321 	 7.175899e+05
6200000 	 322 	 7.206337e+05
6200000 	 323 	 7.235727e+05
6200000 	 324 	 7.263036e+05
6200000 	 325 	 7.289115e+05
6200000 	 326 	 7.313802e+05
6200000 	 327 	 7.336449e+05
6200000 	 328 	 7.360052e+05
6200000 	 329 	 7.382309e+05
6200000 	 330 	 7.408217e+05
6200000 	 331 	 7.437519e+05
6200000 	 332 	 7.470340e+05
6200000 	 333 	 7.503505e+05
6200000 	 334 	 7.520230e+05
6200000 	 335 	 7.568181e+05
6200000 	 336 	 7.604578e+05
6200000 	 337 	 7.629311e+05
6200000 	 338 	 7.660550e+05
6200000 	 339 	 7.672515e+05
6200000 	 340 	 7.709310e+05
6400000 	 3.037681e+02 	 6.330729e+05
6400000 	 304 	 6.343351e+05
6400000 	 305 	 6.371392e+05
6400000 	 306 	 6.405056e+05
6400000 	 307 	 6.432158e+05
6400000 	 308 	 6.493244e+05
6400000 	 309 	 6.318797e+05
6400000 	 310 	 6.209130e+05
6400000 	 311 	 6.542849e+05
6400000 	 312 	 6.735892e+05
6400000 	 313 	 6.762106e+05
6400000 	 314 	 6.835888e+05
6400000 	 315 	 6.903106e+05
6400000 	 316 	 6.953214e+05
6400000 	 317 	 6.998028e+05
6400000 	 318 	 7.040591e+05
6400000 	 319 	 7.079352e+05
6400000 	 320 	 7.115915e+05
6400000 	 321 	 7.149404e+05
6400000 	 322 	 7.180748e+05
6400000 	 323 	 7.210673e+05
6400000 	 324 	 7.238669e+05
6400000 	 325 	 7.265657e+05
6400000 	 326 	 7.290602e+05
6400000 	 327 	 7.313709e+05
6400000 	 328 	 7.337990e+05
6400000 	 329 	 7.360608e+05
6400000 	 330 	 7.387100e+05
6400000 	 331 	 7.416942e+05
6400000 	 332 	 7.450302e+05
6400000 	 333 	 7.483562e+05
6400000 	 334 	 7.500934e+05
6400000 	 335 	 7.549283e+05
6400000 	 336 	 7.585992e+05
6400000 	 337 	 7.610847e+05
6400000 	 338 	 7.642478e+05
6400000 	 339 	 7.654779e+05
6400000 	 340 	 7.691820e+05
6600000 	 3.051933e+02 	 6.274202e+05
6600000 	 306 	 6.315779e+05
6600000 	 307 	 6.359912e+05
6600000 	 308 	 6.430922e+05
6600000 	 309 	 6.263547e+05
6600000 	 310 	 6.158759e+05
6600000 	 311 	 6.496490e+05
6600000 	 312 	 6.692783e+05
6600000 	 313 	 6.721844e+05
6600000 	 314 	 6.798072e+05
6600000 	 315 	 6.867086e+05
6600000 	 316 	 6.918788e+05
6600000 	 317 	 6.965345e+05
6600000 	 318 	 7.009118e+05
6600000 	 319 	 7.049062e+05
6600000 	 320 	 7.086864e+05
6600000 	 321 	 7.121384e+05
6600000 	 322 	 7.153652e+05
6600000 	 323 	 7.184305e+05
6600000 	 324 	 7.213173e+05
6600000 	 325 	 7.240715e+05
6600000 	 326 	 7.266639e+05
6600000 	 327 	 7.290370e+05
6600000 	 328 	 7.315207e+05
6600000 	 329 	 7.338251e+05
6600000 	 330 	 7.365430e+05
6600000 	 331 	 7.395646e+05
6600000 	 332 	 7.429581e+05
6600000 	 333 	 7.463105e+05
6600000 	 334 	 7.480970e+05
6600000 	 335 	 7.529470e+05
6600000 	 336 	 7.566587e+05
6600000 	 337 	 7.592170e+05
6600000 	 338 	 7.623796e+05
6600000 	 339 	 7.636682e+05
6600000 	 340 	 7.673898e+05
6800000 	 3.065810e+02 	 6.210285e+05
6800000 	 307 	 6.241659e+05
6800000 	 308 	 6.345184e+05
6800000 	 309 	 6.193041e+05
6800000 	 310 	 6.097859e+05
6800000 	 311 	 6.441925e+05
6800000 	 312 	 6.643154e+05
6800000 	 313 	 6.676136e+05
6800000 	 314 	 6.755736e+05
6800000 	 315 	 6.827224e+05
6800000 	 316 	 6.881324e+05
6800000 	 317 	 6.929666e+05
6800000 	 318 	 6.975229e+05
6800000 	 319 	 7.016647e+05
6800000 	 320 	 7.055848e+05
6800000 	 321 	 7.091535e+05
6800000 	 322 	 7.124788e+05
6800000 	 323 	 7.156739e+05
6800000 	 324 	 7.186273e+05
6800000 	 325 	 7.214788e+05
6800000 	 326 	 7.241375e+05
6800000 	 327 	 7.265882e+05
6800000 	 328 	 7.291392e+05
6800000 	 329 	 7.315076e+05
6800000 	 330 	 7.342782e+05
6800000 	 331 	 7.373765e+05
6800000 	 332 	 7.407794e+05
6800000 	 333 	 7.441953e+05
6800000 	 334 	 7.460113e+05
6800000 	 335 	 7.509163e+05
6800000 	 336 	 7.546758e+05
6800000 	 337 	 7.572501e+05
6800000 	 338 	 7.604867e+05
6800000 	 339 	 7.617825e+05
6800000 	 340 	 7.655400e+05
7000000 	 3.079314e+02 	 6.117212e+05
7000000 	 308 	 6.130379e+05
7000000 	 309 	 6.086711e+05
7000000 	 310 	 6.016584e+05
7000000 	 311 	 6.373839e+05
7000000 	 312 	 6.583986e+05
7000000 	 313 	 6.622883e+05
7000000 	 314 	 6.707289e+05
7000000 	 315 	 6.782480e+05
7000000 	 316 	 6.839598e+05
7000000 	 317 	 6.890485e+05
7000000 	 318 	 6.938252e+05
7000000 	 319 	 6.981641e+05
7000000 	 320 	 7.022408e+05
7000000 	 321 	 7.059557e+05
7000000 	 322 	 7.094179e+05
7000000 	 323 	 7.127045e+05
7000000 	 324 	 7.157978e+05
7000000 	 325 	 7.187335e+05
7000000 	 326 	 7.214754e+05
7000000 	 327 	 7.240262e+05
7000000 	 328 	 7.266361e+05
7000000 	 329 	 7.290840e+05
7000000 	 330 	 7.318993e+05
7000000 	 331 	 7.350561e+05
7000000 	 332 	 7.385371e+05
7000000 	 333 	 7.420236e+05
7000000 	 334 	 7.438826e+05
7000000 	 335 	 7.488224e+05
7000000 	 336 	 7.526394e+05
7000000 	 337 	 7.552680e+05
7000000 	 338 	 7.585229e+05
7000000 	 339 	 7.598671e+05
7000000 	 340 	 7.636635e+05
7200000 	 3.092430e+02 	 5.871650e+05
7200000 	 310 	 5.871449e+05
7200000 	 311 	 6.277388e+05
7200000 	 312 	 6.507280e+05
7200000 	 313 	 6.557810e+05
7200000 	 314 	 6.649915e+05
7200000 	 315 	 6.730684e+05
7200000 	 316 	 6.792241e+05
7200000 	 317 	 6.846817e+05
7200000 	 318 	 6.897424e+05
7200000 	 319 	 6.943142e+05
7200000 	 320 	 6.986097e+05
7200000 	 321 	 7.025036e+05
7200000 	 322 	 7.061367e+05
7200000 	 323 	 7.095596e+05
7200000 	 324 	 7.127652e+05
7200000 	 325 	 7.158317e+05
7200000 	 326 	 7.186900e+05
7200000 	 327 	 7.213182e+05
7200000 	 328 	 7.240123e+05
7200000 	 329 	 7.265539e+05
7200000 	 330 	 7.294304e+05
7200000 	 331 	 7.326650e+05
7200000 	 332 	 7.362138e+05
7200000 	 333 	 7.397320e+05
7200000 	 334 	 7.416434e+05
7200000 	 335 	 7.466538e+05
7200000 	 336 	 7.505119e+05
7200000 	 337 	 7.531745e+05
7200000 	 338 	 7.564817e+05
7200000 	 339 	 7.578789e+05
7200000 	 340 	 7.617230e+05
7400000 	 3.095700e+02 	 5.405634e+05
7400000 	 310 	 5.748772e+05
7400000 	 311 	 6.049895e+05
7400000 	 312 	 6.391146e+05
7400000 	 313 	 6.470803e+05
7400000 	 314 	 6.578252e+05
7400000 	 315 	 6.668756e+05
7400000 	 316 	 6.737127e+05
7400000 	 317 	 6.796844e+05
7400000 	 318 	 6.851353e+05
7400000 	 319 	 6.900568e+05
7400000 	 320 	 6.946162e+05
7400000 	 321 	 6.987419e+05
7400000 	 322 	 7.025798e+05
7400000 	 323 	 7.061767e+05
7400000 	 324 	 7.095405e+05
7400000 	 325 	 7.127381e+05
7400000 	 326 	 7.157019e+05
7400000 	 327 	 7.184548e+05
7400000 	 328 	 7.212606e+05
7400000 	 329 	 7.238744e+05
7400000 	 330 	 7.268548e+05
7400000 	 331 	 7.301540e+05
7400000 	 332 	 7.337620e+05
7400000 	 333 	 7.373766e+05
7400000 	 334 	 7.393526e+05
7400000 	 335 	 7.444216e+05
7400000 	 336 	 7.483320e+05
7400000 	 337 	 7.510380e+05
7400000 	 338 	 7.544098e+05
7400000 	 339 	 7.558144e+05
7400000 	 340 	 7.597127e+05
7600000 	 3.095700e+02 	 5.293702e+05
7600000 	 310 	 5.620008e+05
7600000 	 311 	 5.810768e+05
7600000 	 312 	 6.108609e+05
7600000 	 313 	 6.328949e+05
7600000 	 314 	 6.479362e+05
7600000 	 315 	 6.590144e+05
7600000 	 316 	 6.670395e+05
7600000 	 317 	 6.738285e+05
7600000 	 318 	 6.798711e+05
7600000 	 319 	 6.852601e+05
7600000 	 320 	 6.901837e+05
7600000 	 321 	 6.946114e+05
7600000 	 322 	 6.987030e+05
7600000 	 323 	 7.025201e+05
7600000 	 324 	 7.060696e+05
7600000 	 325 	 7.094299e+05
7600000 	 326 	 7.125447e+05
7600000 	 327 	 7.154187e+05
7600000 	 328 	 7.183420e+05
7600000 	 329 	 7.210772e+05
7600000 	 330 	 7.241408e+05
7600000 	 331 	 7.275303e+05
7600000 	 332 	 7.312373e+05
7600000 	 333 	 7.348960e+05
7600000 	 334 	 7.369506e+05
7600000 	 335 	 7.420895e+05
7600000 	 336 	 7.460618e+05
7600000 	 337 	 7.488210e+05
7600000 	 338 	 7.522424e+05
7600000 	 339 	 7.537143e+05
7600000 	 340 	 7.576507e+05
7800000 	 3.095700e+02 	 5.231617e+05
7800000 	 310 	 5.580556e+05
7800000 	 311 	 5.703794e+05
7800000 	 312 	 5.789257e+05
7800000 	 313 	 6.094005e+05
7800000 	 314 	 6.318911e+05
7800000 	 315 	 6.479588e+05
7800000 	 316 	 6.584958e+05
7800000 	 317 	 6.666814e+05
7800000 	 318 	 6.736726e+05
7800000 	 319 	 6.797458e+05
7800000 	 320 	 6.851623e+05
7800000 	 321 	 6.900084e+05
7800000 	 322 	 6.944318e+05
7800000 	 323 	 6.985119e+05
7800000 	 324 	 7.023137e+05
7800000 	 325 	 7.058814e+05
7800000 	 326 	 7.091597e+05
7800000 	 327 	 7.122032e+05
7800000 	 328 	 7.152451e+05
7800000 	 329 	 7.181115e+05
7800000 	 330 	 7.212841e+05
7800000 	 331 	 7.247860e+05
7800000 	 332 	 7.285726e+05
7800000 	 333 	 7.323335e+05
7800000 	 334 	 7.344635e+05
7800000 	 335 	 7.396650e+05
7800000 	 336 	 7.436905e+05
7800000 	 337 	 7.465371e+05
7800000 	 338 	 7.499954e+05
7800000 	 339 	 7.515431e+05
7800000 	 340 	 7.555264e+05
8000000 	 3.095700e+02 	 5.174621e+05
8000000 	 310 	 5.548892e+05
8000000 	 311 	 5.660951e+05
8000000 	 312 	 5.704929e+05
8000000 	 313 	 5.863442e+05
8000000 	 314 	 6.107801e+05
8000000 	 315 	 6.315519e+05
8000000 	 316 	 6.465700e+05
8000000 	 317 	 6.575178e+05
8000000 	 318 	 6.660760e+05
8000000 	 319 	 6.732083e+05
8000000 	 320 	 6.793857e+05
8000000 	 321 	 6.847940e+05
8000000 	 322 	 6.896726e+05
8000000 	 323 	 6.941188e+05
8000000 	 324 	 6.982035e+05
8000000 	 325 	 7.020319e+05
8000000 	 326 	 7.055235e+05
8000000 	 327 	 7.087486e+05
8000000 	 328 	 7.119693e+05
8000000 	 329 	 7.149748e+05
8000000 	 330 	 7.182690e+05
8000000 	 331 	 7.218936e+05
8000000 	 332 	 7.257830e+05
8000000 	 333 	 7.296284e+05
8000000 	 334 	 7.318500e+05
8000000 	 335 	 7.371314e+05
8000000 	 336 	 7.412447e+05
8000000 	 337 	 7.441490e+05
8000000 	 338 	 7.476806e+05
8000000 	 339 	 7.492920e+05
8000000 	 340 	 7.533303e+05
8200000 	 3.095700e+02 	 5.122390e+05
8200000 	 310 	 5.523512e+05
8200000 	 311 	 5.628117e+05
8200000 	 312 	 5.659369e+05
8200000 	 313 	 5.783774e+05
8200000 	 314 	 5.943812e+05
8200000 	 315 	 6.131402e+05
8200000 	 316 	 6.310789e+05
8200000 	 317 	 6.453786e+05
8200000 	 318 	 6.564881e+05
8200000 	 319 	 6.652693e+05
8200000 	 320 	 6.725739e+05
8200000 	 321 	 6.787996e+05
8200000 	 322 	 6.842860e+05
8200000 	 323 	 6.892088e+05
8200000 	 324 	 6.936897e+05
8200000 	 325 	 6.978263e+05
8200000 	 326 	 7.015849e+05
8200000 	 327 	 7.050271e+05
8200000 	 328 	 7.084408e+05
8200000 	 329 	 7.116234e+05
8200000 	 330 	 7.150820e+05
8200000 	 331 	 7.188246e+05
8200000 	 332 	 7.228449e+05
8200000 	 333 	 7.267981e+05
8200000 	 334 	 7.291323e+05
8200000 	 335 	 7.345100e+05
8200000 	 336 	 7.386913e+05
8200000 	 337 	 7.416874e+05
8200000 	 338 	 7.452842e+05
8200000 	 339 	 7.469489e+05
8200000 	 340 	 7.510548e+05
8400000 	 3.095700e+02 	 5.073951e+05
8400000 	 310 	 5.502197e+05
8400000 	 311 	 5.601903e+05
8400000 	 312 	 5.625475e+05
8400000 	 313 	 5.736980e+05
8400000 	 314 	 5.869005e+05
8400000 	 315 	 6.004732e+05
8400000 	 316 	 6.157959e+05
8400000 	 317 	 6.311997e+05
8400000 	 318 	 6.445871e+05
8400000 	 319 	 6.555435e+05
8400000 	 320 	 6.644359e+05
8400000 	 321 	 6.718045e+05
8400000 	 322 	 6.781299e+05
8400000 	 323 	 6.836823e+05
8400000 	 324 	 6.886615e+05
8400000 	 325 	 6.931982e+05
8400000 	 326 	 6.973134e+05
8400000 	 327 	 7.010143e+05
8400000 	 328 	 7.046705e+05
8400000 	 329 	 7.080569e+05
8400000 	 330 	 7.116936e+05
8400000 	 331 	 7.155950e+05
8400000 	 332 	 7.197593e+05
8400000 	 333 	 7.238339e+05
8400000 	 334 	 7.262701e+05
8400000 	 335 	 7.317473e+05
8400000 	 336 	 7.360499e+05
8400000 	 337 	 7.391176e+05
8400000 	 338 	 7.427929e+05
8400000 	 339 	 7.445246e+05
8400000 	 340 	 7.487080e+05
8600000 	 3.095700e+02 	 5.028907e+05
8600000 	 310 	 5.483700e+05
8600000 	 311 	 5.579957e+05
8600000 	 312 	 5.598612e+05
8600000 	 313 	 5.702396e+05
8600000 	 314 	 5.821777e+05
8600000 	 315 	 5.934885e+05
8600000 	 316 	 6.054119e+05
8600000 	 317 	 6.186156e+05
8600000 	 318 	 6.320274e+05
8600000 	 319 	 6.443392e+05
8600000 	 320 	 6.548359e+05
8600000 	 321 	 6.636012e+05
8600000 	 322 	 6.710269e+05
8600000 	 323 	 6.774163e+05
8600000 	 324 	 6.830332e+05
8600000 	 325 	 6.880710e+05
8600000 	 326 	 6.926163e+05
8600000 	 327 	 6.966508e+05
8600000 	 328 	 7.006058e+05
8600000 	 329 	 7.042245e+05
8600000 	 330 	 7.080769e+05
8600000 	 331 	 7.121665e+05
8600000 	 332 	 7.164835e+05
8600000 	 333 	 7.207099e+05
8600000 	 334 	 7.232750e+05
8600000 	 335 	 7.288745e+05
8600000 	 336 	 7.332671e+05
8600000 	 337 	 7.364244e+05
8600000 	 338 	 7.402119e+05
8600000 	 339 	 7.420263e+05
8600000 	 340 	 7.462619e+05
8800000 	 3.095700e+02 	 4.987141e+05
8800000 	 310 	 5.467262e+05
8800000 	 311 	 5.560897e+05
8800000 	 312 	 5.575851e+05
8800000 	 313 	 5.674732e+05
8800000 	 314 	 5.786737e+05
8800000 	 315 	 5.888236e+05
8800000 	 316 	 5.988494e+05
8800000 	 317 	 6.097187e+05
8800000 	 318 	 6.213803e+05
8800000 	 319 	 6.332874e+05
8800000 	 320 	 6.444945e+05
8800000 	 321 	 6.544492e+05
8800000 	 322 	 6.629793e+05
8800000 	 323 	 6.703381e+05
8800000 	 324 	 6.767261e+05
8800000 	 325 	 6.824009e+05
8800000 	 326 	 6.874512e+05
8800000 	 327 	 6.919097e+05
8800000 	 328 	 6.962096e+05
8800000 	 329 	 7.001074e+05
8800000 	 330 	 7.042089e+05
8800000 	 331 	 7.085195e+05
8800000 	 332 	 7.130150e+05
8800000 	 333 	 7.174135e+05
8800000 	 334 	 7.201244e+05
8800000 	 335 	 7.258574e+05
8800000 	 336 	 7.303618e+05
8800000 	 337 	 7.336297e+05
8800000 	 338 	 7.375116e+05
8800000 	 339 	 7.394246e+05
8800000 	 340 	 7.437438e+05
9000000 	 3.095700e+02 	 4.948503e+05
9000000 	 310 	 5.452374e+05
9000000 	 311 	 5.543987e+05
9000000 	 312 	 5.556287e+05
9000000 	 313 	 5.651646e+05
9000000 	 314 	 5.758658e+05
9000000 	 315 	 5.853037e+05
9000000 	 316 	 5.942858e+05
9000000 	 317 	 6.036544e+05
9000000 	 318 	 6.135744e+05
9000000 	 319 	 6.241283e+05
9000000 	 320 	 6.347798e+05
9000000 	 321 	 6.450295e+05
9000000 	 322 	 6.543211e+05
9000000 	 323 	 6.625548e+05
9000000 	 324 	 6.697716e+05
9000000 	 325 	 6.761550e+05
9000000 	 326 	 6.817857e+05
9000000 	 327 	 6.867410e+05
9000000 	 328 	 6.914327e+05
9000000 	 329 	 6.956759e+05
9000000 	 330 	 7.000819e+05
9000000 	 331 	 7.046304e+05
9000000 	 332 	 7.093510e+05
9000000 	 333 	 7.139217e+05
9000000 	 334 	 7.168098e+05
9000000 	 335 	 7.226902e+05
9000000 	 336 	 7.273327e+05
9000000 	 337 	 7.307168e+05
9000000 	 338 	 7.347125e+05
9000000 	 339 	 7.367079e+05
9000000 	 340 	 7.411255e+05
9200000 	 3.095700e+02 	 4.912874e+05
9200000 	 310 	 5.438769e+05
9200000 	 311 	 5.528725e+05
9200000 	 312 	 5.538935e+05
9200000 	 313 	 5.631593e+05
9200000 	 314 	 5.735051e+05
9200000 	 315 	 5.824590e+05
9200000 	 316 	 5.907775e+05
9200000 	 317 	 5.992201e+05
9200000 	 318 	 6.079368e+05
9200000 	 319 	 6.171637e+05
9200000 	 320 	 6.267985e+05
9200000 	 321 	 6.364348e+05
9200000 	 322 	 6.458253e+05
9200000 	 323 	 6.545063e+05
9200000 	 324 	 6.623657e+05
9200000 	 325 	 6.694073e+05
9200000 	 326 	 6.756593e+05
9200000 	 327 	 6.811603e+05
9200000 	 328 	 6.862912e+05
9200000 	 329 	 6.909316e+05
9200000 	 330 	 6.956578e+05
9200000 	 331 	 7.004919e+05
9200000 	 332 	 7.054523e+05
9200000 	 333 	 7.102498e+05
9200000 	 334 	 7.133114e+05
9200000 	 335 	 7.193566e+05
9200000 	 336 	 7.241483e+05
9200000 	 337 	 7.276723e+05
9200000 	 338 	 7.317874e+05
9200000 	 339 	 7.338971e+05
9200000 	 340 	 7.384154e+05
9400000 	 3.095700e+02 	 4.880274e+05
9400000 	 310 	 5.426124e+05
9400000 	 311 	 5.514718e+05
9400000 	 312 	 5.523267e+05
9400000 	 313 	 5.613876e+05
9400000 	 314 	 5.714668e+05
9400000 	 315 	 5.800690e+05
9400000 	 316 	 5.879251e+05
9400000 	 317 	 5.957466e+05
9400000 	 318 	 6.036564e+05
9400000 	 319 	 6.118874e+05
9400000 	 320 	 6.204820e+05
9400000 	 321 	 6.292971e+05
9400000 	 322 	 6.381992e+05
9400000 	 323 	 6.468059e+05
9400000 	 324 	 6.549274e+05
9400000 	 325 	 6.624115e+05
9400000 	 326 	 6.691928e+05
9400000 	 327 	 6.752077e+05
9400000 	 328 	 6.808065e+05
9400000 	 329 	 6.858645e+05
9400000 	 330 	 6.909527e+05
9400000 	 331 	 6.960953e+05
9400000 	 332 	 7.013274e+05
9400000 	 333 	 7.063686e+05
9400000 	 334 	 7.096392e+05
9400000 	 335 	 7.158690e+05
9400000 	 336 	 7.208250e+05
9400000 	 337 	 7.244974e+05
9400000 	 338 	 7.287397e+05
9400000 	 339 	 7.309827e+05
9400000 	 340 	 7.356027e+05
9600000 	 3.095700e+02 	 4.850575e+05
9600000 	 310 	 5.414364e+05
9600000 	 311 	 5.501821e+05
9600000 	 312 	 5.508997e+05
9600000 	 313 	 5.597884e+05
9600000 	 314 	 5.696552e+05
9600000 	 315 	 5.779941e+05
9600000 	 316 	 5.855098e+05
9600000 	 317 	 5.928920e+05
9600000 	 318 	 6.002370e+05
9600000 	 319 	 6.077664e+05
9600000 	 320 	 6.155431e+05
9600000 	 321 	 6.235426e+05
9600000 	 322 	 6.317405e+05
9600000 	 323 	 6.399530e+05
9600000 	 324 	 6.479387e+05
9600000 	 325 	 6.555404e+05
9600000 	 326 	 6.626356e+05
9600000 	 327 	 6.690493e+05
9600000 	 328 	 6.750776e+05
9600000 	 329 	 6.805277e+05
9600000 	 330 	 6.859832e+05
9600000 	 331 	 6.914614e+05
9600000 	 332 	 6.969904e+05
9600000 	 333 	 7.022768e+05
9600000 	 334 	 7.057874e+05
9600000 	 335 	 7.122186e+05
9600000 	 336 	 7.173534e+05
9600000 	 337 	 7.211866e+05
9600000 	 338 	 7.255754e+05
9600000 	 339 	 7.279440e+05
9600000 	 340 	 7.326830e+05
9800000 	 3.095700e+02 	 4.823744e+05
9800000 	 310 	 5.403376e+05
9800000 	 311 	 5.489805e+05
9800000 	 312 	 5.495813e+05
9800000 	 313 	 5.583267e+05
9800000 	 314 	 5.680242e+05
9800000 	 315 	 5.761541e+05
9800000 	 316 	 5.834035e+05
9800000 	 317 	 5.904611e+05
9800000 	 318 	 5.973966e+05
9800000 	 319 	 6.044125e+05
9800000 	 320 	 6.115770e+05
9800000 	 321 	 6.188938e+05
9800000 	 322 	 6.264353e+05
9800000 	 323 	 6.340698e+05
9800000 	 324 	 6.417143e+05
9800000 	 325 	 6.491586e+05
9800000 	 326 	 6.563099e+05
9800000 	 327 	 6.629221e+05
9800000 	 328 	 6.692515e+05
9800000 	 329 	 6.750288e+05
9800000 	 330 	 6.808231e+05
9800000 	 331 	 6.866173e+05
9800000 	 332 	 6.924481e+05
9800000 	 333 	 6.980096e+05
9800000 	 334 	 7.017528e+05
9800000 	 335 	 7.083985e+05
9800000 	 336 	 7.137342e+05
9800000 	 337 	 7.177381e+05
9800000 	 338 	 7.222804e+05
9800000 	 339 	 7.247915e+05
9800000 	 340 	 7.296656e+05
10000000 	 3.095700e+02 	 4.799644e+05
10000000 	 310 	 5.392975e+05
10000000 	 311 	 5.478546e+05
10000000 	 312 	 5.483556e+05
10000000 	 313 	 5.569794e+05
10000000 	 314 	 5.665347e+05
10000000 	 315 	 5.744945e+05
10000000 	 316 	 5.815349e+05
10000000 	 317 	 5.883406e+05
10000000 	 318 	 5.949649e+05
10000000 	 319 	 6.015953e+05
10000000 	 320 	 6.082915e+05
10000000 	 321 	 6.150828e+05
10000000 	 322 	 6.220597e+05
10000000 	 323 	 6.291441e+05
10000000 	 324 	 6.363131e+05
10000000 	 325 	 6.434618e+05
10000000 	 326 	 6.504594e+05
10000000 	 327 	 6.570766e+05
10000000 	 328 	 6.635304e+05
10000000 	 329 	 6.695178e+05
10000000 	 330 	 6.755829e+05
10000000 	 331 	 6.816513e+05
10000000 	 332 	 6.877568e+05
10000000 	 333 	 6.935829e+05
10000000 	 334 	 6.975750e+05
10000000 	 335 	 7.044363e+05
10000000 	 336 	 7.099770e+05
10000000 	 337 	 7.141674e+05
10000000 	 338 	 7.188694e+05
10000000 	 339 	 7.215372e+05
10000000 	 340 	 7.265492e+05
