Table: Thermal pressure coefficient [G] - partial dP/dT at constant volume
Temperature {K} 	Pressure {kPa} 	Thermal pressure coefficient {kPa/K} 	Uncertainty {kPa/K} 
197	200	1.134	0.025
198	200	1.125	0.023
199	200	1.116	0.022
200	200	1.107	0.021
201	200	1.098	0.020
202	200	1.090	0.019
203	200	1.082	0.018
204	200	1.074	0.017
205	200	1.066	0.016
206	200	1.059	0.016
207	200	1.052	0.015
208	200	1.045	0.014
209	200	1.038	0.014
210	200	1.031	0.013
211	200	1.024	0.012
212	200	1.018	0.012
212	400	2.244	0.057
213	200	1.011	0.011
213	400	2.223	0.054
214	200	1.005	0.011
214	400	2.203	0.052
215	200	0.999	0.010
215	400	2.184	0.049
216	200	0.993	0.010
216	400	2.165	0.046
217	200	0.9867	0.0096
217	400	2.147	0.044
218	200	0.9808	0.0092
218	400	2.129	0.042
219	200	0.9751	0.0088
219	400	2.112	0.040
220	200	0.9695	0.0085
220	400	2.096	0.038
221	200	0.9639	0.0081
221	400	2.080	0.036
222	200	0.9585	0.0078
222	400	2.064	0.035
222	600	3.380	0.094
223	200	0.9531	0.0075
223	400	2.049	0.033
223	600	3.346	0.088
224	200	0.9478	0.0072
224	400	2.034	0.031
224	600	3.314	0.084
225	200	0.9426	0.0069
225	400	2.019	0.030
225	600	3.282	0.079
226	200	0.9375	0.0066
226	400	2.005	0.029
226	600	3.252	0.075
227	200	0.9324	0.0063
227	400	1.991	0.028
227	600	3.223	0.071
228	200	0.9275	0.0061
228	400	1.978	0.026
228	600	3.195	0.068
229	200	0.9226	0.0059
229	400	1.965	0.025
229	600	3.167	0.065
229	800	4.59	0.14
230	200	0.9177	0.0056
230	400	1.952	0.024
230	600	3.141	0.061
230	800	4.54	0.13
231	200	0.9130	0.0054
231	400	1.939	0.023
231	600	3.115	0.059
231	800	4.49	0.12
232	200	0.9083	0.0052
232	400	1.927	0.022
232	600	3.090	0.056
232	800	4.44	0.12
233	200	0.9036	0.0050
233	400	1.915	0.021
233	600	3.065	0.053
233	800	4.40	0.11
234	200	0.8990	0.0048
234	400	1.903	0.020
234	600	3.042	0.051
234	800	4.36	0.10
235	200	0.8945	0.0046
235	400	1.891	0.020
235	600	3.019	0.049
235	800	4.316	0.099
235	1000	5.84	0.18
236	200	0.8900	0.0045
236	400	1.880	0.019
236	600	2.996	0.046
236	800	4.276	0.094
236	1000	5.77	0.17
237	200	0.8856	0.0043
237	400	1.869	0.018
237	600	2.974	0.044
237	800	4.237	0.089
237	1000	5.70	0.16
238	200	0.8813	0.0041
238	400	1.858	0.017
238	600	2.953	0.042
238	800	4.200	0.085
238	1000	5.64	0.15
239	200	0.8770	0.0040
239	400	1.847	0.017
239	600	2.932	0.041
239	800	4.164	0.081
239	1000	5.58	0.15
240	200	0.8727	0.0038
240	400	1.836	0.016
240	600	2.912	0.039
240	800	4.128	0.077
240	1000	5.52	0.14
241	200	0.8685	0.0037
241	400	1.826	0.015
241	600	2.892	0.037
241	800	4.094	0.074
241	1000	5.47	0.13
241	1200	7.06	0.22
242	200	0.8644	0.0035
242	400	1.815	0.015
242	600	2.873	0.036
242	800	4.061	0.070
242	1000	5.42	0.12
242	1200	6.98	0.21
243	200	0.8603	0.0034
243	400	1.805	0.014
243	600	2.854	0.034
243	800	4.029	0.067
243	1000	5.36	0.12
243	1200	6.90	0.20
244	200	0.8562	0.0033
244	400	1.795	0.014
244	600	2.835	0.033
244	800	3.998	0.064
244	1000	5.31	0.11
244	1200	6.82	0.19
245	200	0.8522	0.0032
245	400	1.785	0.013
245	600	2.817	0.032
245	800	3.967	0.061
245	1000	5.26	0.11
245	1200	6.75	0.18
246	200	0.8482	0.0031
246	400	1.776	0.013
246	600	2.799	0.030
246	800	3.937	0.059
246	1000	5.22	0.10
246	1200	6.68	0.17
246	1400	8.36	0.27
247	200	0.8443	0.0029
247	400	1.766	0.012
247	600	2.781	0.029
247	800	3.908	0.056
247	1000	5.172	0.097
247	1200	6.61	0.16
247	1400	8.25	0.25
248	200	0.8404	0.0028
248	400	1.757	0.012
248	600	2.764	0.028
248	800	3.880	0.054
248	1000	5.128	0.093
248	1200	6.54	0.15
248	1400	8.15	0.24
249	200	0.8366	0.0027
249	400	1.748	0.011
249	600	2.747	0.027
249	800	3.852	0.052
249	1000	5.085	0.088
249	1200	6.47	0.14
249	1400	8.06	0.22
250	200	0.8328	0.0026
250	400	1.739	0.011
250	600	2.731	0.026
250	800	3.825	0.049
250	1000	5.043	0.084
250	1200	6.41	0.14
250	1400	7.97	0.21
250	1600	9.76	0.32
251	200	0.8290	0.0025
251	400	1.730	0.011
251	600	2.714	0.025
251	800	3.799	0.047
251	1000	5.003	0.081
251	1200	6.35	0.13
251	1400	7.88	0.20
251	1600	9.63	0.30
252	200	0.8253	0.0024
252	400	1.721	0.010
252	600	2.698	0.024
252	800	3.773	0.046
252	1000	4.963	0.077
252	1200	6.29	0.12
252	1400	7.79	0.19
252	1600	9.51	0.28
253	200	0.8216	0.0024
253	400	1.7120	0.0098
253	600	2.683	0.023
253	800	3.748	0.044
253	1000	4.925	0.074
253	1200	6.24	0.12
253	1400	7.71	0.18
253	1600	9.39	0.27
254	200	0.8180	0.0023
254	400	1.7034	0.0094
254	600	2.667	0.022
254	800	3.723	0.042
254	1000	4.887	0.071
254	1200	6.18	0.11
254	1400	7.63	0.17
254	1600	9.28	0.25
254	1800	11.17	0.37
255	200	0.8144	0.0022
255	400	1.6949	0.0091
255	600	2.652	0.021
255	800	3.699	0.040
255	1000	4.851	0.068
255	1200	6.13	0.11
255	1400	7.56	0.16
255	1600	9.17	0.24
255	1800	11.02	0.35
256	200	0.8108	0.0021
256	400	1.6865	0.0088
256	600	2.637	0.021
256	800	3.675	0.039
256	1000	4.815	0.065
256	1200	6.08	0.10
256	1400	7.48	0.15
256	1600	9.07	0.23
256	1800	10.87	0.33
257	200	0.8073	0.0020
257	400	1.6783	0.0085
257	600	2.623	0.020
257	800	3.652	0.037
257	1000	4.780	0.062
257	1200	6.026	0.098
257	1400	7.41	0.15
257	1600	8.97	0.21
257	1800	10.73	0.31
257	2000	12.76	0.44
258	200	0.8038	0.0020
258	400	1.6701	0.0082
258	600	2.608	0.019
258	800	3.629	0.036
258	1000	4.746	0.060
258	1200	5.977	0.093
258	1400	7.34	0.14
258	1600	8.87	0.20
258	1800	10.60	0.29
258	2000	12.58	0.41
259	200	0.8003	0.0019
259	400	1.6620	0.0079
259	600	2.594	0.018
259	800	3.606	0.035
259	1000	4.713	0.058
259	1200	5.929	0.089
259	1400	7.27	0.13
259	1600	8.78	0.19
259	1800	10.47	0.27
259	2000	12.40	0.39
260	200	0.7969	0.0018
260	400	1.6540	0.0076
260	600	2.580	0.018
260	800	3.585	0.033
260	1000	4.680	0.055
260	1200	5.882	0.086
260	1400	7.21	0.13
260	1600	8.69	0.18
260	1800	10.34	0.26
260	2000	12.23	0.37
261	200	0.7935	0.0018
261	400	1.6462	0.0073
261	600	2.566	0.017
261	800	3.563	0.032
261	1000	4.648	0.053
261	1200	5.837	0.082
261	1400	7.15	0.12
261	1600	8.60	0.17
261	1800	10.23	0.25
261	2000	12.07	0.34
261	2200	14.18	0.48
262	200	0.7901	0.0017
262	400	1.6384	0.0071
262	600	2.552	0.017
262	800	3.542	0.031
262	1000	4.617	0.051
262	1200	5.793	0.079
262	1400	7.08	0.12
262	1600	8.52	0.17
262	1800	10.11	0.23
262	2000	11.91	0.32
262	2200	13.96	0.45
263	200	0.7868	0.0017
263	400	1.6307	0.0068
263	600	2.539	0.016
263	800	3.521	0.030
263	1000	4.587	0.049
263	1200	5.749	0.076
263	1400	7.03	0.11
263	1600	8.43	0.16
263	1800	10.00	0.22
263	2000	11.76	0.31
263	2200	13.76	0.42
264	200	0.7835	0.0016
264	400	1.6231	0.0066
264	600	2.526	0.015
264	800	3.500	0.029
264	1000	4.557	0.047
264	1200	5.707	0.072
264	1400	6.97	0.11
264	1600	8.35	0.15
264	1800	9.90	0.21
264	2000	11.62	0.29
264	2200	13.57	0.40
264	2400	15.81	0.54
265	200	0.7802	0.0015
265	400	1.6156	0.0064
265	600	2.513	0.015
265	800	3.480	0.028
265	1000	4.527	0.046
265	1200	5.666	0.070
265	1400	6.91	0.10
265	1600	8.28	0.14
265	1800	9.79	0.20
265	2000	11.48	0.27
265	2200	13.39	0.37
265	2400	15.56	0.51
266	200	0.7770	0.0015
266	400	1.6081	0.0062
266	600	2.500	0.014
266	800	3.460	0.027
266	1000	4.499	0.044
266	1200	5.626	0.067
266	1400	6.855	0.097
266	1600	8.20	0.14
266	1800	9.69	0.19
266	2000	11.35	0.26
266	2200	13.21	0.35
266	2400	15.33	0.47
267	200	0.7738	0.0014
267	400	1.6008	0.0059
267	600	2.487	0.014
267	800	3.441	0.026
267	1000	4.470	0.042
267	1200	5.586	0.064
267	1400	6.802	0.093
267	1600	8.13	0.13
267	1800	9.60	0.18
267	2000	11.22	0.25
267	2200	13.04	0.33
267	2400	15.10	0.45
267	2600	17.46	0.60
268	200	0.7706	0.0014
268	400	1.5935	0.0057
268	600	2.475	0.013
268	800	3.422	0.025
268	1000	4.443	0.041
268	1200	5.548	0.062
268	1400	6.749	0.090
268	1600	8.06	0.13
268	1800	9.50	0.17
268	2000	11.10	0.23
268	2200	12.88	0.31
268	2400	14.89	0.42
268	2600	17.18	0.56
269	200	0.7675	0.0013
269	400	1.5864	0.0056
269	600	2.463	0.013
269	800	3.403	0.024
269	1000	4.416	0.039
269	1200	5.510	0.060
269	1400	6.698	0.086
269	1600	7.99	0.12
269	1800	9.41	0.16
269	2000	10.98	0.22
269	2200	12.73	0.30
269	2400	14.68	0.39
269	2600	16.91	0.52
269	2800	19.47	0.70
270	200	0.7643	0.0013
270	400	1.5793	0.0054
270	600	2.450	0.013
270	800	3.384	0.023
270	1000	4.389	0.038
270	1200	5.473	0.057
270	1400	6.648	0.083
270	1600	7.93	0.12
270	1800	9.33	0.16
270	2000	10.87	0.21
270	2200	12.58	0.28
270	2400	14.49	0.37
270	2600	16.65	0.49
270	2800	19.13	0.65
271	200	0.7613	0.0013
271	400	1.5722	0.0052
271	600	2.438	0.012
271	800	3.366	0.022
271	1000	4.363	0.037
271	1200	5.437	0.055
271	1400	6.599	0.080
271	1600	7.86	0.11
271	1800	9.24	0.15
271	2000	10.76	0.20
271	2200	12.43	0.27
271	2400	14.30	0.35
271	2600	16.41	0.46
271	2800	18.81	0.61
272	200	0.7582	0.0012
272	400	1.5653	0.0050
272	600	2.427	0.012
272	800	3.348	0.022
272	1000	4.337	0.035
272	1200	5.402	0.053
272	1400	6.552	0.077
272	1600	7.80	0.11
272	1800	9.16	0.14
272	2000	10.65	0.19
272	2200	12.29	0.25
272	2400	14.12	0.33
272	2600	16.17	0.43
272	2800	18.50	0.57
272	3000	21.19	0.75
273	200	0.7551	0.0012
273	400	1.5584	0.0049
273	600	2.415	0.011
273	800	3.330	0.021
273	1000	4.312	0.034
273	1200	5.367	0.051
273	1400	6.505	0.074
273	1600	7.74	0.10
273	1800	9.08	0.14
273	2000	10.55	0.18
273	2200	12.16	0.24
273	2400	13.95	0.31
273	2600	15.95	0.41
273	2800	18.21	0.53
273	3000	20.80	0.70
274	200	0.7521	0.0011
274	400	1.5516	0.0047
274	600	2.403	0.011
274	800	3.313	0.020
274	1000	4.287	0.033
274	1200	5.333	0.050
274	1400	6.459	0.071
274	1600	7.678	0.098
274	1800	9.00	0.13
274	2000	10.45	0.18
274	2200	12.03	0.23
274	2400	13.78	0.30
274	2600	15.74	0.39
274	2800	17.93	0.50
274	3000	20.44	0.65
275	200	0.7492	0.0011
275	400	1.5449	0.0046
275	600	2.392	0.011
275	800	3.296	0.020
275	1000	4.262	0.032
275	1200	5.299	0.048
275	1400	6.415	0.068
275	1600	7.620	0.094
275	1800	8.93	0.13
275	2000	10.35	0.17
275	2200	11.91	0.22
275	2400	13.62	0.28
275	2600	15.53	0.37
275	2800	17.67	0.47
275	3000	20.10	0.61
275	3200	22.89	0.79
276	200	0.7462	0.0011
276	400	1.5382	0.0044
276	600	2.381	0.010
276	800	3.279	0.019
276	1000	4.238	0.031
276	1200	5.266	0.046
276	1400	6.371	0.066
276	1600	7.563	0.091
276	1800	8.85	0.12
276	2000	10.25	0.16
276	2200	11.79	0.21
276	2400	13.47	0.27
276	2600	15.34	0.35
276	2800	17.42	0.44
276	3000	19.77	0.57
276	3200	22.47	0.74
277	200	0.7433	0.0010
277	400	1.5316	0.0043
277	600	2.3695	0.0099
277	800	3.262	0.018
277	1000	4.214	0.030
277	1200	5.234	0.045
277	1400	6.328	0.064
277	1600	7.507	0.087
277	1800	8.78	0.12
277	2000	10.16	0.15
277	2200	11.67	0.20
277	2400	13.32	0.26
277	2600	15.15	0.33
277	2800	17.18	0.42
277	3000	19.46	0.53
277	3200	22.06	0.69
277	3400	25.08	0.89
278	200	0.7404	0.0010
278	400	1.5251	0.0041
278	600	2.3585	0.0096
278	800	3.245	0.018
278	1000	4.191	0.029
278	1200	5.202	0.043
278	1400	6.286	0.061
278	1600	7.452	0.084
278	1800	8.71	0.11
278	2000	10.07	0.15
278	2200	11.56	0.19
278	2400	13.18	0.24
278	2600	14.97	0.31
278	2800	16.95	0.40
278	3000	19.17	0.50
278	3200	21.68	0.64
278	3400	24.58	0.82
279	200	0.73747	0.00098
279	400	1.5187	0.0040
279	600	2.3476	0.0093
279	800	3.229	0.017
279	1000	4.168	0.028
279	1200	5.171	0.042
279	1400	6.245	0.059
279	1600	7.399	0.081
279	1800	8.64	0.11
279	2000	9.99	0.14
279	2200	11.45	0.18
279	2400	13.04	0.23
279	2600	14.79	0.30
279	2800	16.73	0.37
279	3000	18.89	0.47
279	3200	21.32	0.60
279	3400	24.11	0.76
279	3600	27.36	0.99
280	200	0.73461	0.00095
280	400	1.5123	0.0039
280	600	2.3369	0.0090
280	800	3.213	0.017
280	1000	4.146	0.027
280	1200	5.141	0.040
280	1400	6.205	0.057
280	1600	7.347	0.078
280	1800	8.57	0.10
280	2000	9.90	0.14
280	2200	11.34	0.18
280	2400	12.91	0.22
280	2600	14.62	0.28
280	2800	16.52	0.35
280	3000	18.62	0.45
280	3200	20.98	0.56
280	3400	23.67	0.71
280	3600	26.78	0.91
281	200	0.73178	0.00092
281	400	1.5059	0.0038
281	600	2.3263	0.0087
281	800	3.197	0.016
281	1000	4.123	0.026
281	1200	5.111	0.039
281	1400	6.165	0.055
281	1600	7.295	0.075
281	1800	8.51	0.10
281	2000	9.82	0.13
281	2200	11.24	0.17
281	2400	12.78	0.21
281	2600	14.46	0.27
281	2800	16.31	0.34
281	3000	18.36	0.42
281	3200	20.66	0.53
281	3400	23.25	0.66
281	3600	26.24	0.84
282	200	0.72897	0.00089
282	400	1.4997	0.0037
282	600	2.3158	0.0085
282	800	3.181	0.016
282	1000	4.101	0.025
282	1200	5.081	0.038
282	1400	6.127	0.053
282	1600	7.245	0.073
282	1800	8.446	0.097
282	2000	9.74	0.13
282	2200	11.14	0.16
282	2400	12.65	0.20
282	2600	14.30	0.26
282	2800	16.12	0.32
282	3000	18.12	0.40
282	3200	20.35	0.50
282	3400	22.86	0.62
282	3600	25.73	0.78
282	3800	29.07	1.00
283	200	0.72618	0.00087
283	400	1.4935	0.0036
283	600	2.3054	0.0082
283	800	3.166	0.015
283	1000	4.080	0.024
283	1200	5.052	0.036
283	1400	6.088	0.052
283	1600	7.196	0.070
283	1800	8.384	0.093
283	2000	9.66	0.12
283	2200	11.04	0.15
283	2400	12.53	0.20
283	2600	14.15	0.24
283	2800	15.93	0.31
283	3000	17.88	0.38
283	3200	20.05	0.47
283	3400	22.49	0.58
283	3600	25.25	0.73
283	3800	28.44	0.92
284	200	0.72341	0.00084
284	400	1.4873	0.0035
284	600	2.2951	0.0080
284	800	3.151	0.015
284	1000	4.058	0.024
284	1200	5.023	0.035
284	1400	6.051	0.050
284	1600	7.148	0.068
284	1800	8.323	0.090
284	2000	9.58	0.12
284	2200	10.94	0.15
284	2400	12.41	0.19
284	2600	14.01	0.23
284	2800	15.75	0.29
284	3000	17.66	0.36
284	3200	19.77	0.44
284	3400	22.13	0.55
284	3600	24.80	0.68
284	3800	27.86	0.86
284	4000	31.4	1.1
285	200	0.72067	0.00082
285	400	1.4812	0.0034
285	600	2.2849	0.0077
285	800	3.136	0.014
285	1000	4.037	0.023
285	1200	4.995	0.034
285	1400	6.014	0.048
285	1600	7.101	0.066
285	1800	8.263	0.087
285	2000	9.51	0.11
285	2200	10.85	0.14
285	2400	12.30	0.18
285	2600	13.86	0.22
285	2800	15.57	0.28
285	3000	17.44	0.34
285	3200	19.50	0.42
285	3400	21.80	0.52
285	3600	24.37	0.64
285	3800	27.31	0.80
285	4000	30.7	1.0
286	200	0.71795	0.00080
286	400	1.4752	0.0033
286	600	2.2749	0.0075
286	800	3.121	0.014
286	1000	4.017	0.022
286	1200	4.967	0.033
286	1400	5.978	0.047
286	1600	7.055	0.063
286	1800	8.205	0.084
286	2000	9.44	0.11
286	2200	10.76	0.14
286	2400	12.18	0.17
286	2600	13.73	0.21
286	2800	15.40	0.27
286	3000	17.23	0.33
286	3200	19.25	0.40
286	3400	21.48	0.49
286	3600	23.97	0.60
286	3800	26.80	0.74
286	4000	30.05	0.93
286	4200	33.9	1.2
287	200	0.71526	0.00077
287	400	1.4692	0.0032
287	600	2.2649	0.0073
287	800	3.106	0.013
287	1000	3.996	0.022
287	1200	4.940	0.032
287	1400	5.943	0.045
287	1600	7.010	0.061
287	1800	8.148	0.081
287	2000	9.37	0.10
287	2200	10.67	0.13
287	2400	12.08	0.17
287	2600	13.59	0.21
287	2800	15.24	0.25
287	3000	17.03	0.31
287	3200	19.00	0.38
287	3400	21.17	0.46
287	3600	23.59	0.57
287	3800	26.31	0.69
287	4000	29.43	0.86
287	4200	33.1	1.1
288	200	0.71258	0.00075
288	400	1.4633	0.0031
288	600	2.2551	0.0071
288	800	3.091	0.013
288	1000	3.976	0.021
288	1200	4.913	0.031
288	1400	5.908	0.044
288	1600	6.965	0.059
288	1800	8.092	0.078
288	2000	9.30	0.10
288	2200	10.59	0.13
288	2400	11.97	0.16
288	2600	13.46	0.20
288	2800	15.08	0.24
288	3000	16.84	0.30
288	3200	18.76	0.36
288	3400	20.88	0.44
288	3600	23.22	0.53
288	3800	25.86	0.65
288	4000	28.85	0.80
288	4200	32.30	0.99
288	4400	36.4	1.3
289	200	0.70993	0.00073
289	400	1.4574	0.0030
289	600	2.2454	0.0069
289	800	3.077	0.013
289	1000	3.956	0.020
289	1200	4.887	0.030
289	1400	5.873	0.042
289	1600	6.922	0.057
289	1800	8.037	0.076
289	2000	9.228	0.097
289	2200	10.50	0.12
289	2400	11.87	0.15
289	2600	13.34	0.19
289	2800	14.93	0.23
289	3000	16.65	0.28
289	3200	18.53	0.34
289	3400	20.59	0.42
289	3600	22.88	0.51
289	3800	25.42	0.61
289	4000	28.30	0.75
289	4200	31.60	0.92
289	4400	35.5	1.1
290	200	0.70730	0.00071
290	400	1.4516	0.0029
290	600	2.2358	0.0067
290	800	3.063	0.012
290	1000	3.937	0.020
290	1200	4.861	0.029
290	1400	5.840	0.041
290	1600	6.879	0.056
290	1800	7.984	0.073
290	2000	9.161	0.094
290	2200	10.42	0.12
290	2400	11.77	0.15
290	2600	13.22	0.18
290	2800	14.78	0.22
290	3000	16.47	0.27
290	3200	18.31	0.33
290	3400	20.33	0.40
290	3600	22.55	0.48
290	3800	25.01	0.58
290	4000	27.79	0.70
290	4200	30.94	0.86
290	4400	34.6	1.1
290	4600	39.0	1.3
291	200	0.70469	0.00069
291	400	1.4459	0.0028
291	600	2.2262	0.0065
291	800	3.049	0.012
291	1000	3.917	0.019
291	1200	4.835	0.028
291	1400	5.806	0.040
291	1600	6.837	0.054
291	1800	7.931	0.071
291	2000	9.096	0.091
291	2200	10.34	0.11
291	2400	11.67	0.14
291	2600	13.10	0.18
291	2800	14.63	0.21
291	3000	16.29	0.26
291	3200	18.10	0.31
291	3400	20.07	0.38
291	3600	22.23	0.45
291	3800	24.62	0.55
291	4000	27.30	0.66
291	4200	30.33	0.80
291	4400	33.82	0.98
291	4600	37.9	1.2
291	4800	42.9	1.6
292	200	0.70210	0.00068
292	400	1.4402	0.0028
292	600	2.2168	0.0064
292	800	3.035	0.012
292	1000	3.898	0.019
292	1200	4.810	0.028
292	1400	5.774	0.039
292	1600	6.795	0.052
292	1800	7.879	0.069
292	2000	9.032	0.088
292	2200	10.26	0.11
292	2400	11.57	0.14
292	2600	12.98	0.17
292	2800	14.49	0.21
292	3000	16.13	0.25
292	3200	17.89	0.30
292	3400	19.82	0.36
292	3600	21.93	0.43
292	3800	24.25	0.52
292	4000	26.84	0.62
292	4200	29.76	0.75
292	4400	33.08	0.91
292	4600	37.0	1.1
292	4800	41.6	1.4
293	200	0.69953	0.00066
293	400	1.4345	0.0027
293	600	2.2075	0.0062
293	800	3.021	0.011
293	1000	3.879	0.018
293	1200	4.785	0.027
293	1400	5.741	0.038
293	1600	6.754	0.051
293	1800	7.829	0.066
293	2000	8.970	0.085
293	2200	10.18	0.11
293	2400	11.48	0.13
293	2600	12.87	0.16
293	2800	14.36	0.20
293	3000	15.96	0.24
293	3200	17.70	0.29
293	3400	19.58	0.34
293	3600	21.64	0.41
293	3800	23.90	0.49
293	4000	26.41	0.59
293	4200	29.21	0.70
293	4400	32.40	0.85
293	4600	36.1	1.0
293	4800	40.4	1.3
293	5000	45.8	1.6
294	200	0.69698	0.00064
294	400	1.4289	0.0026
294	600	2.1982	0.0060
294	800	3.008	0.011
294	1000	3.861	0.018
294	1200	4.760	0.026
294	1400	5.710	0.036
294	1600	6.714	0.049
294	1800	7.779	0.064
294	2000	8.909	0.082
294	2200	10.11	0.10
294	2400	11.39	0.13
294	2600	12.76	0.16
294	2800	14.23	0.19
294	3000	15.80	0.23
294	3200	17.50	0.28
294	3400	19.35	0.33
294	3600	21.36	0.39
294	3800	23.56	0.47
294	4000	25.99	0.56
294	4200	28.70	0.66
294	4400	31.76	0.79
294	4600	35.26	0.96
294	4800	39.3	1.2
294	5000	44.3	1.5
295	200	0.69445	0.00063
295	400	1.4233	0.0026
295	600	2.1891	0.0059
295	800	2.994	0.011
295	1000	3.842	0.017
295	1200	4.736	0.025
295	1400	5.679	0.035
295	1600	6.675	0.048
295	1800	7.730	0.062
295	2000	8.849	0.080
295	2200	10.04	0.10
295	2400	11.30	0.12
295	2600	12.65	0.15
295	2800	14.10	0.18
295	3000	15.65	0.22
295	3200	17.32	0.26
295	3400	19.13	0.32
295	3600	21.09	0.37
295	3800	23.24	0.44
295	4000	25.60	0.53
295	4200	28.22	0.62
295	4400	31.16	0.74
295	4600	34.50	0.89
295	4800	38.4	1.1
295	5000	42.9	1.3
295	5200	48.6	1.7
296	200	0.69194	0.00061
296	400	1.4178	0.0025
296	600	2.1800	0.0057
296	800	2.981	0.010
296	1000	3.824	0.017
296	1200	4.712	0.025
296	1400	5.648	0.034
296	1600	6.636	0.046
296	1800	7.682	0.060
296	2000	8.790	0.077
296	2200	9.965	0.097
296	2400	11.22	0.12
296	2600	12.55	0.15
296	2800	13.97	0.18
296	3000	15.50	0.21
296	3200	17.14	0.25
296	3400	18.91	0.30
296	3600	20.83	0.36
296	3800	22.93	0.42
296	4000	25.22	0.50
296	4200	27.76	0.59
296	4400	30.59	0.70
296	4600	33.79	0.83
296	4800	37.5	1.0
296	5000	41.8	1.2
296	5200	47.0	1.5
297	200	0.68944	0.00060
297	400	1.4124	0.0024
297	600	2.1711	0.0056
297	800	2.968	0.010
297	1000	3.806	0.016
297	1200	4.688	0.024
297	1400	5.618	0.033
297	1600	6.598	0.045
297	1800	7.635	0.059
297	2000	8.732	0.075
297	2200	9.895	0.094
297	2400	11.13	0.12
297	2600	12.45	0.14
297	2800	13.85	0.17
297	3000	15.35	0.21
297	3200	16.97	0.24
297	3400	18.70	0.29
297	3600	20.58	0.34
297	3800	22.63	0.40
297	4000	24.86	0.48
297	4200	27.32	0.56
297	4400	30.06	0.66
297	4600	33.13	0.78
297	4800	36.62	0.93
297	5000	40.7	1.1
297	5200	45.5	1.4
297	5400	51.5	1.8
298	200	0.68697	0.00059
298	400	1.4070	0.0024
298	600	2.1622	0.0055
298	800	2.9551	0.0099
298	1000	3.788	0.016
298	1200	4.665	0.023
298	1400	5.588	0.033
298	1600	6.561	0.044
298	1800	7.589	0.057
298	2000	8.675	0.073
298	2200	9.827	0.091
298	2400	11.05	0.11
298	2600	12.35	0.14
298	2800	13.73	0.17
298	3000	15.21	0.20
298	3200	16.80	0.24
298	3400	18.50	0.28
298	3600	20.35	0.33
298	3800	22.34	0.39
298	4000	24.52	0.45
298	4200	26.91	0.53
298	4400	29.55	0.63
298	4600	32.50	0.74
298	4800	35.84	0.87
298	5000	39.7	1.0
298	5200	44.2	1.3
298	5400	49.6	1.6
298	5600	56.7	2.1
299	200	0.68452	0.00057
299	400	1.4016	0.0023
299	600	2.1534	0.0053
299	800	2.9422	0.0097
299	1000	3.771	0.015
299	1200	4.642	0.023
299	1400	5.558	0.032
299	1600	6.524	0.043
299	1800	7.543	0.055
299	2000	8.620	0.070
299	2200	9.759	0.088
299	2400	10.97	0.11
299	2600	12.25	0.13
299	2800	13.62	0.16
299	3000	15.07	0.19
299	3200	16.63	0.23
299	3400	18.31	0.27
299	3600	20.11	0.32
299	3800	22.07	0.37
299	4000	24.19	0.43
299	4200	26.51	0.51
299	4400	29.07	0.59
299	4600	31.92	0.70
299	4800	35.11	0.82
299	5000	38.75	0.97
299	5200	43.0	1.2
299	5400	48.0	1.4
299	5600	54.3	1.8
300	200	0.68209	0.00056
300	400	1.3963	0.0023
300	600	2.1447	0.0052
300	800	2.9296	0.0094
300	1000	3.753	0.015
300	1200	4.619	0.022
300	1400	5.529	0.031
300	1600	6.488	0.041
300	1800	7.498	0.054
300	2000	8.565	0.068
300	2200	9.693	0.085
300	2400	10.89	0.11
300	2600	12.16	0.13
300	2800	13.50	0.15
300	3000	14.94	0.18
300	3200	16.48	0.22
300	3400	18.12	0.26
300	3600	19.89	0.30
300	3800	21.80	0.35
300	4000	23.87	0.41
300	4200	26.14	0.48
300	4400	28.62	0.56
300	4600	31.36	0.66
300	4800	34.43	0.77
300	5000	37.90	0.91
300	5200	41.9	1.1
300	5400	46.6	1.3
300	5600	52.3	1.6
300	5800	59.7	2.1
301	200	0.67967	0.00055
301	400	1.3910	0.0022
301	600	2.1361	0.0051
301	800	2.9170	0.0092
301	1000	3.736	0.015
301	1200	4.596	0.022
301	1400	5.501	0.030
301	1600	6.452	0.040
301	1800	7.454	0.052
301	2000	8.512	0.066
301	2200	9.629	0.083
301	2400	10.81	0.10
301	2600	12.06	0.12
301	2800	13.39	0.15
301	3000	14.81	0.18
301	3200	16.32	0.21
301	3400	17.94	0.25
301	3600	19.68	0.29
301	3800	21.55	0.34
301	4000	23.57	0.40
301	4200	25.77	0.46
301	4400	28.18	0.54
301	4600	30.84	0.63
301	4800	33.79	0.73
301	5000	37.10	0.86
301	5200	40.9	1.0
301	5400	45.3	1.2
301	5600	50.5	1.5
301	5800	57.1	1.9
301	6000	66.2	2.6
302	200	0.67727	0.00054
302	400	1.3858	0.0022
302	600	2.1275	0.0050
302	800	2.9046	0.0090
302	1000	3.719	0.014
302	1200	4.574	0.021
302	1400	5.472	0.029
302	1600	6.417	0.039
302	1800	7.411	0.051
302	2000	8.459	0.065
302	2200	9.565	0.081
302	2400	10.735	0.099
302	2600	11.97	0.12
302	2800	13.29	0.14
302	3000	14.68	0.17
302	3200	16.17	0.20
302	3400	17.76	0.24
302	3600	19.47	0.28
302	3800	21.30	0.33
302	4000	23.28	0.38
302	4200	25.43	0.44
302	4400	27.77	0.51
302	4600	30.34	0.59
302	4800	33.18	0.69
302	5000	36.36	0.81
302	5200	39.96	0.94
302	5400	44.1	1.1
302	5600	49.0	1.3
302	5800	54.9	1.7
302	6000	62.7	2.2
303	200	0.67489	0.00053
303	400	1.3806	0.0021
303	600	2.1191	0.0049
303	800	2.8923	0.0088
303	1000	3.703	0.014
303	1200	4.552	0.021
303	1400	5.445	0.029
303	1600	6.382	0.038
303	1800	7.368	0.050
303	2000	8.407	0.063
303	2200	9.503	0.078
303	2400	10.660	0.096
303	2600	11.88	0.12
303	2800	13.18	0.14
303	3000	14.56	0.17
303	3200	16.03	0.20
303	3400	17.59	0.23
303	3600	19.26	0.27
303	3800	21.06	0.31
303	4000	23.00	0.37
303	4200	25.09	0.42
303	4400	27.37	0.49
303	4600	29.86	0.57
303	4800	32.61	0.66
303	5000	35.66	0.76
303	5200	39.10	0.89
303	5400	43.0	1.0
303	5600	47.6	1.2
303	5800	53.0	1.5
303	6000	59.9	1.9
303	6200	69.2	2.7
304	200	0.67253	0.00052
304	400	1.3755	0.0021
304	600	2.1107	0.0048
304	800	2.8802	0.0086
304	1000	3.686	0.014
304	1200	4.531	0.020
304	1400	5.417	0.028
304	1600	6.348	0.037
304	1800	7.327	0.048
304	2000	8.356	0.061
304	2200	9.442	0.076
304	2400	10.587	0.093
304	2600	11.80	0.11
304	2800	13.08	0.14
304	3000	14.44	0.16
304	3200	15.88	0.19
304	3400	17.42	0.22
304	3600	19.07	0.26
304	3800	20.83	0.30
304	4000	22.73	0.35
304	4200	24.77	0.41
304	4400	26.99	0.47
304	4600	29.41	0.54
304	4800	32.07	0.62
304	5000	35.01	0.72
304	5200	38.29	0.84
304	5400	42.01	0.98
304	5600	46.3	1.1
304	5800	51.3	1.4
304	6000	57.5	1.7
304	6200	65.5	2.2
304	6400	77.3	3.5
305	200	0.67019	0.00051
305	400	1.3704	0.0020
305	600	2.1024	0.0047
305	800	2.8681	0.0084
305	1000	3.670	0.013
305	1200	4.510	0.020
305	1400	5.390	0.027
305	1600	6.314	0.036
305	1800	7.285	0.047
305	2000	8.306	0.059
305	2200	9.382	0.074
305	2400	10.516	0.091
305	2600	11.71	0.11
305	2800	12.98	0.13
305	3000	14.32	0.16
305	3200	15.75	0.18
305	3400	17.26	0.22
305	3600	18.88	0.25
305	3800	20.61	0.29
305	4000	22.47	0.34
305	4200	24.47	0.39
305	4400	26.63	0.45
305	4600	28.98	0.52
305	4800	31.55	0.60
305	5000	34.39	0.69
305	5200	37.54	0.79
305	5400	41.08	0.92
305	5600	45.1	1.1
305	5800	49.8	1.3
305	6000	55.4	1.5
305	6200	62.5	1.9
305	6400	72.0	2.7
306	200	0.66786	0.00050
306	400	1.3653	0.0020
306	600	2.0942	0.0046
306	800	2.8562	0.0082
306	1000	3.654	0.013
306	1200	4.488	0.019
306	1400	5.363	0.027
306	1600	6.281	0.035
306	1800	7.245	0.046
306	2000	8.257	0.058
306	2200	9.323	0.072
306	2400	10.445	0.088
306	2600	11.63	0.11
306	2800	12.88	0.13
306	3000	14.21	0.15
306	3200	15.61	0.18
306	3400	17.10	0.21
306	3600	18.69	0.24
306	3800	20.39	0.28
306	4000	22.21	0.32
306	4200	24.17	0.37
306	4400	26.28	0.43
306	4600	28.57	0.50
306	4800	31.07	0.57
306	5000	33.80	0.65
306	5200	36.83	0.75
306	5400	40.22	0.87
306	5600	44.0	1.0
306	5800	48.5	1.2
306	6000	53.6	1.4
306	6200	59.9	1.7
306	6400	68.1	2.2
306	6600	80.0	3.4
307	200	0.66555	0.00049
307	400	1.3603	0.0020
307	600	2.0860	0.0045
307	800	2.8444	0.0081
307	1000	3.638	0.013
307	1200	4.468	0.019
307	1400	5.337	0.026
307	1600	6.248	0.035
307	1800	7.205	0.045
307	2000	8.209	0.056
307	2200	9.265	0.070
307	2400	10.377	0.086
307	2600	11.55	0.10
307	2800	12.79	0.12
307	3000	14.09	0.15
307	3200	15.48	0.17
307	3400	16.95	0.20
307	3600	18.51	0.23
307	3800	20.18	0.27
307	4000	21.97	0.31
307	4200	23.88	0.36
307	4400	25.94	0.41
307	4600	28.18	0.47
307	4800	30.60	0.54
307	5000	33.25	0.62
307	5200	36.17	0.71
307	5400	39.41	0.82
307	5600	43.05	0.95
307	5800	47.2	1.1
307	6000	52.0	1.3
307	6200	57.8	1.6
307	6400	64.9	2.0
307	6600	74.6	2.7
307	6800	90.3	5.0
308	200	0.66326	0.00048
308	400	1.3554	0.0019
308	600	2.0779	0.0044
308	800	2.8327	0.0079
308	1000	3.622	0.013
308	1200	4.447	0.018
308	1400	5.311	0.025
308	1600	6.216	0.034
308	1800	7.165	0.044
308	2000	8.161	0.055
308	2200	9.208	0.068
308	2400	10.309	0.083
308	2600	11.47	0.10
308	2800	12.69	0.12
308	3000	13.98	0.14
308	3200	15.35	0.17
308	3400	16.80	0.19
308	3600	18.34	0.23
308	3800	19.98	0.26
308	4000	21.73	0.30
308	4200	23.61	0.35
308	4400	25.62	0.40
308	4600	27.80	0.46
308	4800	30.15	0.52
308	5000	32.72	0.60
308	5200	35.54	0.68
308	5400	38.65	0.78
308	5600	42.13	0.90
308	5800	46.1	1.0
308	6000	50.6	1.2
308	6200	55.9	1.4
308	6400	62.3	1.7
308	6600	70.5	2.2
308	6800	82.2	3.3
308	7000	106	11
309	200	0.66098	0.00047
309	400	1.3504	0.0019
309	600	2.0699	0.0043
309	800	2.8212	0.0077
309	1000	3.606	0.012
309	1200	4.427	0.018
309	1400	5.285	0.025
309	1600	6.184	0.033
309	1800	7.126	0.043
309	2000	8.114	0.054
309	2200	9.152	0.066
309	2400	10.243	0.081
309	2600	11.390	0.098
309	2800	12.60	0.12
309	3000	13.88	0.14
309	3200	15.23	0.16
309	3400	16.65	0.19
309	3600	18.17	0.22
309	3800	19.78	0.25
309	4000	21.50	0.29
309	4200	23.34	0.33
309	4400	25.31	0.38
309	4600	27.43	0.44
309	4800	29.73	0.50
309	5000	32.22	0.57
309	5200	34.94	0.65
309	5400	37.94	0.74
309	5600	41.27	0.85
309	5800	45.00	0.98
309	6000	49.2	1.1
309	6200	54.2	1.3
309	6400	60.0	1.6
309	6600	67.2	2.0
309	6800	76.8	2.6
309	7000	91.6	4.4
310	200	0.65872	0.00046
310	400	1.3455	0.0019
310	600	2.0620	0.0042
310	800	2.8097	0.0076
310	1000	3.591	0.012
310	1200	4.407	0.018
310	1400	5.260	0.024
310	1600	6.153	0.032
310	1800	7.088	0.042
310	2000	8.068	0.052
310	2200	9.097	0.065
310	2400	10.178	0.079
310	2600	11.314	0.095
310	2800	12.51	0.11
310	3000	13.77	0.13
310	3200	15.10	0.16
310	3400	16.51	0.18
310	3600	18.01	0.21
310	3800	19.59	0.24
310	4000	21.28	0.28
310	4200	23.08	0.32
310	4400	25.01	0.37
310	4600	27.08	0.42
310	4800	29.32	0.48
310	5000	31.74	0.55
310	5200	34.38	0.62
310	5400	37.27	0.71
310	5600	40.46	0.81
310	5800	44.02	0.92
310	6000	48.0	1.1
310	6200	52.6	1.2
310	6400	58.0	1.5
310	6600	64.5	1.8
310	6800	72.7	2.2
310	7000	84.0	3.2
310	7200	103.8	6.6
310	7244.8	111.9	9.6
311	200	0.65648	0.00046
311	400	1.3407	0.0018
311	600	2.0541	0.0042
311	800	2.7984	0.0075
311	1000	3.575	0.012
311	1200	4.387	0.017
311	1400	5.235	0.024
311	1600	6.122	0.031
311	1800	7.050	0.041
311	2000	8.023	0.051
311	2200	9.043	0.063
311	2400	10.114	0.077
311	2600	11.239	0.092
311	2800	12.42	0.11
311	3000	13.67	0.13
311	3200	14.98	0.15
311	3400	16.37	0.18
311	3600	17.85	0.21
311	3800	19.41	0.24
311	4000	21.07	0.27
311	4200	22.83	0.31
311	4400	24.72	0.36
311	4600	26.75	0.41
311	4800	28.93	0.46
311	5000	31.28	0.52
311	5200	33.84	0.60
311	5400	36.63	0.68
311	5600	39.70	0.77
311	5800	43.10	0.88
311	6000	46.9	1.0
311	6200	51.2	1.2
311	6400	56.2	1.3
311	6600	62.1	1.6
311	6800	69.4	2.0
311	7000	78.8	2.6
311	7200	92.4	3.9
311	7244.8	96.7	4.5
312	200	0.65425	0.00045
312	400	1.3359	0.0018
312	600	2.0463	0.0041
312	800	2.7872	0.0073
312	1000	3.560	0.012
312	1200	4.367	0.017
312	1400	5.210	0.023
312	1600	6.091	0.031
312	1800	7.013	0.040
312	2000	7.978	0.050
312	2200	8.990	0.062
312	2400	10.051	0.075
312	2600	11.165	0.090
312	2800	12.34	0.11
312	3000	13.57	0.13
312	3200	14.87	0.15
312	3400	16.24	0.17
312	3600	17.69	0.20
312	3800	19.23	0.23
312	4000	20.86	0.26
312	4200	22.59	0.30
312	4400	24.44	0.34
312	4600	26.43	0.39
312	4800	28.55	0.44
312	5000	30.84	0.50
312	5200	33.33	0.57
312	5400	36.03	0.65
312	5600	38.98	0.73
312	5800	42.24	0.83
312	6000	45.87	0.95
312	6200	50.0	1.1
312	6400	54.6	1.3
312	6600	60.1	1.5
312	6800	66.6	1.8
312	7000	74.7	2.2
312	7200	85.5	3.0
312	7244.8	88.6	3.3
313	200	0.65204	0.00044
313	400	1.3311	0.0018
313	600	2.0386	0.0040
313	800	2.7760	0.0072
313	1000	3.545	0.011
313	1200	4.348	0.017
313	1400	5.186	0.023
313	1600	6.061	0.030
313	1800	6.977	0.039
313	2000	7.934	0.049
313	2200	8.937	0.060
313	2400	9.989	0.073
313	2600	11.092	0.088
313	2800	12.25	0.10
313	3000	13.47	0.12
313	3200	14.75	0.14
313	3400	16.11	0.17
313	3600	17.54	0.19
313	3800	19.05	0.22
313	4000	20.65	0.25
313	4200	22.36	0.29
313	4400	24.17	0.33
313	4600	26.11	0.38
313	4800	28.19	0.43
313	5000	30.42	0.48
313	5200	32.84	0.55
313	5400	35.45	0.62
313	5600	38.31	0.70
313	5800	41.44	0.80
313	6000	44.90	0.90
313	6200	48.8	1.0
313	6400	53.2	1.2
313	6600	58.2	1.4
313	6800	64.1	1.6
313	7000	71.3	2.0
313	7200	80.4	2.5
313	7244.8	82.9	2.7
314	200	0.64984	0.00043
314	400	1.3264	0.0017
314	600	2.0309	0.0039
314	800	2.7650	0.0071
314	1000	3.530	0.011
314	1200	4.328	0.016
314	1400	5.161	0.022
314	1600	6.031	0.030
314	1800	6.940	0.038
314	2000	7.891	0.048
314	2200	8.886	0.059
314	2400	9.928	0.071
314	2600	11.021	0.085
314	2800	12.17	0.10
314	3000	13.37	0.12
314	3200	14.64	0.14
314	3400	15.98	0.16
314	3600	17.39	0.19
314	3800	18.88	0.22
314	4000	20.46	0.25
314	4200	22.13	0.28
314	4400	23.91	0.32
314	4600	25.81	0.36
314	4800	27.84	0.41
314	5000	30.02	0.47
314	5200	32.37	0.53
314	5400	34.91	0.60
314	5600	37.66	0.67
314	5800	40.68	0.76
314	6000	44.00	0.86
314	6200	47.69	0.98
314	6400	51.8	1.1
314	6600	56.5	1.3
314	6800	62.0	1.5
314	7000	68.5	1.8
314	7200	76.4	2.2
314	7244.8	78.5	2.3
315	200	0.64766	0.00043
315	400	1.3217	0.0017
315	600	2.0233	0.0039
315	800	2.7541	0.0069
315	1000	3.516	0.011
315	1200	4.309	0.016
315	1400	5.138	0.022
315	1600	6.002	0.029
315	1800	6.905	0.037
315	2000	7.848	0.047
315	2200	8.835	0.057
315	2400	9.868	0.070
315	2600	10.951	0.083
315	2800	12.087	0.099
315	3000	13.28	0.12
315	3200	14.53	0.14
315	3400	15.85	0.16
315	3600	17.24	0.18
315	3800	18.71	0.21
315	4000	20.27	0.24
315	4200	21.91	0.27
315	4400	23.66	0.31
315	4600	25.52	0.35
315	4800	27.51	0.40
315	5000	29.63	0.45
315	5200	31.92	0.51
315	5400	34.38	0.57
315	5600	37.05	0.65
315	5800	39.96	0.73
315	6000	43.15	0.82
315	6200	46.67	0.93
315	6400	50.6	1.1
315	6600	55.0	1.2
315	6800	60.1	1.4
315	7000	66.0	1.6
315	7200	73.1	2.0
315	7244.8	74.9	2.0
316	200	0.64550	0.00042
316	400	1.3170	0.0017
316	600	2.0158	0.0038
316	800	2.7433	0.0068
316	1000	3.501	0.011
316	1200	4.291	0.016
316	1400	5.114	0.021
316	1600	5.973	0.028
316	1800	6.870	0.036
316	2000	7.806	0.046
316	2200	8.785	0.056
316	2400	9.810	0.068
316	2600	10.882	0.081
316	2800	12.007	0.096
316	3000	13.19	0.11
316	3200	14.43	0.13
316	3400	15.73	0.15
316	3600	17.10	0.18
316	3800	18.55	0.20
316	4000	20.08	0.23
316	4200	21.70	0.26
316	4400	23.41	0.30
316	4600	25.24	0.34
316	4800	27.18	0.38
316	5000	29.26	0.43
316	5200	31.49	0.49
316	5400	33.89	0.55
316	5600	36.47	0.62
316	5800	39.28	0.70
316	6000	42.35	0.79
316	6200	45.72	0.89
316	6400	49.5	1.0
316	6600	53.6	1.1
316	6800	58.4	1.3
316	7000	63.8	1.5
316	7200	70.2	1.8
316	7244.8	71.8	1.8
317	200	0.64335	0.00042
317	400	1.3124	0.0017
317	600	2.0083	0.0038
317	800	2.7326	0.0067
317	1000	3.487	0.011
317	1200	4.272	0.015
317	1400	5.091	0.021
317	1600	5.944	0.028
317	1800	6.835	0.036
317	2000	7.765	0.045
317	2200	8.736	0.055
317	2400	9.752	0.066
317	2600	10.815	0.079
317	2800	11.928	0.094
317	3000	13.10	0.11
317	3200	14.32	0.13
317	3400	15.61	0.15
317	3600	16.96	0.17
317	3800	18.39	0.20
317	4000	19.90	0.23
317	4200	21.49	0.26
317	4400	23.18	0.29
317	4600	24.97	0.33
317	4800	26.87	0.37
317	5000	28.90	0.42
317	5200	31.08	0.47
317	5400	33.41	0.53
317	5600	35.92	0.60
317	5800	38.64	0.67
317	6000	41.60	0.75
317	6200	44.83	0.85
317	6400	48.40	0.96
317	6600	52.4	1.1
317	6800	56.8	1.2
317	7000	61.9	1.4
317	7200	67.7	1.6
317	7244.8	69.2	1.7
318	200	0.64121	0.00041
318	400	1.3078	0.0016
318	600	2.0009	0.0037
318	800	2.7220	0.0066
318	1000	3.472	0.010
318	1200	4.254	0.015
318	1400	5.068	0.021
318	1600	5.916	0.027
318	1800	6.801	0.035
318	2000	7.724	0.044
318	2200	8.688	0.054
318	2400	9.695	0.065
318	2600	10.749	0.078
318	2800	11.851	0.092
318	3000	13.01	0.11
318	3200	14.22	0.13
318	3400	15.49	0.15
318	3600	16.83	0.17
318	3800	18.24	0.19
318	4000	19.72	0.22
318	4200	21.29	0.25
318	4400	22.95	0.28
318	4600	24.70	0.32
318	4800	26.57	0.36
318	5000	28.56	0.41
318	5200	30.68	0.46
318	5400	32.95	0.51
318	5600	35.39	0.58
318	5800	38.03	0.65
318	6000	40.88	0.72
318	6200	44.00	0.81
318	6400	47.41	0.92
318	6600	51.2	1.0
318	6800	55.4	1.2
318	7000	60.1	1.3
318	7200	65.5	1.5
318	7244.8	66.9	1.6
319	200	0.63909	0.00041
319	400	1.3032	0.0016
319	600	1.9936	0.0037
319	800	2.7115	0.0065
319	1000	3.458	0.010
319	1200	4.236	0.015
319	1400	5.045	0.020
319	1600	5.888	0.027
319	1800	6.767	0.034
319	2000	7.683	0.043
319	2200	8.640	0.052
319	2400	9.639	0.063
319	2600	10.683	0.076
319	2800	11.776	0.090
319	3000	12.92	0.11
319	3200	14.12	0.12
319	3400	15.38	0.14
319	3600	16.70	0.16
319	3800	18.09	0.19
319	4000	19.55	0.21
319	4200	21.09	0.24
319	4400	22.72	0.27
319	4600	24.45	0.31
319	4800	26.28	0.35
319	5000	28.22	0.39
319	5200	30.30	0.44
319	5400	32.51	0.49
319	5600	34.89	0.55
319	5800	37.44	0.62
319	6000	40.21	0.70
319	6200	43.21	0.78
319	6400	46.48	0.88
319	6600	50.08	0.99
319	6800	54.1	1.1
319	7000	58.5	1.3
319	7200	63.6	1.4
319	7244.8	64.8	1.5
320	200	0.63699	0.00040
320	400	1.2987	0.0016
320	600	1.9863	0.0036
320	800	2.7011	0.0064
320	1000	3.444	0.010
320	1200	4.218	0.015
320	1400	5.022	0.020
320	1600	5.860	0.026
320	1800	6.733	0.034
320	2000	7.644	0.042
320	2200	8.593	0.051
320	2400	9.584	0.062
320	2600	10.619	0.074
320	2800	11.701	0.088
320	3000	12.83	0.10
320	3200	14.02	0.12
320	3400	15.26	0.14
320	3600	16.57	0.16
320	3800	17.94	0.18
320	4000	19.38	0.21
320	4200	20.90	0.23
320	4400	22.50	0.27
320	4600	24.20	0.30
320	4800	25.99	0.34
320	5000	27.90	0.38
320	5200	29.93	0.43
320	5400	32.09	0.48
320	5600	34.40	0.54
320	5800	36.89	0.60
320	6000	39.56	0.67
320	6200	42.46	0.75
320	6400	45.61	0.84
320	6600	49.05	0.94
320	6800	52.8	1.1
320	7000	57.1	1.2
320	7200	61.8	1.4
320	7244.8	62.9	1.4
321	200	0.63490	0.00040
321	400	1.2942	0.0016
321	600	1.9791	0.0036
321	800	2.6907	0.0063
321	1000	3.4305	0.0099
321	1200	4.200	0.014
321	1400	5.000	0.020
321	1600	5.833	0.026
321	1800	6.701	0.033
321	2000	7.604	0.041
321	2200	8.547	0.050
321	2400	9.530	0.061
321	2600	10.556	0.072
321	2800	11.628	0.086
321	3000	12.75	0.10
321	3200	13.92	0.12
321	3400	15.15	0.13
321	3600	16.44	0.15
321	3800	17.79	0.18
321	4000	19.22	0.20
321	4200	20.71	0.23
321	4400	22.29	0.26
321	4600	23.96	0.29
321	4800	25.72	0.33
321	5000	27.59	0.37
321	5200	29.57	0.41
321	5400	31.68	0.46
321	5600	33.94	0.52
321	5800	36.36	0.58
321	6000	38.95	0.65
321	6200	41.75	0.72
321	6400	44.78	0.81
321	6600	48.09	0.90
321	6800	51.7	1.0
321	7000	55.7	1.1
321	7200	60.2	1.3
321	7244.8	61.2	1.3
322	200	0.63282	0.00039
322	400	1.2898	0.0016
322	600	1.9719	0.0035
322	800	2.6805	0.0062
322	1000	3.4168	0.0098
322	1200	4.182	0.014
322	1400	4.978	0.019
322	1600	5.806	0.025
322	1800	6.668	0.032
322	2000	7.566	0.040
322	2200	8.501	0.049
322	2400	9.476	0.060
322	2600	10.494	0.071
322	2800	11.557	0.084
322	3000	12.667	0.098
322	3200	13.83	0.11
322	3400	15.04	0.13
322	3600	16.32	0.15
322	3800	17.65	0.17
322	4000	19.06	0.20
322	4200	20.53	0.22
322	4400	22.09	0.25
322	4600	23.72	0.28
322	4800	25.45	0.32
322	5000	27.29	0.36
322	5200	29.23	0.40
322	5400	31.29	0.45
322	5600	33.49	0.50
322	5800	35.85	0.56
322	6000	38.37	0.62
322	6200	41.08	0.70
322	6400	44.01	0.78
322	6600	47.18	0.87
322	6800	50.65	0.97
322	7000	54.5	1.1
322	7200	58.7	1.2
322	7244.8	59.7	1.2
323	200	0.63076	0.00039
323	400	1.2853	0.0015
323	600	1.9648	0.0035
323	800	2.6704	0.0061
323	1000	3.4032	0.0096
323	1200	4.165	0.014
323	1400	4.956	0.019
323	1600	5.780	0.025
323	1800	6.636	0.032
323	2000	7.528	0.040
323	2200	8.456	0.048
323	2400	9.424	0.058
323	2600	10.433	0.069
323	2800	11.486	0.082
323	3000	12.586	0.096
323	3200	13.74	0.11
323	3400	14.94	0.13
323	3600	16.20	0.15
323	3800	17.52	0.17
323	4000	18.90	0.19
323	4200	20.35	0.22
323	4400	21.88	0.24
323	4600	23.50	0.27
323	4800	25.20	0.31
323	5000	26.99	0.35
323	5200	28.90	0.39
323	5400	30.92	0.43
323	5600	33.07	0.48
323	5800	35.36	0.54
323	6000	37.81	0.60
323	6200	40.44	0.67
323	6400	43.27	0.75
323	6600	46.33	0.83
323	6800	49.65	0.93
323	7000	53.3	1.0
323	7200	57.3	1.2
323	7244.8	58.2	1.2
324	200	0.62871	0.00038
324	400	1.2810	0.0015
324	600	1.9578	0.0034
324	800	2.6603	0.0061
324	1000	3.3898	0.0095
324	1200	4.147	0.014
324	1400	4.935	0.019
324	1600	5.753	0.025
324	1800	6.604	0.031
324	2000	7.490	0.039
324	2200	8.412	0.047
324	2400	9.372	0.057
324	2600	10.373	0.068
324	2800	11.417	0.080
324	3000	12.506	0.093
324	3200	13.64	0.11
324	3400	14.83	0.12
324	3600	16.08	0.14
324	3800	17.38	0.16
324	4000	18.75	0.19
324	4200	20.18	0.21
324	4400	21.69	0.24
324	4600	23.27	0.27
324	4800	24.95	0.30
324	5000	26.71	0.34
324	5200	28.58	0.38
324	5400	30.55	0.42
324	5600	32.65	0.47
324	5800	34.89	0.52
324	6000	37.27	0.58
324	6200	39.82	0.65
324	6400	42.56	0.72
324	6600	45.52	0.80
324	6800	48.72	0.89
324	7000	52.19	0.99
324	7200	56.0	1.1
324	7244.8	56.9	1.1
325	200	0.62668	0.00038
325	400	1.2766	0.0015
325	600	1.9508	0.0034
325	800	2.6504	0.0060
325	1000	3.3765	0.0094
325	1200	4.130	0.013
325	1400	4.913	0.018
325	1600	5.727	0.024
325	1800	6.573	0.031
325	2000	7.453	0.038
325	2200	8.368	0.047
325	2400	9.321	0.056
325	2600	10.314	0.067
325	2800	11.348	0.078
325	3000	12.428	0.091
325	3200	13.55	0.11
325	3400	14.73	0.12
325	3600	15.96	0.14
325	3800	17.25	0.16
325	4000	18.60	0.18
325	4200	20.01	0.20
325	4400	21.50	0.23
325	4600	23.06	0.26
325	4800	24.70	0.29
325	5000	26.44	0.33
325	5200	28.27	0.36
325	5400	30.20	0.41
325	5600	32.25	0.45
325	5800	34.44	0.50
325	6000	36.76	0.56
325	6200	39.24	0.62
325	6400	41.90	0.69
325	6600	44.75	0.77
325	6800	47.83	0.86
325	7000	51.17	0.95
325	7200	54.8	1.1
325	7244.8	55.7	1.1
326	200	0.62466	0.00037
326	400	1.2723	0.0015
326	600	1.9439	0.0033
326	800	2.6405	0.0059
326	1000	3.3633	0.0092
326	1200	4.113	0.013
326	1400	4.892	0.018
326	1600	5.701	0.024
326	1800	6.542	0.030
326	2000	7.416	0.038
326	2200	8.325	0.046
326	2400	9.271	0.055
326	2600	10.255	0.065
326	2800	11.281	0.077
326	3000	12.351	0.089
326	3200	13.47	0.10
326	3400	14.63	0.12
326	3600	15.85	0.14
326	3800	17.12	0.15
326	4000	18.45	0.18
326	4200	19.85	0.20
326	4400	21.31	0.22
326	4600	22.85	0.25
326	4800	24.47	0.28
326	5000	26.17	0.32
326	5200	27.96	0.35
326	5400	29.86	0.39
326	5600	31.87	0.44
326	5800	34.00	0.49
326	6000	36.27	0.54
326	6200	38.68	0.60
326	6400	41.26	0.67
326	6600	44.02	0.74
326	6800	47.00	0.83
326	7000	50.20	0.92
326	7200	53.7	1.0
326	7244.8	54.5	1.0
327	200	0.62265	0.00037
327	400	1.2680	0.0015
327	600	1.9370	0.0033
327	800	2.6307	0.0058
327	1000	3.3502	0.0091
327	1200	4.097	0.013
327	1400	4.872	0.018
327	1600	5.676	0.023
327	1800	6.512	0.030
327	2000	7.380	0.037
327	2200	8.282	0.045
327	2400	9.221	0.054
327	2600	10.198	0.064
327	2800	11.215	0.075
327	3000	12.275	0.088
327	3200	13.38	0.10
327	3400	14.53	0.12
327	3600	15.74	0.13
327	3800	16.99	0.15
327	4000	18.31	0.17
327	4200	19.69	0.19
327	4400	21.13	0.22
327	4600	22.64	0.25
327	4800	24.24	0.27
327	5000	25.91	0.31
327	5200	27.67	0.34
327	5400	29.53	0.38
327	5600	31.50	0.43
327	5800	33.58	0.47
327	6000	35.79	0.53
327	6200	38.14	0.58
327	6400	40.65	0.65
327	6600	43.33	0.72
327	6800	46.20	0.80
327	7000	49.29	0.88
327	7200	52.64	0.98
327	7244.8	53.42	1.00
328	200	0.62066	0.00037
328	400	1.2637	0.0015
328	600	1.9302	0.0033
328	800	2.6210	0.0058
328	1000	3.3373	0.0090
328	1200	4.080	0.013
328	1400	4.851	0.018
328	1600	5.651	0.023
328	1800	6.481	0.029
328	2000	7.344	0.036
328	2200	8.240	0.044
328	2400	9.172	0.053
328	2600	10.142	0.063
328	2800	11.150	0.074
328	3000	12.201	0.086
328	3200	13.295	0.099
328	3400	14.44	0.11
328	3600	15.63	0.13
328	3800	16.87	0.15
328	4000	18.17	0.17
328	4200	19.53	0.19
328	4400	20.95	0.21
328	4600	22.45	0.24
328	4800	24.01	0.27
328	5000	25.66	0.30
328	5200	27.39	0.33
328	5400	29.22	0.37
328	5600	31.14	0.41
328	5800	33.18	0.46
328	6000	35.34	0.51
328	6200	37.63	0.57
328	6400	40.07	0.63
328	6600	42.67	0.69
328	6800	45.45	0.77
328	7000	48.43	0.85
328	7200	51.65	0.94
328	7244.8	52.40	0.96
329	200	0.61868	0.00036
329	400	1.2595	0.0014
329	600	1.9234	0.0032
329	800	2.6114	0.0057
329	1000	3.3244	0.0089
329	1200	4.064	0.013
329	1400	4.831	0.017
329	1600	5.626	0.023
329	1800	6.452	0.029
329	2000	7.309	0.036
329	2200	8.199	0.043
329	2400	9.124	0.052
329	2600	10.086	0.062
329	2800	11.086	0.072
329	3000	12.127	0.084
329	3200	13.212	0.097
329	3400	14.34	0.11
329	3600	15.52	0.13
329	3800	16.75	0.14
329	4000	18.03	0.16
329	4200	19.38	0.18
329	4400	20.78	0.21
329	4600	22.25	0.23
329	4800	23.79	0.26
329	5000	25.41	0.29
329	5200	27.12	0.32
329	5400	28.91	0.36
329	5600	30.79	0.40
329	5800	32.79	0.45
329	6000	34.90	0.49
329	6200	37.13	0.55
329	6400	39.51	0.61
329	6600	42.03	0.67
329	6800	44.73	0.74
329	7000	47.62	0.82
329	7200	50.71	0.91
329	7244.8	51.44	0.93
330	200	0.61671	0.00036
330	400	1.2553	0.0014
330	600	1.9167	0.0032
330	800	2.6018	0.0056
330	1000	3.3117	0.0088
330	1200	4.048	0.013
330	1400	4.810	0.017
330	1600	5.601	0.022
330	1800	6.422	0.028
330	2000	7.274	0.035
330	2200	8.158	0.043
330	2400	9.076	0.051
330	2600	10.031	0.061
330	2800	11.023	0.071
330	3000	12.055	0.082
330	3200	13.130	0.095
330	3400	14.25	0.11
330	3600	15.41	0.12
330	3800	16.63	0.14
330	4000	17.90	0.16
330	4200	19.23	0.18
330	4400	20.61	0.20
330	4600	22.06	0.23
330	4800	23.58	0.25
330	5000	25.17	0.28
330	5200	26.85	0.32
330	5400	28.61	0.35
330	5600	30.46	0.39
330	5800	32.41	0.43
330	6000	34.47	0.48
330	6200	36.66	0.53
330	6400	38.97	0.59
330	6600	41.43	0.65
330	6800	44.05	0.72
330	7000	46.84	0.79
330	7200	49.83	0.87
330	7244.8	50.53	0.89
331	200	0.61476	0.00035
331	400	1.2511	0.0014
331	600	1.9100	0.0031
331	800	2.5924	0.0056
331	1000	3.2991	0.0087
331	1200	4.031	0.012
331	1400	4.790	0.017
331	1600	5.577	0.022
331	1800	6.393	0.028
331	2000	7.239	0.035
331	2200	8.118	0.042
331	2400	9.030	0.050
331	2600	9.977	0.060
331	2800	10.961	0.070
331	3000	11.984	0.081
331	3200	13.049	0.093
331	3400	14.16	0.11
331	3600	15.31	0.12
331	3800	16.51	0.14
331	4000	17.77	0.16
331	4200	19.08	0.18
331	4400	20.45	0.20
331	4600	21.88	0.22
331	4800	23.37	0.25
331	5000	24.94	0.28
331	5200	26.59	0.31
331	5400	28.32	0.34
331	5600	30.13	0.38
331	5800	32.05	0.42
331	6000	34.07	0.47
331	6200	36.20	0.51
331	6400	38.46	0.57
331	6600	40.85	0.63
331	6800	43.39	0.69
331	7000	46.10	0.76
331	7200	48.99	0.84
331	7244.8	49.67	0.86
332	200	0.61282	0.00035
332	400	1.2470	0.0014
332	600	1.9034	0.0031
332	800	2.5830	0.0055
332	1000	3.2867	0.0086
332	1200	4.015	0.012
332	1400	4.771	0.017
332	1600	5.553	0.022
332	1800	6.364	0.028
332	2000	7.205	0.034
332	2200	8.078	0.041
332	2400	8.983	0.050
332	2600	9.923	0.059
332	2800	10.900	0.068
332	3000	11.915	0.079
332	3200	12.970	0.091
332	3400	14.07	0.10
332	3600	15.21	0.12
332	3800	16.40	0.13
332	4000	17.64	0.15
332	4200	18.93	0.17
332	4400	20.28	0.19
332	4600	21.70	0.22
332	4800	23.17	0.24
332	5000	24.72	0.27
332	5200	26.34	0.30
332	5400	28.03	0.33
332	5600	29.82	0.37
332	5800	31.70	0.41
332	6000	33.67	0.45
332	6200	35.76	0.50
332	6400	37.96	0.55
332	6600	40.29	0.61
332	6800	42.77	0.67
332	7000	45.40	0.74
332	7200	48.20	0.81
332	7244.8	48.85	0.83
333	200	0.61089	0.00035
333	400	1.2429	0.0014
333	600	1.8969	0.0031
333	800	2.5737	0.0055
333	1000	3.2743	0.0085
333	1200	4.000	0.012
333	1400	4.751	0.016
333	1600	5.529	0.022
333	1800	6.336	0.027
333	2000	7.172	0.034
333	2200	8.039	0.041
333	2400	8.938	0.049
333	2600	9.871	0.058
333	2800	10.840	0.067
333	3000	11.846	0.078
333	3200	12.892	0.090
333	3400	13.98	0.10
333	3600	15.11	0.12
333	3800	16.29	0.13
333	4000	17.51	0.15
333	4200	18.79	0.17
333	4400	20.13	0.19
333	4600	21.52	0.21
333	4800	22.97	0.23
333	5000	24.50	0.26
333	5200	26.09	0.29
333	5400	27.76	0.32
333	5600	29.51	0.36
333	5800	31.35	0.40
333	6000	33.29	0.44
333	6200	35.33	0.48
333	6400	37.48	0.53
333	6600	39.76	0.59
333	6800	42.17	0.65
333	7000	44.72	0.72
333	7200	47.44	0.79
333	7244.8	48.07	0.80
334	200	0.60898	0.00034
334	400	1.2388	0.0014
334	600	1.8904	0.0031
334	800	2.5644	0.0054
334	1000	3.2620	0.0084
334	1200	3.984	0.012
334	1400	4.732	0.016
334	1600	5.506	0.021
334	1800	6.308	0.027
334	2000	7.138	0.033
334	2200	8.000	0.040
334	2400	8.893	0.048
334	2600	9.819	0.057
334	2800	10.780	0.066
334	3000	11.778	0.076
334	3200	12.815	0.088
334	3400	13.89	0.10
334	3600	15.01	0.11
334	3800	16.18	0.13
334	4000	17.39	0.15
334	4200	18.65	0.16
334	4400	19.97	0.18
334	4600	21.35	0.21
334	4800	22.78	0.23
334	5000	24.28	0.25
334	5200	25.85	0.28
334	5400	27.49	0.31
334	5600	29.22	0.35
334	5800	31.02	0.39
334	6000	32.92	0.43
334	6200	34.92	0.47
334	6400	37.02	0.52
334	6600	39.24	0.57
334	6800	41.59	0.63
334	7000	44.08	0.69
334	7200	46.71	0.76
334	7244.8	47.32	0.78
335	200	0.60707	0.00034
335	400	1.2348	0.0014
335	600	1.8839	0.0030
335	800	2.5553	0.0053
335	1000	3.2499	0.0083
335	1200	3.969	0.012
335	1400	4.712	0.016
335	1600	5.482	0.021
335	1800	6.280	0.026
335	2000	7.106	0.033
335	2200	7.961	0.040
335	2400	8.848	0.047
335	2600	9.768	0.056
335	2800	10.722	0.065
335	3000	11.712	0.075
335	3200	12.740	0.086
335	3400	13.807	0.098
335	3600	14.92	0.11
335	3800	16.07	0.13
335	4000	17.27	0.14
335	4200	18.52	0.16
335	4400	19.82	0.18
335	4600	21.18	0.20
335	4800	22.59	0.22
335	5000	24.07	0.25
335	5200	25.62	0.28
335	5400	27.23	0.31
335	5600	28.93	0.34
335	5800	30.70	0.37
335	6000	32.56	0.41
335	6200	34.52	0.46
335	6400	36.58	0.50
335	6600	38.75	0.55
335	6800	41.04	0.61
335	7000	43.46	0.67
335	7200	46.02	0.74
335	7244.8	46.61	0.75
336	200	0.60518	0.00034
336	400	1.2308	0.0013
336	600	1.8775	0.0030
336	800	2.5462	0.0053
336	1000	3.2378	0.0082
336	1200	3.953	0.012
336	1400	4.693	0.016
336	1600	5.459	0.021
336	1800	6.252	0.026
336	2000	7.073	0.032
336	2200	7.923	0.039
336	2400	8.804	0.047
336	2600	9.718	0.055
336	2800	10.664	0.064
336	3000	11.646	0.074
336	3200	12.665	0.085
336	3400	13.723	0.097
336	3600	14.82	0.11
336	3800	15.96	0.12
336	4000	17.15	0.14
336	4200	18.39	0.16
336	4400	19.67	0.18
336	4600	21.01	0.20
336	4800	22.41	0.22
336	5000	23.87	0.24
336	5200	25.39	0.27
336	5400	26.98	0.30
336	5600	28.65	0.33
336	5800	30.39	0.36
336	6000	32.22	0.40
336	6200	34.13	0.44
336	6400	36.15	0.49
336	6600	38.27	0.54
336	6800	40.51	0.59
336	7000	42.86	0.65
336	7200	45.36	0.71
336	7244.8	45.93	0.73
337	200	0.60330	0.00034
337	400	1.2268	0.0013
337	600	1.8711	0.0030
337	800	2.5372	0.0052
337	1000	3.2259	0.0081
337	1200	3.938	0.012
337	1400	4.675	0.016
337	1600	5.437	0.020
337	1800	6.225	0.026
337	2000	7.041	0.032
337	2200	7.886	0.039
337	2400	8.761	0.046
337	2600	9.668	0.054
337	2800	10.607	0.063
337	3000	11.582	0.073
337	3200	12.592	0.083
337	3400	13.641	0.095
337	3600	14.73	0.11
337	3800	15.86	0.12
337	4000	17.03	0.14
337	4200	18.26	0.15
337	4400	19.53	0.17
337	4600	20.85	0.19
337	4800	22.23	0.21
337	5000	23.67	0.24
337	5200	25.17	0.26
337	5400	26.74	0.29
337	5600	28.37	0.32
337	5800	30.09	0.36
337	6000	31.88	0.39
337	6200	33.76	0.43
337	6400	35.74	0.48
337	6600	37.81	0.52
337	6800	39.99	0.57
337	7000	42.29	0.63
337	7200	44.72	0.69
337	7244.8	45.28	0.71
338	200	0.60144	0.00033
338	400	1.2228	0.0013
338	600	1.8648	0.0029
338	800	2.5283	0.0052
338	1000	3.2140	0.0080
338	1200	3.923	0.011
338	1400	4.656	0.016
338	1600	5.414	0.020
338	1800	6.198	0.026
338	2000	7.009	0.031
338	2200	7.849	0.038
338	2400	8.718	0.045
338	2600	9.619	0.053
338	2800	10.551	0.062
338	3000	11.518	0.071
338	3200	12.520	0.082
338	3400	13.560	0.093
338	3600	14.64	0.11
338	3800	15.76	0.12
338	4000	16.92	0.13
338	4200	18.13	0.15
338	4400	19.39	0.17
338	4600	20.69	0.19
338	4800	22.05	0.21
338	5000	23.47	0.23
338	5200	24.95	0.26
338	5400	26.50	0.28
338	5600	28.11	0.31
338	5800	29.79	0.35
338	6000	31.55	0.38
338	6200	33.40	0.42
338	6400	35.33	0.46
338	6600	37.37	0.51
338	6800	39.50	0.56
338	7000	41.74	0.61
338	7200	44.11	0.67
338	7244.8	44.66	0.68
339	200	0.59958	0.00033
339	400	1.2189	0.0013
339	600	1.8586	0.0029
339	800	2.5194	0.0051
339	1000	3.2023	0.0080
339	1200	3.908	0.011
339	1400	4.637	0.015
339	1600	5.392	0.020
339	1800	6.171	0.025
339	2000	6.978	0.031
339	2200	7.813	0.037
339	2400	8.676	0.045
339	2600	9.570	0.052
339	2800	10.496	0.061
339	3000	11.455	0.070
339	3200	12.449	0.080
339	3400	13.480	0.092
339	3600	14.55	0.10
339	3800	15.66	0.12
339	4000	16.81	0.13
339	4200	18.00	0.15
339	4400	19.25	0.16
339	4600	20.54	0.18
339	4800	21.88	0.20
339	5000	23.28	0.23
339	5200	24.74	0.25
339	5400	26.26	0.28
339	5600	27.85	0.31
339	5800	29.50	0.34
339	6000	31.24	0.37
339	6200	33.05	0.41
339	6400	34.95	0.45
339	6600	36.93	0.49
339	6800	39.02	0.54
339	7000	41.22	0.59
339	7200	43.52	0.65
339	7244.8	44.06	0.66
340	200	0.59774	0.00033
340	400	1.2150	0.0013
340	600	1.8523	0.0029
340	800	2.5106	0.0051
340	1000	3.1907	0.0079
340	1200	3.893	0.011
340	1400	4.619	0.015
340	1600	5.369	0.020
340	1800	6.145	0.025
340	2000	6.947	0.031
340	2200	7.776	0.037
340	2400	8.635	0.044
340	2600	9.523	0.052
340	2800	10.442	0.060
340	3000	11.393	0.069
340	3200	12.379	0.079
340	3400	13.401	0.090
340	3600	14.46	0.10
340	3800	15.56	0.11
340	4000	16.70	0.13
340	4200	17.88	0.14
340	4400	19.11	0.16
340	4600	20.39	0.18
340	4800	21.71	0.20
340	5000	23.10	0.22
340	5200	24.53	0.24
340	5400	26.03	0.27
340	5600	27.60	0.30
340	5800	29.23	0.33
340	6000	30.93	0.36
340	6200	32.71	0.40
340	6400	34.57	0.44
340	6600	36.52	0.48
340	6800	38.56	0.53
340	7000	40.71	0.58
340	7200	42.96	0.63
340	7244.8	43.48	0.64
341	200	0.59591	0.00032
341	400	1.2111	0.0013
341	600	1.8462	0.0029
341	800	2.5019	0.0050
341	1000	3.1791	0.0078
341	1200	3.879	0.011
341	1400	4.601	0.015
341	1600	5.348	0.020
341	1800	6.119	0.025
341	2000	6.916	0.030
341	2200	7.741	0.037
341	2400	8.593	0.043
341	2600	9.475	0.051
341	2800	10.388	0.059
341	3000	11.333	0.068
341	3200	12.311	0.078
341	3400	13.324	0.088
341	3600	14.373	0.100
341	3800	15.46	0.11
341	4000	16.59	0.13
341	4200	17.76	0.14
341	4400	18.98	0.16
341	4600	20.24	0.17
341	4800	21.55	0.19
341	5000	22.91	0.22
341	5200	24.33	0.24
341	5400	25.81	0.26
341	5600	27.35	0.29
341	5800	28.95	0.32
341	6000	30.63	0.35
341	6200	32.38	0.39
341	6400	34.20	0.43
341	6600	36.12	0.47
341	6800	38.12	0.51
341	7000	40.21	0.56
341	7200	42.42	0.61
341	7244.8	42.92	0.63
342	200	0.59409	0.00032
342	400	1.2072	0.0013
342	600	1.8400	0.0028
342	800	2.4933	0.0050
342	1000	3.1677	0.0077
342	1200	3.864	0.011
342	1400	4.583	0.015
342	1600	5.326	0.019
342	1800	6.093	0.024
342	2000	6.886	0.030
342	2200	7.706	0.036
342	2400	8.553	0.043
342	2600	9.429	0.050
342	2800	10.335	0.058
342	3000	11.272	0.067
342	3200	12.243	0.077
342	3400	13.247	0.087
342	3600	14.288	0.098
342	3800	15.37	0.11
342	4000	16.48	0.12
342	4200	17.64	0.14
342	4400	18.84	0.15
342	4600	20.09	0.17
342	4800	21.39	0.19
342	5000	22.74	0.21
342	5200	24.14	0.23
342	5400	25.59	0.26
342	5600	27.11	0.28
342	5800	28.69	0.31
342	6000	30.34	0.34
342	6200	32.06	0.38
342	6400	33.85	0.41
342	6600	35.73	0.45
342	6800	37.69	0.50
342	7000	39.74	0.54
342	7200	41.89	0.60
342	7244.8	42.39	0.61
343	200	0.59229	0.00032
343	400	1.2034	0.0013
343	600	1.8340	0.0028
343	800	2.4847	0.0049
343	1000	3.1563	0.0077
343	1200	3.850	0.011
343	1400	4.565	0.015
343	1600	5.304	0.019
343	1800	6.068	0.024
343	2000	6.856	0.030
343	2200	7.671	0.036
343	2400	8.513	0.042
343	2600	9.383	0.050
343	2800	10.283	0.058
343	3000	11.213	0.066
343	3200	12.176	0.075
343	3400	13.172	0.086
343	3600	14.204	0.097
343	3800	15.27	0.11
343	4000	16.38	0.12
343	4200	17.53	0.14
343	4400	18.72	0.15
343	4600	19.95	0.17
343	4800	21.23	0.19
343	5000	22.56	0.21
343	5200	23.94	0.23
343	5400	25.38	0.25
343	5600	26.88	0.28
343	5800	28.43	0.30
343	6000	30.05	0.33
343	6200	31.74	0.37
343	6400	33.51	0.40
343	6600	35.35	0.44
343	6800	37.27	0.48
343	7000	39.28	0.53
343	7200	41.38	0.58
343	7244.8	41.87	0.59
344	200	0.59049	0.00032
344	400	1.1996	0.0013
344	600	1.8279	0.0028
344	800	2.4762	0.0049
344	1000	3.1451	0.0076
344	1200	3.835	0.011
344	1400	4.548	0.015
344	1600	5.283	0.019
344	1800	6.042	0.024
344	2000	6.826	0.029
344	2200	7.636	0.035
344	2400	8.473	0.042
344	2600	9.337	0.049
344	2800	10.231	0.057
344	3000	11.155	0.065
344	3200	12.110	0.074
344	3400	13.098	0.084
344	3600	14.121	0.095
344	3800	15.18	0.11
344	4000	16.28	0.12
344	4200	17.41	0.13
344	4400	18.59	0.15
344	4600	19.81	0.16
344	4800	21.08	0.18
344	5000	22.39	0.20
344	5200	23.76	0.22
344	5400	25.17	0.25
344	5600	26.65	0.27
344	5800	28.18	0.30
344	6000	29.78	0.33
344	6200	31.44	0.36
344	6400	33.17	0.39
344	6600	34.98	0.43
344	6800	36.87	0.47
344	7000	38.84	0.52
344	7200	40.90	0.56
344	7244.8	41.37	0.57
345	200	0.58871	0.00031
345	400	1.1958	0.0012
345	600	1.8219	0.0028
345	800	2.4677	0.0049
345	1000	3.1339	0.0075
345	1200	3.821	0.011
345	1400	4.530	0.014
345	1600	5.262	0.019
345	1800	6.017	0.024
345	2000	6.797	0.029
345	2200	7.602	0.035
345	2400	8.434	0.041
345	2600	9.293	0.048
345	2800	10.180	0.056
345	3000	11.097	0.064
345	3200	12.045	0.073
345	3400	13.026	0.083
345	3600	14.040	0.094
345	3800	15.09	0.10
345	4000	16.18	0.12
345	4200	17.30	0.13
345	4400	18.47	0.15
345	4600	19.67	0.16
345	4800	20.92	0.18
345	5000	22.22	0.20
345	5200	23.57	0.22
345	5400	24.97	0.24
345	5600	26.42	0.26
345	5800	27.94	0.29
345	6000	29.51	0.32
345	6200	31.14	0.35
345	6400	32.85	0.38
345	6600	34.62	0.42
345	6800	36.47	0.46
345	7000	38.41	0.50
345	7200	40.42	0.55
345	7244.8	40.89	0.56
346	200	0.58693	0.00031
346	400	1.1921	0.0012
346	600	1.8160	0.0027
346	800	2.4594	0.0048
346	1000	3.1228	0.0075
346	1200	3.807	0.011
346	1400	4.513	0.014
346	1600	5.241	0.019
346	1800	5.993	0.023
346	2000	6.768	0.029
346	2200	7.569	0.034
346	2400	8.395	0.041
346	2600	9.248	0.048
346	2800	10.130	0.055
346	3000	11.040	0.063
346	3200	11.981	0.072
346	3400	12.954	0.082
346	3600	13.960	0.092
346	3800	15.00	0.10
346	4000	16.08	0.12
346	4200	17.19	0.13
346	4400	18.34	0.14
346	4600	19.54	0.16
346	4800	20.78	0.17
346	5000	22.06	0.19
346	5200	23.39	0.21
346	5400	24.77	0.23
346	5600	26.21	0.26
346	5800	27.70	0.28
346	6000	29.24	0.31
346	6200	30.85	0.34
346	6400	32.53	0.37
346	6600	34.27	0.41
346	6800	36.09	0.45
346	7000	37.99	0.49
346	7200	39.97	0.53
346	7244.8	40.42	0.54
347	200	0.58517	0.00031
347	400	1.1883	0.0012
347	600	1.8101	0.0027
347	800	2.4510	0.0048
347	1000	3.1119	0.0074
347	1200	3.793	0.011
347	1400	4.496	0.014
347	1600	5.221	0.018
347	1800	5.968	0.023
347	2000	6.739	0.028
347	2200	7.535	0.034
347	2400	8.357	0.040
347	2600	9.205	0.047
347	2800	10.080	0.055
347	3000	10.984	0.063
347	3200	11.918	0.071
347	3400	12.883	0.081
347	3600	13.881	0.091
347	3800	14.91	0.10
347	4000	15.98	0.11
347	4200	17.08	0.13
347	4400	18.22	0.14
347	4600	19.41	0.16
347	4800	20.63	0.17
347	5000	21.90	0.19
347	5200	23.21	0.21
347	5400	24.58	0.23
347	5600	25.99	0.25
347	5800	27.46	0.28
347	6000	28.99	0.30
347	6200	30.57	0.33
347	6400	32.22	0.36
347	6600	33.94	0.40
347	6800	35.72	0.44
347	7000	37.58	0.47
347	7200	39.52	0.52
347	7244.8	39.97	0.53
348	200	0.58342	0.00031
348	400	1.1846	0.0012
348	600	1.8042	0.0027
348	800	2.4428	0.0047
348	1000	3.1010	0.0073
348	1200	3.779	0.010
348	1400	4.479	0.014
348	1600	5.200	0.018
348	1800	5.944	0.023
348	2000	6.711	0.028
348	2200	7.502	0.034
348	2400	8.319	0.040
348	2600	9.161	0.047
348	2800	10.031	0.054
348	3000	10.929	0.062
348	3200	11.856	0.070
348	3400	12.813	0.079
348	3600	13.803	0.089
348	3800	14.825	0.100
348	4000	15.88	0.11
348	4200	16.98	0.12
348	4400	18.11	0.14
348	4600	19.28	0.15
348	4800	20.49	0.17
348	5000	21.74	0.19
348	5200	23.04	0.20
348	5400	24.39	0.22
348	5600	25.78	0.25
348	5800	27.23	0.27
348	6000	28.74	0.30
348	6200	30.30	0.32
348	6400	31.92	0.36
348	6600	33.61	0.39
348	6800	35.36	0.42
348	7000	37.19	0.46
348	7200	39.09	0.50
348	7244.8	39.53	0.51
349	200	0.58168	0.00030
349	400	1.1810	0.0012
349	600	1.7984	0.0027
349	800	2.4346	0.0047
349	1000	3.0902	0.0073
349	1200	3.766	0.010
349	1400	4.462	0.014
349	1600	5.180	0.018
349	1800	5.920	0.023
349	2000	6.683	0.028
349	2200	7.470	0.033
349	2400	8.281	0.039
349	2600	9.119	0.046
349	2800	9.983	0.053
349	3000	10.874	0.061
349	3200	11.794	0.069
349	3400	12.745	0.078
349	3600	13.726	0.088
349	3800	14.740	0.098
349	4000	15.79	0.11
349	4200	16.87	0.12
349	4400	17.99	0.14
349	4600	19.15	0.15
349	4800	20.35	0.16
349	5000	21.59	0.18
349	5200	22.87	0.20
349	5400	24.20	0.22
349	5600	25.58	0.24
349	5800	27.01	0.26
349	6000	28.49	0.29
349	6200	30.03	0.32
349	6400	31.63	0.35
349	6600	33.29	0.38
349	6800	35.02	0.41
349	7000	36.81	0.45
349	7200	38.68	0.49
349	7244.8	39.10	0.50
350	200	0.57995	0.00030
350	400	1.1773	0.0012
350	600	1.7926	0.0027
350	800	2.4265	0.0047
350	1000	3.0795	0.0072
350	1200	3.752	0.010
350	1400	4.445	0.014
350	1600	5.160	0.018
350	1800	5.896	0.022
350	2000	6.655	0.027
350	2200	7.438	0.033
350	2400	8.244	0.039
350	2600	9.076	0.046
350	2800	9.935	0.053
350	3000	10.820	0.060
350	3200	11.734	0.068
350	3400	12.677	0.077
350	3600	13.651	0.087
350	3800	14.656	0.097
350	4000	15.69	0.11
350	4200	16.77	0.12
350	4400	17.88	0.13
350	4600	19.02	0.15
350	4800	20.21	0.16
350	5000	21.44	0.18
350	5200	22.71	0.20
350	5400	24.02	0.22
350	5600	25.38	0.24
350	5800	26.79	0.26
350	6000	28.25	0.28
350	6200	29.77	0.31
350	6400	31.35	0.34
350	6600	32.98	0.37
350	6800	34.68	0.40
350	7000	36.44	0.44
350	7200	38.27	0.48
350	7244.8	38.69	0.49
351	200	0.57823	0.00030
351	400	1.1737	0.0012
351	600	1.7869	0.0026
351	800	2.4184	0.0046
351	1000	3.0688	0.0072
351	1200	3.739	0.010
351	1400	4.429	0.014
351	1600	5.140	0.018
351	1800	5.873	0.022
351	2000	6.628	0.027
351	2200	7.406	0.033
351	2400	8.208	0.039
351	2600	9.035	0.045
351	2800	9.887	0.052
351	3000	10.767	0.059
351	3200	11.674	0.067
351	3400	12.610	0.076
351	3600	13.576	0.085
351	3800	14.573	0.095
351	4000	15.60	0.11
351	4200	16.67	0.12
351	4400	17.76	0.13
351	4600	18.90	0.14
351	4800	20.07	0.16
351	5000	21.29	0.17
351	5200	22.54	0.19
351	5400	23.84	0.21
351	5600	25.19	0.23
351	5800	26.58	0.25
351	6000	28.02	0.28
351	6200	29.52	0.30
351	6400	31.07	0.33
351	6600	32.68	0.36
351	6800	34.35	0.39
351	7000	36.08	0.43
351	7200	37.88	0.47
351	7244.8	38.29	0.47
352	200	0.57652	0.00030
352	400	1.1701	0.0012
352	600	1.7812	0.0026
352	800	2.4104	0.0046
352	1000	3.0583	0.0071
352	1200	3.725	0.010
352	1400	4.413	0.014
352	1600	5.120	0.018
352	1800	5.849	0.022
352	2000	6.600	0.027
352	2200	7.374	0.032
352	2400	8.172	0.038
352	2600	8.994	0.045
352	2800	9.841	0.051
352	3000	10.714	0.059
352	3200	11.615	0.067
352	3400	12.544	0.075
352	3600	13.503	0.084
352	3800	14.492	0.094
352	4000	15.51	0.10
352	4200	16.57	0.12
352	4400	17.65	0.13
352	4600	18.78	0.14
352	4800	19.94	0.16
352	5000	21.14	0.17
352	5200	22.38	0.19
352	5400	23.67	0.21
352	5600	24.99	0.23
352	5800	26.37	0.25
352	6000	27.79	0.27
352	6200	29.27	0.30
352	6400	30.80	0.32
352	6600	32.38	0.35
352	6800	34.02	0.38
352	7000	35.73	0.42
352	7200	37.50	0.45
352	7244.8	37.90	0.46
353	200	0.57483	0.00030
353	400	1.1665	0.0012
353	600	1.7755	0.0026
353	800	2.4024	0.0046
353	1000	3.0478	0.0070
353	1200	3.712	0.010
353	1400	4.396	0.013
353	1600	5.101	0.017
353	1800	5.826	0.022
353	2000	6.573	0.027
353	2200	7.343	0.032
353	2400	8.136	0.038
353	2600	8.953	0.044
353	2800	9.795	0.051
353	3000	10.662	0.058
353	3200	11.557	0.066
353	3400	12.479	0.074
353	3600	13.430	0.083
353	3800	14.411	0.093
353	4000	15.42	0.10
353	4200	16.47	0.11
353	4400	17.55	0.13
353	4600	18.66	0.14
353	4800	19.81	0.15
353	5000	21.00	0.17
353	5200	22.23	0.18
353	5400	23.50	0.20
353	5600	24.81	0.22
353	5800	26.17	0.24
353	6000	27.57	0.26
353	6200	29.03	0.29
353	6400	30.53	0.32
353	6600	32.09	0.34
353	6800	33.71	0.37
353	7000	35.39	0.41
353	7200	37.13	0.44
353	7244.8	37.53	0.45
354	200	0.57314	0.00029
354	400	1.1629	0.0012
354	600	1.7699	0.0026
354	800	2.3945	0.0045
354	1000	3.0374	0.0070
354	1200	3.6992	0.0099
354	1400	4.380	0.013
354	1600	5.081	0.017
354	1800	5.803	0.022
354	2000	6.547	0.026
354	2200	7.312	0.032
354	2400	8.101	0.037
354	2600	8.913	0.044
354	2800	9.749	0.050
354	3000	10.611	0.057
354	3200	11.499	0.065
354	3400	12.415	0.073
354	3600	13.359	0.082
354	3800	14.332	0.091
354	4000	15.34	0.10
354	4200	16.37	0.11
354	4400	17.44	0.12
354	4600	18.54	0.14
354	4800	19.68	0.15
354	5000	20.86	0.17
354	5200	22.07	0.18
354	5400	23.33	0.20
354	5600	24.62	0.22
354	5800	25.97	0.24
354	6000	27.35	0.26
354	6200	28.79	0.28
354	6400	30.27	0.31
354	6600	31.81	0.34
354	6800	33.40	0.37
354	7000	35.05	0.40
354	7200	36.77	0.43
354	7244.8	37.16	0.44
355	200	0.57146	0.00029
355	400	1.1594	0.0012
355	600	1.7643	0.0026
355	800	2.3867	0.0045
355	1000	3.0271	0.0069
355	1200	3.6862	0.0099
355	1400	4.364	0.013
355	1600	5.062	0.017
355	1800	5.781	0.021
355	2000	6.520	0.026
355	2200	7.282	0.031
355	2400	8.066	0.037
355	2600	8.873	0.043
355	2800	9.704	0.050
355	3000	10.560	0.057
355	3200	11.443	0.064
355	3400	12.352	0.072
355	3600	13.289	0.081
355	3800	14.254	0.090
355	4000	15.25	0.10
355	4200	16.28	0.11
355	4400	17.34	0.12
355	4600	18.43	0.13
355	4800	19.56	0.15
355	5000	20.72	0.16
355	5200	21.92	0.18
355	5400	23.16	0.19
355	5600	24.44	0.21
355	5800	25.77	0.23
355	6000	27.14	0.25
355	6200	28.56	0.28
355	6400	30.02	0.30
355	6600	31.54	0.33
355	6800	33.11	0.36
355	7000	34.73	0.39
355	7200	36.41	0.42
355	7244.8	36.80	0.43
356	200	0.56979	0.00029
356	400	1.1559	0.0011
356	600	1.7588	0.0025
356	800	2.3789	0.0045
356	1000	3.0169	0.0069
356	1200	3.6733	0.0098
356	1400	4.349	0.013
356	1600	5.043	0.017
356	1800	5.758	0.021
356	2000	6.494	0.026
356	2200	7.251	0.031
356	2400	8.031	0.037
356	2600	8.833	0.043
356	2800	9.660	0.049
356	3000	10.510	0.056
356	3200	11.387	0.064
356	3400	12.289	0.071
356	3600	13.219	0.080
356	3800	14.177	0.089
356	4000	15.165	0.099
356	4200	16.18	0.11
356	4400	17.23	0.12
356	4600	18.32	0.13
356	4800	19.43	0.15
356	5000	20.58	0.16
356	5200	21.77	0.17
356	5400	23.00	0.19
356	5600	24.27	0.21
356	5800	25.58	0.23
356	6000	26.93	0.25
356	6200	28.33	0.27
356	6400	29.77	0.29
356	6600	31.27	0.32
356	6800	32.82	0.35
356	7000	34.42	0.38
356	7200	36.07	0.41
356	7244.8	36.45	0.42
357	200	0.56814	0.00029
357	400	1.1524	0.0011
357	600	1.7533	0.0025
357	800	2.3712	0.0044
357	1000	3.0068	0.0068
357	1200	3.6605	0.0097
357	1400	4.333	0.013
357	1600	5.025	0.017
357	1800	5.736	0.021
357	2000	6.468	0.026
357	2200	7.222	0.031
357	2400	7.997	0.036
357	2600	8.794	0.042
357	2800	9.616	0.049
357	3000	10.461	0.055
357	3200	11.331	0.063
357	3400	12.228	0.071
357	3600	13.151	0.079
357	3800	14.102	0.088
357	4000	15.081	0.097
357	4200	16.09	0.11
357	4400	17.13	0.12
357	4600	18.20	0.13
357	4800	19.31	0.14
357	5000	20.45	0.16
357	5200	21.63	0.17
357	5400	22.84	0.19
357	5600	24.10	0.20
357	5800	25.39	0.22
357	6000	26.73	0.24
357	6200	28.11	0.26
357	6400	29.53	0.29
357	6600	31.01	0.31
357	6800	32.53	0.34
357	7000	34.11	0.37
357	7200	35.74	0.40
357	7244.8	36.11	0.41
358	200	0.56649	0.00029
358	400	1.1489	0.0011
358	600	1.7478	0.0025
358	800	2.3636	0.0044
358	1000	2.9967	0.0068
358	1200	3.6478	0.0096
358	1400	4.317	0.013
358	1600	5.006	0.017
358	1800	5.714	0.021
358	2000	6.443	0.026
358	2200	7.192	0.031
358	2400	7.963	0.036
358	2600	8.756	0.042
358	2800	9.572	0.048
358	3000	10.412	0.055
358	3200	11.277	0.062
358	3400	12.167	0.070
358	3600	13.083	0.078
358	3800	14.027	0.087
358	4000	14.999	0.096
358	4200	16.00	0.11
358	4400	17.03	0.12
358	4600	18.09	0.13
358	4800	19.19	0.14
358	5000	20.32	0.15
358	5200	21.48	0.17
358	5400	22.69	0.18
358	5600	23.93	0.20
358	5800	25.20	0.22
358	6000	26.53	0.24
358	6200	27.89	0.26
358	6400	29.30	0.28
358	6600	30.75	0.31
358	6800	32.25	0.33
358	7000	33.81	0.36
358	7200	35.41	0.39
358	7244.8	35.78	0.40
359	200	0.56485	0.00028
359	400	1.1455	0.0011
359	600	1.7424	0.0025
359	800	2.3560	0.0044
359	1000	2.9867	0.0067
359	1200	3.6352	0.0095
359	1400	4.302	0.013
359	1600	4.987	0.017
359	1800	5.692	0.021
359	2000	6.417	0.025
359	2200	7.163	0.030
359	2400	7.929	0.036
359	2600	8.718	0.041
359	2800	9.529	0.048
359	3000	10.364	0.054
359	3200	11.223	0.061
359	3400	12.107	0.069
359	3600	13.017	0.077
359	3800	13.953	0.086
359	4000	14.917	0.095
359	4200	15.91	0.10
359	4400	16.93	0.12
359	4600	17.99	0.13
359	4800	19.07	0.14
359	5000	20.19	0.15
359	5200	21.34	0.17
359	5400	22.53	0.18
359	5600	23.76	0.20
359	5800	25.02	0.21
359	6000	26.33	0.23
359	6200	27.68	0.25
359	6400	29.07	0.28
359	6600	30.50	0.30
359	6800	31.98	0.33
359	7000	33.51	0.35
359	7200	35.10	0.38
359	7244.8	35.46	0.39
360	200	0.56322	0.00028
360	400	1.1421	0.0011
360	600	1.7370	0.0025
360	800	2.3484	0.0043
360	1000	2.9768	0.0067
360	1200	3.6227	0.0095
360	1400	4.287	0.013
360	1600	4.969	0.016
360	1800	5.671	0.021
360	2000	6.392	0.025
360	2200	7.134	0.030
360	2400	7.896	0.035
360	2600	8.680	0.041
360	2800	9.487	0.047
360	3000	10.316	0.054
360	3200	11.170	0.061
360	3400	12.047	0.068
360	3600	12.951	0.076
360	3800	13.880	0.085
360	4000	14.837	0.094
360	4200	15.82	0.10
360	4400	16.84	0.11
360	4600	17.88	0.12
360	4800	18.96	0.14
360	5000	20.06	0.15
360	5200	21.21	0.16
360	5400	22.38	0.18
360	5600	23.60	0.19
360	5800	24.85	0.21
360	6000	26.14	0.23
360	6200	27.47	0.25
360	6400	28.84	0.27
360	6600	30.26	0.29
360	6800	31.72	0.32
360	7000	33.23	0.34
360	7200	34.79	0.37
360	7244.8	35.14	0.38
361	200	0.56161	0.00028
361	400	1.1387	0.0011
361	600	1.7316	0.0024
361	800	2.3409	0.0043
361	1000	2.9670	0.0066
361	1200	3.6103	0.0094
361	1400	4.272	0.013
361	1600	4.951	0.016
361	1800	5.649	0.020
361	2000	6.367	0.025
361	2200	7.105	0.030
361	2400	7.863	0.035
361	2600	8.643	0.041
361	2800	9.445	0.047
361	3000	10.269	0.053
361	3200	11.117	0.060
361	3400	11.989	0.067
361	3600	12.886	0.075
361	3800	13.809	0.084
361	4000	14.758	0.092
361	4200	15.74	0.10
361	4400	16.74	0.11
361	4600	17.78	0.12
361	4800	18.84	0.13
361	5000	19.94	0.15
361	5200	21.07	0.16
361	5400	22.24	0.17
361	5600	23.44	0.19
361	5800	24.67	0.21
361	6000	25.95	0.22
361	6200	27.26	0.24
361	6400	28.62	0.26
361	6600	30.02	0.29
361	6800	31.46	0.31
361	7000	32.95	0.34
361	7200	34.48	0.36
361	7244.8	34.84	0.37
362	200	0.56000	0.00028
362	400	1.1353	0.0011
362	600	1.7263	0.0024
362	800	2.3335	0.0043
362	1000	2.9572	0.0066
362	1200	3.5981	0.0093
362	1400	4.256	0.013
362	1600	4.933	0.016
362	1800	5.628	0.020
362	2000	6.342	0.025
362	2200	7.076	0.029
362	2400	7.831	0.035
362	2600	8.606	0.040
362	2800	9.403	0.046
362	3000	10.223	0.053
362	3200	11.065	0.059
362	3400	11.931	0.067
362	3600	12.822	0.074
362	3800	13.738	0.083
362	4000	14.680	0.091
362	4200	15.65	0.10
362	4400	16.65	0.11
362	4600	17.67	0.12
362	4800	18.73	0.13
362	5000	19.82	0.14
362	5200	20.94	0.16
362	5400	22.09	0.17
362	5600	23.28	0.19
362	5800	24.50	0.20
362	6000	25.76	0.22
362	6200	27.06	0.24
362	6400	28.40	0.26
362	6600	29.78	0.28
362	6800	31.21	0.30
362	7000	32.67	0.33
362	7200	34.19	0.36
362	7244.8	34.54	0.36
363	200	0.55840	0.00028
363	400	1.1319	0.0011
363	600	1.7210	0.0024
363	800	2.3261	0.0042
363	1000	2.9475	0.0065
363	1200	3.5859	0.0093
363	1400	4.242	0.012
363	1600	4.915	0.016
363	1800	5.607	0.020
363	2000	6.318	0.024
363	2200	7.048	0.029
363	2400	7.799	0.034
363	2600	8.570	0.040
363	2800	9.362	0.046
363	3000	10.177	0.052
363	3200	11.014	0.059
363	3400	11.874	0.066
363	3600	12.758	0.074
363	3800	13.668	0.082
363	4000	14.603	0.090
363	4200	15.565	0.099
363	4400	16.55	0.11
363	4600	17.57	0.12
363	4800	18.62	0.13
363	5000	19.70	0.14
363	5200	20.81	0.15
363	5400	21.95	0.17
363	5600	23.12	0.18
363	5800	24.33	0.20
363	6000	25.58	0.22
363	6200	26.86	0.23
363	6400	28.19	0.25
363	6600	29.55	0.28
363	6800	30.96	0.30
363	7000	32.41	0.32
363	7200	33.90	0.35
363	7244.8	34.24	0.35
364	200	0.55681	0.00027
364	400	1.1286	0.0011
364	600	1.7158	0.0024
364	800	2.3187	0.0042
364	1000	2.9379	0.0065
364	1200	3.5738	0.0092
364	1400	4.227	0.012
364	1600	4.897	0.016
364	1800	5.586	0.020
364	2000	6.294	0.024
364	2200	7.020	0.029
364	2400	7.767	0.034
364	2600	8.534	0.040
364	2800	9.321	0.045
364	3000	10.131	0.052
364	3200	10.963	0.058
364	3400	11.818	0.065
364	3600	12.696	0.073
364	3800	13.599	0.081
364	4000	14.527	0.089
364	4200	15.482	0.098
364	4400	16.46	0.11
364	4600	17.47	0.12
364	4800	18.51	0.13
364	5000	19.58	0.14
364	5200	20.68	0.15
364	5400	21.81	0.17
364	5600	22.97	0.18
364	5800	24.17	0.20
364	6000	25.40	0.21
364	6200	26.67	0.23
364	6400	27.98	0.25
364	6600	29.33	0.27
364	6800	30.71	0.29
364	7000	32.15	0.32
364	7200	33.62	0.34
364	7244.8	33.96	0.35
365	200	0.55523	0.00027
365	400	1.1253	0.0011
365	600	1.7105	0.0024
365	800	2.3114	0.0042
365	1000	2.9284	0.0064
365	1200	3.5618	0.0091
365	1400	4.212	0.012
365	1600	4.880	0.016
365	1800	5.566	0.020
365	2000	6.270	0.024
365	2200	6.993	0.029
365	2400	7.735	0.034
365	2600	8.498	0.039
365	2800	9.281	0.045
365	3000	10.086	0.051
365	3200	10.913	0.058
365	3400	11.762	0.065
365	3600	12.634	0.072
365	3800	13.531	0.080
365	4000	14.452	0.088
365	4200	15.400	0.097
365	4400	16.37	0.11
365	4600	17.37	0.12
365	4800	18.40	0.13
365	5000	19.46	0.14
365	5200	20.55	0.15
365	5400	21.67	0.16
365	5600	22.82	0.18
365	5800	24.01	0.19
365	6000	25.23	0.21
365	6200	26.48	0.23
365	6400	27.78	0.24
365	6600	29.11	0.26
365	6800	30.48	0.29
365	7000	31.89	0.31
365	7200	33.34	0.33
365	7244.8	33.68	0.34
366	200	0.55366	0.00027
366	400	1.1220	0.0011
366	600	1.7054	0.0024
366	800	2.3042	0.0041
366	1000	2.9189	0.0064
366	1200	3.5499	0.0091
366	1400	4.198	0.012
366	1600	4.863	0.016
366	1800	5.545	0.020
366	2000	6.246	0.024
366	2200	6.965	0.029
366	2400	7.704	0.034
366	2600	8.463	0.039
366	2800	9.242	0.045
366	3000	10.041	0.051
366	3200	10.863	0.057
366	3400	11.707	0.064
366	3600	12.573	0.071
366	3800	13.464	0.079
366	4000	14.379	0.087
366	4200	15.319	0.096
366	4400	16.28	0.10
366	4600	17.28	0.11
366	4800	18.30	0.12
366	5000	19.35	0.14
366	5200	20.43	0.15
366	5400	21.53	0.16
366	5600	22.68	0.17
366	5800	23.85	0.19
366	6000	25.06	0.20
366	6200	26.30	0.22
366	6400	27.58	0.24
366	6600	28.89	0.26
366	6800	30.24	0.28
366	7000	31.64	0.30
366	7200	33.07	0.33
366	7244.8	33.40	0.33
367	200	0.55210	0.00027
367	400	1.1187	0.0011
367	600	1.7002	0.0023
367	800	2.2970	0.0041
367	1000	2.9095	0.0063
367	1200	3.5381	0.0090
367	1400	4.183	0.012
367	1600	4.845	0.016
367	1800	5.525	0.019
367	2000	6.222	0.024
367	2200	6.938	0.028
367	2400	7.673	0.033
367	2600	8.428	0.039
367	2800	9.202	0.044
367	3000	9.997	0.050
367	3200	10.814	0.057
367	3400	11.652	0.063
367	3600	12.513	0.071
367	3800	13.398	0.078
367	4000	14.306	0.086
367	4200	15.239	0.094
367	4400	16.20	0.10
367	4600	17.18	0.11
367	4800	18.19	0.12
367	5000	19.23	0.13
367	5200	20.30	0.15
367	5400	21.40	0.16
367	5600	22.53	0.17
367	5800	23.69	0.19
367	6000	24.89	0.20
367	6200	26.12	0.22
367	6400	27.38	0.23
367	6600	28.68	0.25
367	6800	30.02	0.27
367	7000	31.39	0.30
367	7200	32.81	0.32
367	7244.8	33.13	0.32
368	200	0.55054	0.00027
368	400	1.1155	0.0010
368	600	1.6951	0.0023
368	800	2.2899	0.0041
368	1000	2.9001	0.0063
368	1200	3.5263	0.0089
368	1400	4.169	0.012
368	1600	4.828	0.015
368	1800	5.505	0.019
368	2000	6.199	0.023
368	2200	6.911	0.028
368	2400	7.643	0.033
368	2600	8.393	0.038
368	2800	9.163	0.044
368	3000	9.954	0.050
368	3200	10.765	0.056
368	3400	11.599	0.063
368	3600	12.454	0.070
368	3800	13.332	0.077
368	4000	14.234	0.085
368	4200	15.160	0.093
368	4400	16.11	0.10
368	4600	17.09	0.11
368	4800	18.09	0.12
368	5000	19.12	0.13
368	5200	20.18	0.14
368	5400	21.27	0.16
368	5600	22.39	0.17
368	5800	23.54	0.18
368	6000	24.72	0.20
368	6200	25.94	0.21
368	6400	27.19	0.23
368	6600	28.47	0.25
368	6800	29.79	0.27
368	7000	31.15	0.29
368	7200	32.55	0.31
368	7244.8	32.87	0.32
369	200	0.54900	0.00026
369	400	1.1122	0.0010
369	600	1.6900	0.0023
369	800	2.2828	0.0040
369	1000	2.8909	0.0062
369	1200	3.5147	0.0089
369	1400	4.155	0.012
369	1600	4.811	0.015
369	1800	5.485	0.019
369	2000	6.176	0.023
369	2200	6.885	0.028
369	2400	7.612	0.033
369	2600	8.359	0.038
369	2800	9.125	0.043
369	3000	9.911	0.049
369	3200	10.717	0.056
369	3400	11.545	0.062
369	3600	12.395	0.069
369	3800	13.267	0.076
369	4000	14.163	0.084
369	4200	15.082	0.092
369	4400	16.03	0.10
369	4600	17.00	0.11
369	4800	17.99	0.12
369	5000	19.01	0.13
369	5200	20.06	0.14
369	5400	21.14	0.15
369	5600	22.25	0.17
369	5800	23.39	0.18
369	6000	24.56	0.19
369	6200	25.76	0.21
369	6400	27.00	0.23
369	6600	28.27	0.24
369	6800	29.57	0.26
369	7000	30.92	0.28
369	7200	32.30	0.31
369	7244.8	32.61	0.31
370	200	0.54746	0.00026
370	400	1.1090	0.0010
370	600	1.6850	0.0023
370	800	2.2757	0.0040
370	1000	2.8817	0.0062
370	1200	3.5031	0.0088
370	1400	4.141	0.012
370	1600	4.794	0.015
370	1800	5.465	0.019
370	2000	6.153	0.023
370	2200	6.859	0.028
370	2400	7.582	0.032
370	2600	8.325	0.038
370	2800	9.087	0.043
370	3000	9.868	0.049
370	3200	10.670	0.055
370	3400	11.493	0.062
370	3600	12.337	0.068
370	3800	13.203	0.076
370	4000	14.093	0.083
370	4200	15.005	0.091
370	4400	15.942	0.100
370	4600	16.90	0.11
370	4800	17.89	0.12
370	5000	18.90	0.13
370	5200	19.95	0.14
370	5400	21.01	0.15
370	5600	22.11	0.16
370	5800	23.24	0.18
370	6000	24.40	0.19
370	6200	25.59	0.21
370	6400	26.81	0.22
370	6600	28.07	0.24
370	6800	29.36	0.26
370	7000	30.69	0.28
370	7200	32.05	0.30
370	7244.8	32.36	0.30
371	200	0.54594	0.00026
371	400	1.1058	0.0010
371	600	1.6800	0.0023
371	800	2.2687	0.0040
371	1000	2.8725	0.0061
371	1200	3.4917	0.0087
371	1400	4.127	0.012
371	1600	4.778	0.015
371	1800	5.445	0.019
371	2000	6.130	0.023
371	2200	6.832	0.027
371	2400	7.553	0.032
371	2600	8.291	0.037
371	2800	9.049	0.043
371	3000	9.826	0.048
371	3200	10.623	0.055
371	3400	11.441	0.061
371	3600	12.280	0.068
371	3800	13.140	0.075
371	4000	14.023	0.082
371	4200	14.930	0.090
371	4400	15.859	0.099
371	4600	16.81	0.11
371	4800	17.79	0.12
371	5000	18.80	0.13
371	5200	19.83	0.14
371	5400	20.89	0.15
371	5600	21.98	0.16
371	5800	23.09	0.17
371	6000	24.24	0.19
371	6200	25.42	0.20
371	6400	26.63	0.22
371	6600	27.87	0.24
371	6800	29.15	0.25
371	7000	30.46	0.27
371	7200	31.81	0.29
371	7244.8	32.12	0.30
372	200	0.54442	0.00026
372	400	1.1026	0.0010
372	600	1.6750	0.0023
372	800	2.2618	0.0040
372	1000	2.8634	0.0061
372	1200	3.4803	0.0087
372	1400	4.113	0.012
372	1600	4.761	0.015
372	1800	5.426	0.019
372	2000	6.108	0.023
372	2200	6.807	0.027
372	2400	7.523	0.032
372	2600	8.258	0.037
372	2800	9.012	0.042
372	3000	9.784	0.048
372	3200	10.577	0.054
372	3400	11.390	0.060
372	3600	12.223	0.067
372	3800	13.078	0.074
372	4000	13.955	0.082
372	4200	14.855	0.089
372	4400	15.778	0.098
372	4600	16.72	0.11
372	4800	17.70	0.12
372	5000	18.69	0.13
372	5200	19.72	0.14
372	5400	20.77	0.15
372	5600	21.84	0.16
372	5800	22.95	0.17
372	6000	24.09	0.18
372	6200	25.25	0.20
372	6400	26.45	0.21
372	6600	27.68	0.23
372	6800	28.94	0.25
372	7000	30.24	0.27
372	7200	31.57	0.29
372	7244.8	31.87	0.29
373	200	0.54291	0.00026
373	400	1.0995	0.0010
373	600	1.6700	0.0022
373	800	2.2549	0.0039
373	1000	2.8544	0.0061
373	1200	3.4690	0.0086
373	1400	4.099	0.012
373	1600	4.745	0.015
373	1800	5.407	0.019
373	2000	6.085	0.023
373	2200	6.781	0.027
373	2400	7.494	0.032
373	2600	8.225	0.037
373	2800	8.975	0.042
373	3000	9.743	0.048
373	3200	10.531	0.054
373	3400	11.339	0.060
373	3600	12.167	0.066
373	3800	13.017	0.073
373	4000	13.888	0.081
373	4200	14.781	0.088
373	4400	15.697	0.096
373	4600	16.64	0.11
373	4800	17.60	0.11
373	5000	18.59	0.12
373	5200	19.60	0.13
373	5400	20.65	0.14
373	5600	21.71	0.16
373	5800	22.81	0.17
373	6000	23.93	0.18
373	6200	25.09	0.20
373	6400	26.27	0.21
373	6600	27.49	0.23
373	6800	28.74	0.24
373	7000	30.02	0.26
373	7200	31.34	0.28
373	7244.8	31.64	0.29
374	200	0.54141	0.00025
374	400	1.0963	0.0010
374	600	1.6651	0.0022
374	800	2.2480	0.0039
374	1000	2.8455	0.0060
374	1200	3.4578	0.0085
374	1400	4.085	0.011
374	1600	4.728	0.015
374	1800	5.388	0.018
374	2000	6.063	0.022
374	2200	6.756	0.027
374	2400	7.465	0.031
374	2600	8.193	0.036
374	2800	8.938	0.042
374	3000	9.702	0.047
374	3200	10.486	0.053
374	3400	11.289	0.059
374	3600	12.112	0.066
374	3800	12.956	0.073
374	4000	13.821	0.080
374	4200	14.708	0.087
374	4400	15.618	0.095
374	4600	16.55	0.10
374	4800	17.51	0.11
374	5000	18.49	0.12
374	5200	19.49	0.13
374	5400	20.53	0.14
374	5600	21.58	0.15
374	5800	22.67	0.17
374	6000	23.79	0.18
374	6200	24.93	0.19
374	6400	26.10	0.21
374	6600	27.31	0.22
374	6800	28.54	0.24
374	7000	29.81	0.26
374	7200	31.11	0.28
374	7244.8	31.41	0.28
375	200	0.53992	0.00025
375	400	1.09322	0.00100
375	600	1.6602	0.0022
375	800	2.2412	0.0039
375	1000	2.8366	0.0060
375	1200	3.4467	0.0085
375	1400	4.072	0.011
375	1600	4.712	0.015
375	1800	5.369	0.018
375	2000	6.041	0.022
375	2200	6.730	0.027
375	2400	7.437	0.031
375	2600	8.160	0.036
375	2800	8.902	0.041
375	3000	9.662	0.047
375	3200	10.441	0.053
375	3400	11.239	0.059
375	3600	12.057	0.065
375	3800	12.896	0.072
375	4000	13.755	0.079
375	4200	14.636	0.087
375	4400	15.539	0.094
375	4600	16.47	0.10
375	4800	17.41	0.11
375	5000	18.39	0.12
375	5200	19.39	0.13
375	5400	20.41	0.14
375	5600	21.46	0.15
375	5800	22.53	0.16
375	6000	23.64	0.18
375	6200	24.77	0.19
375	6400	25.93	0.20
375	6600	27.12	0.22
375	6800	28.35	0.24
375	7000	29.60	0.25
375	7200	30.89	0.27
375	7244.8	31.18	0.28
376	200	0.53844	0.00025
376	400	1.09012	0.00099
376	600	1.6554	0.0022
376	800	2.2345	0.0039
376	1000	2.8278	0.0059
376	1200	3.4356	0.0084
376	1400	4.058	0.011
376	1600	4.696	0.015
376	1800	5.350	0.018
376	2000	6.020	0.022
376	2200	6.706	0.026
376	2400	7.408	0.031
376	2600	8.128	0.036
376	2800	8.866	0.041
376	3000	9.622	0.046
376	3200	10.396	0.052
376	3400	11.190	0.058
376	3600	12.003	0.065
376	3800	12.836	0.071
376	4000	13.690	0.078
376	4200	14.565	0.086
376	4400	15.462	0.093
376	4600	16.38	0.10
376	4800	17.32	0.11
376	5000	18.29	0.12
376	5200	19.28	0.13
376	5400	20.29	0.14
376	5600	21.33	0.15
376	5800	22.40	0.16
376	6000	23.49	0.17
376	6200	24.61	0.19
376	6400	25.76	0.20
376	6600	26.94	0.22
376	6800	28.15	0.23
376	7000	29.39	0.25
376	7200	30.67	0.27
376	7244.8	30.96	0.27
377	200	0.53696	0.00025
377	400	1.08704	0.00098
377	600	1.6505	0.0022
377	800	2.2278	0.0038
377	1000	2.8190	0.0059
377	1200	3.4247	0.0084
377	1400	4.045	0.011
377	1600	4.680	0.014
377	1800	5.331	0.018
377	2000	5.998	0.022
377	2200	6.681	0.026
377	2400	7.380	0.031
377	2600	8.097	0.036
377	2800	8.831	0.041
377	3000	9.582	0.046
377	3200	10.352	0.052
377	3400	11.141	0.058
377	3600	11.950	0.064
377	3800	12.777	0.071
377	4000	13.626	0.078
377	4200	14.495	0.085
377	4400	15.385	0.092
377	4600	16.30	0.10
377	4800	17.23	0.11
377	5000	18.19	0.12
377	5200	19.17	0.13
377	5400	20.18	0.14
377	5600	21.21	0.15
377	5800	22.27	0.16
377	6000	23.35	0.17
377	6200	24.46	0.18
377	6400	25.60	0.20
377	6600	26.77	0.21
377	6800	27.96	0.23
377	7000	29.19	0.24
377	7200	30.45	0.26
377	7244.8	30.74	0.27
378	200	0.53550	0.00025
378	400	1.08398	0.00098
378	600	1.6457	0.0022
378	800	2.2211	0.0038
378	1000	2.8103	0.0058
378	1200	3.4138	0.0083
378	1400	4.032	0.011
378	1600	4.665	0.014
378	1800	5.313	0.018
378	2000	5.977	0.022
378	2200	6.656	0.026
378	2400	7.352	0.030
378	2600	8.065	0.035
378	2800	8.795	0.040
378	3000	9.543	0.046
378	3200	10.309	0.051
378	3400	11.093	0.057
378	3600	11.897	0.063
378	3800	12.719	0.070
378	4000	13.562	0.077
378	4200	14.425	0.084
378	4400	15.310	0.091
378	4600	16.215	0.099
378	4800	17.14	0.11
378	5000	18.09	0.12
378	5200	19.07	0.13
378	5400	20.07	0.14
378	5600	21.09	0.15
378	5800	22.14	0.16
378	6000	23.21	0.17
378	6200	24.31	0.18
378	6400	25.44	0.19
378	6600	26.59	0.21
378	6800	27.78	0.22
378	7000	28.99	0.24
378	7200	30.24	0.26
378	7244.8	30.52	0.26
379	200	0.53404	0.00025
379	400	1.08093	0.00097
379	600	1.6410	0.0022
379	800	2.2144	0.0038
379	1000	2.8017	0.0058
379	1200	3.4030	0.0082
379	1400	4.019	0.011
379	1600	4.649	0.014
379	1800	5.294	0.018
379	2000	5.955	0.022
379	2200	6.632	0.026
379	2400	7.325	0.030
379	2600	8.034	0.035
379	2800	8.761	0.040
379	3000	9.504	0.045
379	3200	10.266	0.051
379	3400	11.046	0.057
379	3600	11.844	0.063
379	3800	12.662	0.069
379	4000	13.499	0.076
379	4200	14.357	0.083
379	4400	15.235	0.091
379	4600	16.135	0.098
379	4800	17.06	0.11
379	5000	18.00	0.11
379	5200	18.97	0.12
379	5400	19.96	0.13
379	5600	20.97	0.14
379	5800	22.01	0.15
379	6000	23.07	0.17
379	6200	24.16	0.18
379	6400	25.28	0.19
379	6600	26.42	0.20
379	6800	27.60	0.22
379	7000	28.80	0.24
379	7200	30.03	0.25
379	7244.8	30.31	0.26
380	200	0.53259	0.00024
380	400	1.07791	0.00096
380	600	1.6362	0.0021
380	800	2.2079	0.0037
380	1000	2.7931	0.0058
380	1200	3.3922	0.0082
380	1400	4.006	0.011
380	1600	4.634	0.014
380	1800	5.276	0.018
380	2000	5.934	0.021
380	2200	6.608	0.026
380	2400	7.298	0.030
380	2600	8.004	0.035
380	2800	8.726	0.040
380	3000	9.466	0.045
380	3200	10.223	0.051
380	3400	10.999	0.056
380	3600	11.793	0.062
380	3800	12.605	0.069
380	4000	13.437	0.075
380	4200	14.289	0.082
380	4400	15.161	0.090
380	4600	16.055	0.097
380	4800	16.97	0.11
380	5000	17.91	0.11
380	5200	18.86	0.12
380	5400	19.85	0.13
380	5600	20.85	0.14
380	5800	21.88	0.15
380	6000	22.94	0.16
380	6200	24.02	0.18
380	6400	25.12	0.19
380	6600	26.26	0.20
380	6800	27.42	0.22
380	7000	28.61	0.23
380	7200	29.83	0.25
380	7244.8	30.10	0.25
381	200	0.53115	0.00024
381	400	1.07490	0.00096
381	600	1.6315	0.0021
381	800	2.2013	0.0037
381	1000	2.7846	0.0057
381	1200	3.3816	0.0081
381	1400	3.993	0.011
381	1600	4.618	0.014
381	1800	5.258	0.017
381	2000	5.914	0.021
381	2200	6.584	0.025
381	2400	7.271	0.030
381	2600	7.973	0.034
381	2800	8.692	0.039
381	3000	9.428	0.045
381	3200	10.181	0.050
381	3400	10.952	0.056
381	3600	11.741	0.062
381	3800	12.549	0.068
381	4000	13.376	0.075
381	4200	14.222	0.082
381	4400	15.089	0.089
381	4600	15.976	0.096
381	4800	16.88	0.10
381	5000	17.81	0.11
381	5200	18.76	0.12
381	5400	19.74	0.13
381	5600	20.74	0.14
381	5800	21.76	0.15
381	6000	22.80	0.16
381	6200	23.87	0.17
381	6400	24.97	0.19
381	6600	26.09	0.20
381	6800	27.24	0.21
381	7000	28.42	0.23
381	7200	29.63	0.24
381	7244.8	29.90	0.25
382	200	0.52971	0.00024
382	400	1.07191	0.00095
382	600	1.6268	0.0021
382	800	2.1948	0.0037
382	1000	2.7761	0.0057
382	1200	3.3710	0.0081
382	1400	3.980	0.011
382	1600	4.603	0.014
382	1800	5.240	0.017
382	2000	5.893	0.021
382	2200	6.560	0.025
382	2400	7.244	0.030
382	2600	7.943	0.034
382	2800	8.658	0.039
382	3000	9.390	0.044
382	3200	10.140	0.050
382	3400	10.906	0.055
382	3600	11.691	0.061
382	3800	12.494	0.068
382	4000	13.315	0.074
382	4200	14.156	0.081
382	4400	15.017	0.088
382	4600	15.898	0.095
382	4800	16.80	0.10
382	5000	17.72	0.11
382	5200	18.67	0.12
382	5400	19.63	0.13
382	5600	20.62	0.14
382	5800	21.63	0.15
382	6000	22.67	0.16
382	6200	23.73	0.17
382	6400	24.82	0.18
382	6600	25.93	0.20
382	6800	27.07	0.21
382	7000	28.24	0.22
382	7200	29.43	0.24
382	7244.8	29.70	0.24
383	200	0.52829	0.00024
383	400	1.06893	0.00094
383	600	1.6222	0.0021
383	800	2.1884	0.0037
383	1000	2.7677	0.0056
383	1200	3.3605	0.0080
383	1400	3.967	0.011
383	1600	4.588	0.014
383	1800	5.223	0.017
383	2000	5.872	0.021
383	2200	6.537	0.025
383	2400	7.217	0.029
383	2600	7.913	0.034
383	2800	8.625	0.039
383	3000	9.353	0.044
383	3200	10.098	0.049
383	3400	10.861	0.055
383	3600	11.641	0.061
383	3800	12.439	0.067
383	4000	13.255	0.073
383	4200	14.091	0.080
383	4400	14.946	0.087
383	4600	15.821	0.094
383	4800	16.72	0.10
383	5000	17.63	0.11
383	5200	18.57	0.12
383	5400	19.53	0.13
383	5600	20.51	0.14
383	5800	21.51	0.15
383	6000	22.54	0.16
383	6200	23.59	0.17
383	6400	24.67	0.18
383	6600	25.77	0.19
383	6800	26.90	0.21
383	7000	28.05	0.22
383	7200	29.23	0.23
383	7244.8	29.50	0.24
384	200	0.52687	0.00024
384	400	1.06598	0.00094
384	600	1.6176	0.0021
384	800	2.1820	0.0036
384	1000	2.7594	0.0056
384	1200	3.3501	0.0080
384	1400	3.954	0.011
384	1600	4.573	0.014
384	1800	5.205	0.017
384	2000	5.852	0.021
384	2200	6.514	0.025
384	2400	7.191	0.029
384	2600	7.883	0.034
384	2800	8.592	0.039
384	3000	9.316	0.044
384	3200	10.057	0.049
384	3400	10.816	0.054
384	3600	11.591	0.060
384	3800	12.385	0.066
384	4000	13.196	0.073
384	4200	14.026	0.079
384	4400	14.876	0.086
384	4600	15.745	0.093
384	4800	16.63	0.10
384	5000	17.54	0.11
384	5200	18.47	0.12
384	5400	19.42	0.13
384	5600	20.40	0.13
384	5800	21.39	0.14
384	6000	22.41	0.15
384	6200	23.46	0.17
384	6400	24.52	0.18
384	6600	25.61	0.19
384	6800	26.73	0.20
384	7000	27.87	0.22
384	7200	29.04	0.23
384	7244.8	29.31	0.23
385	200	0.52546	0.00024
385	400	1.06304	0.00093
385	600	1.6130	0.0021
385	800	2.1756	0.0036
385	1000	2.7511	0.0056
385	1200	3.3397	0.0079
385	1400	3.942	0.011
385	1600	4.558	0.014
385	1800	5.188	0.017
385	2000	5.832	0.021
385	2200	6.491	0.025
385	2400	7.165	0.029
385	2600	7.854	0.033
385	2800	8.559	0.038
385	3000	9.280	0.043
385	3200	10.017	0.049
385	3400	10.771	0.054
385	3600	11.542	0.060
385	3800	12.331	0.066
385	4000	13.138	0.072
385	4200	13.963	0.079
385	4400	14.806	0.085
385	4600	15.669	0.093
385	4800	16.552	0.100
385	5000	17.45	0.11
385	5200	18.38	0.12
385	5400	19.32	0.12
385	5600	20.29	0.13
385	5800	21.28	0.14
385	6000	22.29	0.15
385	6200	23.32	0.16
385	6400	24.38	0.17
385	6600	25.46	0.19
385	6800	26.57	0.20
385	7000	27.70	0.21
385	7200	28.86	0.23
385	7244.8	29.12	0.23
386	200	0.52406	0.00023
386	400	1.06012	0.00092
386	600	1.6084	0.0020
386	800	2.1692	0.0036
386	1000	2.7428	0.0055
386	1200	3.3294	0.0078
386	1400	3.929	0.011
386	1600	4.543	0.014
386	1800	5.170	0.017
386	2000	5.812	0.021
386	2200	6.468	0.024
386	2400	7.139	0.029
386	2600	7.825	0.033
386	2800	8.526	0.038
386	3000	9.243	0.043
386	3200	9.977	0.048
386	3400	10.727	0.054
386	3600	11.494	0.059
386	3800	12.278	0.065
386	4000	13.080	0.071
386	4200	13.900	0.078
386	4400	14.738	0.085
386	4600	15.595	0.092
386	4800	16.472	0.099
386	5000	17.37	0.11
386	5200	18.28	0.11
386	5400	19.22	0.12
386	5600	20.18	0.13
386	5800	21.16	0.14
386	6000	22.16	0.15
386	6200	23.19	0.16
386	6400	24.24	0.17
386	6600	25.31	0.18
386	6800	26.41	0.20
386	7000	27.53	0.21
386	7200	28.67	0.22
386	7244.8	28.93	0.23
387	200	0.52266	0.00023
387	400	1.05721	0.00092
387	600	1.6039	0.0020
387	800	2.1629	0.0036
387	1000	2.7346	0.0055
387	1200	3.3192	0.0078
387	1400	3.917	0.010
387	1600	4.528	0.013
387	1800	5.153	0.017
387	2000	5.792	0.020
387	2200	6.445	0.024
387	2400	7.113	0.028
387	2600	7.796	0.033
387	2800	8.494	0.038
387	3000	9.208	0.043
387	3200	9.937	0.048
387	3400	10.683	0.053
387	3600	11.446	0.059
387	3800	12.225	0.065
387	4000	13.022	0.071
387	4200	13.837	0.077
387	4400	14.670	0.084
387	4600	15.522	0.091
387	4800	16.392	0.098
387	5000	17.28	0.11
387	5200	18.19	0.11
387	5400	19.12	0.12
387	5600	20.07	0.13
387	5800	21.05	0.14
387	6000	22.04	0.15
387	6200	23.06	0.16
387	6400	24.10	0.17
387	6600	25.16	0.18
387	6800	26.25	0.19
387	7000	27.36	0.21
387	7200	28.49	0.22
387	7244.8	28.75	0.22
388	200	0.52127	0.00023
388	400	1.05432	0.00091
388	600	1.5994	0.0020
388	800	2.1567	0.0035
388	1000	2.7265	0.0054
388	1200	3.3091	0.0077
388	1400	3.905	0.010
388	1600	4.514	0.013
388	1800	5.136	0.017
388	2000	5.772	0.020
388	2200	6.423	0.024
388	2400	7.088	0.028
388	2600	7.767	0.033
388	2800	8.462	0.037
388	3000	9.172	0.042
388	3200	9.898	0.047
388	3400	10.640	0.053
388	3600	11.398	0.058
388	3800	12.173	0.064
388	4000	12.966	0.070
388	4200	13.776	0.077
388	4400	14.603	0.083
388	4600	15.449	0.090
388	4800	16.314	0.097
388	5000	17.20	0.10
388	5200	18.10	0.11
388	5400	19.02	0.12
388	5600	19.97	0.13
388	5800	20.93	0.14
388	6000	21.92	0.15
388	6200	22.93	0.16
388	6400	23.96	0.17
388	6600	25.01	0.18
388	6800	26.09	0.19
388	7000	27.19	0.20
388	7200	28.31	0.22
388	7244.8	28.57	0.22
389	200	0.51989	0.00023
389	400	1.05145	0.00090
389	600	1.5949	0.0020
389	800	2.1505	0.0035
389	1000	2.7184	0.0054
389	1200	3.2990	0.0077
389	1400	3.892	0.010
389	1600	4.499	0.013
389	1800	5.119	0.017
389	2000	5.753	0.020
389	2200	6.400	0.024
389	2400	7.062	0.028
389	2600	7.739	0.032
389	2800	8.430	0.037
389	3000	9.137	0.042
389	3200	9.859	0.047
389	3400	10.597	0.052
389	3600	11.351	0.058
389	3800	12.122	0.064
389	4000	12.910	0.070
389	4200	13.715	0.076
389	4400	14.537	0.082
389	4600	15.378	0.089
389	4800	16.237	0.096
389	5000	17.11	0.10
389	5200	18.01	0.11
389	5400	18.93	0.12
389	5600	19.87	0.13
389	5800	20.82	0.14
389	6000	21.80	0.15
389	6200	22.80	0.16
389	6400	23.82	0.17
389	6600	24.87	0.18
389	6800	25.93	0.19
389	7000	27.02	0.20
389	7200	28.14	0.21
389	7244.8	28.39	0.22
390	200	0.51852	0.00023
390	400	1.04859	0.00090
390	600	1.5904	0.0020
390	800	2.1443	0.0035
390	1000	2.7104	0.0054
390	1200	3.2890	0.0076
390	1400	3.880	0.010
390	1600	4.485	0.013
390	1800	5.102	0.016
390	2000	5.733	0.020
390	2200	6.378	0.024
390	2400	7.037	0.028
390	2600	7.711	0.032
390	2800	8.399	0.037
390	3000	9.102	0.042
390	3200	9.821	0.047
390	3400	10.555	0.052
390	3600	11.305	0.057
390	3800	12.071	0.063
390	4000	12.854	0.069
390	4200	13.654	0.075
390	4400	14.472	0.082
390	4600	15.307	0.088
390	4800	16.160	0.095
390	5000	17.03	0.10
390	5200	17.92	0.11
390	5400	18.83	0.12
390	5600	19.76	0.13
390	5800	20.71	0.13
390	6000	21.68	0.14
390	6200	22.68	0.15
390	6400	23.69	0.16
390	6600	24.72	0.17
390	6800	25.78	0.19
390	7000	26.86	0.20
390	7200	27.97	0.21
390	7244.8	28.22	0.21
391	200	0.51716	0.00023
391	400	1.04575	0.00089
391	600	1.5860	0.0020
391	800	2.1382	0.0035
391	1000	2.7024	0.0053
391	1200	3.2791	0.0076
391	1400	3.868	0.010
391	1600	4.470	0.013
391	1800	5.086	0.016
391	2000	5.714	0.020
391	2200	6.356	0.024
391	2400	7.013	0.028
391	2600	7.683	0.032
391	2800	8.368	0.037
391	3000	9.068	0.041
391	3200	9.782	0.046
391	3400	10.513	0.052
391	3600	11.259	0.057
391	3800	12.021	0.063
391	4000	12.799	0.069
391	4200	13.595	0.075
391	4400	14.407	0.081
391	4600	15.237	0.087
391	4800	16.085	0.094
391	5000	16.95	0.10
391	5200	17.84	0.11
391	5400	18.74	0.12
391	5600	19.66	0.12
391	5800	20.60	0.13
391	6000	21.57	0.14
391	6200	22.55	0.15
391	6400	23.56	0.16
391	6600	24.58	0.17
391	6800	25.63	0.18
391	7000	26.70	0.19
391	7200	27.80	0.21
391	7244.8	28.04	0.21
392	200	0.51580	0.00022
392	400	1.04293	0.00088
392	600	1.5816	0.0020
392	800	2.1321	0.0034
392	1000	2.6945	0.0053
392	1200	3.2692	0.0075
392	1400	3.856	0.010
392	1600	4.456	0.013
392	1800	5.069	0.016
392	2000	5.695	0.020
392	2200	6.335	0.023
392	2400	6.988	0.027
392	2600	7.655	0.032
392	2800	8.337	0.036
392	3000	9.033	0.041
392	3200	9.745	0.046
392	3400	10.471	0.051
392	3600	11.213	0.057
392	3800	11.971	0.062
392	4000	12.745	0.068
392	4200	13.536	0.074
392	4400	14.343	0.080
392	4600	15.168	0.087
392	4800	16.010	0.093
392	5000	16.87	0.10
392	5200	17.75	0.11
392	5400	18.65	0.12
392	5600	19.56	0.12
392	5800	20.50	0.13
392	6000	21.45	0.14
392	6200	22.43	0.15
392	6400	23.43	0.16
392	6600	24.44	0.17
392	6800	25.48	0.18
392	7000	26.55	0.19
392	7200	27.63	0.20
392	7244.8	27.88	0.21
393	200	0.51445	0.00022
393	400	1.04012	0.00088
393	600	1.5772	0.0019
393	800	2.1260	0.0034
393	1000	2.6866	0.0053
393	1200	3.2594	0.0075
393	1400	3.844	0.010
393	1600	4.442	0.013
393	1800	5.053	0.016
393	2000	5.676	0.020
393	2200	6.313	0.023
393	2400	6.964	0.027
393	2600	7.628	0.032
393	2800	8.307	0.036
393	3000	9.000	0.041
393	3200	9.707	0.046
393	3400	10.430	0.051
393	3600	11.168	0.056
393	3800	11.922	0.062
393	4000	12.691	0.067
393	4200	13.477	0.073
393	4400	14.280	0.080
393	4600	15.099	0.086
393	4800	15.936	0.093
393	5000	16.791	0.099
393	5200	17.66	0.11
393	5400	18.55	0.11
393	5600	19.46	0.12
393	5800	20.39	0.13
393	6000	21.34	0.14
393	6200	22.31	0.15
393	6400	23.30	0.16
393	6600	24.31	0.17
393	6800	25.34	0.18
393	7000	26.39	0.19
393	7200	27.46	0.20
393	7244.8	27.71	0.20
394	200	0.51311	0.00022
394	400	1.03733	0.00087
394	600	1.5729	0.0019
394	800	2.1200	0.0034
394	1000	2.6788	0.0052
394	1200	3.2497	0.0074
394	1400	3.8327	0.0099
394	1600	4.428	0.013
394	1800	5.036	0.016
394	2000	5.657	0.019
394	2200	6.292	0.023
394	2400	6.939	0.027
394	2600	7.601	0.031
394	2800	8.276	0.036
394	3000	8.966	0.040
394	3200	9.670	0.045
394	3400	10.389	0.050
394	3600	11.123	0.056
394	3800	11.873	0.061
394	4000	12.638	0.067
394	4200	13.420	0.073
394	4400	14.217	0.079
394	4600	15.032	0.085
394	4800	15.863	0.092
394	5000	16.712	0.099
394	5200	17.58	0.11
394	5400	18.46	0.11
394	5600	19.37	0.12
394	5800	20.29	0.13
394	6000	21.23	0.14
394	6200	22.19	0.15
394	6400	23.17	0.16
394	6600	24.17	0.16
394	6800	25.19	0.18
394	7000	26.24	0.19
394	7200	27.30	0.20
394	7244.8	27.54	0.20
395	200	0.51177	0.00022
395	400	1.03455	0.00087
395	600	1.5686	0.0019
395	800	2.1140	0.0034
395	1000	2.6711	0.0052
395	1200	3.2400	0.0074
395	1400	3.8210	0.0099
395	1600	4.414	0.013
395	1800	5.020	0.016
395	2000	5.639	0.019
395	2200	6.270	0.023
395	2400	6.915	0.027
395	2600	7.574	0.031
395	2800	8.246	0.035
395	3000	8.933	0.040
395	3200	9.633	0.045
395	3400	10.349	0.050
395	3600	11.079	0.055
395	3800	11.825	0.061
395	4000	12.586	0.066
395	4200	13.362	0.072
395	4400	14.155	0.078
395	4600	14.965	0.084
395	4800	15.791	0.091
395	5000	16.634	0.098
395	5200	17.50	0.10
395	5400	18.37	0.11
395	5600	19.27	0.12
395	5800	20.19	0.13
395	6000	21.12	0.14
395	6200	22.07	0.14
395	6400	23.05	0.15
395	6600	24.04	0.16
395	6800	25.05	0.17
395	7000	26.09	0.18
395	7200	27.14	0.19
395	7244.8	27.38	0.20
396	200	0.51044	0.00022
396	400	1.03179	0.00086
396	600	1.5643	0.0019
396	800	2.1080	0.0033
396	1000	2.6633	0.0051
396	1200	3.2304	0.0073
396	1400	3.8094	0.0098
396	1600	4.401	0.013
396	1800	5.004	0.016
396	2000	5.620	0.019
396	2200	6.249	0.023
396	2400	6.892	0.027
396	2600	7.547	0.031
396	2800	8.217	0.035
396	3000	8.900	0.040
396	3200	9.597	0.045
396	3400	10.309	0.050
396	3600	11.035	0.055
396	3800	11.777	0.060
396	4000	12.534	0.066
396	4200	13.306	0.072
396	4400	14.094	0.078
396	4600	14.899	0.084
396	4800	15.720	0.090
396	5000	16.558	0.097
396	5200	17.41	0.10
396	5400	18.29	0.11
396	5600	19.18	0.12
396	5800	20.08	0.13
396	6000	21.01	0.13
396	6200	21.96	0.14
396	6400	22.92	0.15
396	6600	23.91	0.16
396	6800	24.91	0.17
396	7000	25.94	0.18
396	7200	26.99	0.19
396	7244.8	27.22	0.19
397	200	0.50912	0.00022
397	400	1.02905	0.00085
397	600	1.5600	0.0019
397	800	2.1021	0.0033
397	1000	2.6557	0.0051
397	1200	3.2208	0.0073
397	1400	3.7978	0.0097
397	1600	4.387	0.013
397	1800	4.988	0.016
397	2000	5.602	0.019
397	2200	6.229	0.023
397	2400	6.868	0.026
397	2600	7.521	0.031
397	2800	8.187	0.035
397	3000	8.867	0.040
397	3200	9.561	0.044
397	3400	10.269	0.049
397	3600	10.992	0.054
397	3800	11.729	0.060
397	4000	12.482	0.065
397	4200	13.250	0.071
397	4400	14.034	0.077
397	4600	14.833	0.083
397	4800	15.649	0.089
397	5000	16.482	0.096
397	5200	17.33	0.10
397	5400	18.20	0.11
397	5600	19.08	0.12
397	5800	19.98	0.12
397	6000	20.91	0.13
397	6200	21.84	0.14
397	6400	22.80	0.15
397	6600	23.78	0.16
397	6800	24.78	0.17
397	7000	25.79	0.18
397	7200	26.83	0.19
397	7244.8	27.07	0.19
398	200	0.50780	0.00021
398	400	1.02632	0.00085
398	600	1.5557	0.0019
398	800	2.0962	0.0033
398	1000	2.6480	0.0051
398	1200	3.2113	0.0072
398	1400	3.7864	0.0097
398	1600	4.373	0.012
398	1800	4.972	0.015
398	2000	5.584	0.019
398	2200	6.208	0.022
398	2400	6.845	0.026
398	2600	7.495	0.030
398	2800	8.158	0.035
398	3000	8.835	0.039
398	3200	9.525	0.044
398	3400	10.230	0.049
398	3600	10.949	0.054
398	3800	11.683	0.059
398	4000	12.431	0.065
398	4200	13.195	0.070
398	4400	13.974	0.076
398	4600	14.769	0.082
398	4800	15.580	0.089
398	5000	16.407	0.095
398	5200	17.25	0.10
398	5400	18.11	0.11
398	5600	18.99	0.12
398	5800	19.89	0.12
398	6000	20.80	0.13
398	6200	21.73	0.14
398	6400	22.68	0.15
398	6600	23.65	0.16
398	6800	24.64	0.17
398	7000	25.65	0.18
398	7200	26.68	0.19
398	7244.8	26.91	0.19
399	200	0.50650	0.00021
399	400	1.02360	0.00084
399	600	1.5515	0.0019
399	800	2.0904	0.0033
399	1000	2.6405	0.0050
399	1200	3.2019	0.0071
399	1400	3.7750	0.0096
399	1600	4.360	0.012
399	1800	4.957	0.015
399	2000	5.566	0.019
399	2200	6.187	0.022
399	2400	6.821	0.026
399	2600	7.469	0.030
399	2800	8.129	0.034
399	3000	8.802	0.039
399	3200	9.490	0.044
399	3400	10.191	0.049
399	3600	10.906	0.054
399	3800	11.636	0.059
399	4000	12.381	0.064
399	4200	13.140	0.070
399	4400	13.915	0.076
399	4600	14.705	0.082
399	4800	15.511	0.088
399	5000	16.333	0.094
399	5200	17.17	0.10
399	5400	18.03	0.11
399	5600	18.90	0.11
399	5800	19.79	0.12
399	6000	20.70	0.13
399	6200	21.62	0.14
399	6400	22.56	0.15
399	6600	23.53	0.16
399	6800	24.51	0.16
399	7000	25.51	0.17
399	7200	26.53	0.18
399	7244.8	26.76	0.19
400	200	0.50520	0.00021
400	400	1.02090	0.00084
400	600	1.5473	0.0019
400	800	2.0846	0.0032
400	1000	2.6329	0.0050
400	1200	3.1926	0.0071
400	1400	3.7637	0.0095
400	1600	4.346	0.012
400	1800	4.941	0.015
400	2000	5.548	0.019
400	2200	6.167	0.022
400	2400	6.798	0.026
400	2600	7.443	0.030
400	2800	8.100	0.034
400	3000	8.771	0.039
400	3200	9.455	0.043
400	3400	10.152	0.048
400	3600	10.864	0.053
400	3800	11.590	0.058
400	4000	12.331	0.064
400	4200	13.086	0.069
400	4400	13.856	0.075
400	4600	14.641	0.081
400	4800	15.443	0.087
400	5000	16.260	0.093
400	5200	17.093	0.100
400	5400	17.94	0.11
400	5600	18.81	0.11
400	5800	19.69	0.12
400	6000	20.59	0.13
400	6200	21.51	0.14
400	6400	22.45	0.14
400	6600	23.40	0.15
400	6800	24.38	0.16
400	7000	25.37	0.17
400	7200	26.38	0.18
400	7244.8	26.61	0.18