Table: Thermal conductivity [L]
Temperature {K} 	Pressure {kPa} 	Thermal conductivity {W/m/K} 	Uncertainty {W/m/K} 
182.33	200	0.2035	0.0028
183	200	0.2028	0.0028
183	400	0.2029	0.0028
183	600	0.2030	0.0028
183	800	0.2031	0.0028
183	1000	0.2032	0.0028
183	1200	0.2033	0.0028
183	1400	0.2034	0.0028
183	1600	0.2035	0.0028
184	200	0.2017	0.0027
184	400	0.2018	0.0027
184	600	0.2019	0.0027
184	800	0.2020	0.0027
184	1000	0.2021	0.0027
184	1200	0.2022	0.0027
184	1400	0.2023	0.0027
184	1600	0.2024	0.0027
184	1800	0.2025	0.0027
184	2000	0.2026	0.0027
184	2200	0.2027	0.0027
184	2400	0.2028	0.0027
184	2600	0.2029	0.0027
184	2800	0.2030	0.0027
184	3000	0.2031	0.0027
184	3200	0.2032	0.0027
184	3400	0.2033	0.0027
184	3600	0.2034	0.0027
184	3800	0.2035	0.0027
185	200	0.2005	0.0027
185	400	0.2007	0.0027
185	600	0.2008	0.0027
185	800	0.2009	0.0027
185	1000	0.2010	0.0027
185	1200	0.2011	0.0027
185	1400	0.2012	0.0027
185	1600	0.2013	0.0027
185	1800	0.2014	0.0027
185	2000	0.2015	0.0027
185	2200	0.2016	0.0027
185	2400	0.2017	0.0027
185	2600	0.2018	0.0027
185	2800	0.2019	0.0027
185	3000	0.2020	0.0027
185	3200	0.2021	0.0027
185	3400	0.2022	0.0027
185	3600	0.2023	0.0027
185	3800	0.2024	0.0027
185	4000	0.2025	0.0027
185	4200	0.2026	0.0027
185	4400	0.2027	0.0027
185	4600	0.2028	0.0027
185	4800	0.2029	0.0027
185	5000	0.2030	0.0027
185	5200	0.2031	0.0027
185	5400	0.2032	0.0027
185	5600	0.2033	0.0027
185	5800	0.2034	0.0027
185	6000	0.2035	0.0026
186	200	0.1994	0.0027
186	400	0.1995	0.0027
186	600	0.1996	0.0027
186	800	0.1998	0.0027
186	1000	0.1999	0.0027
186	1200	0.2000	0.0027
186	1400	0.2001	0.0027
186	1600	0.2002	0.0026
186	1800	0.2003	0.0026
186	2000	0.2004	0.0026
186	2200	0.2005	0.0026
186	2400	0.2006	0.0026
186	2600	0.2007	0.0026
186	2800	0.2008	0.0026
186	3000	0.2009	0.0026
186	3200	0.2010	0.0026
186	3400	0.2011	0.0026
186	3600	0.2012	0.0026
186	3800	0.2013	0.0026
186	4000	0.2014	0.0026
186	4200	0.2015	0.0026
186	4400	0.2016	0.0026
186	4600	0.2017	0.0026
186	4800	0.2018	0.0026
186	5000	0.2019	0.0026
186	5200	0.2020	0.0026
186	5400	0.2021	0.0026
186	5600	0.2022	0.0026
186	5800	0.2023	0.0026
186	6000	0.2024	0.0026
186	6200	0.2025	0.0026
186	6400	0.2026	0.0026
186	6600	0.2027	0.0026
186	6800	0.2028	0.0026
186	7000	0.2029	0.0026
186	7200	0.2030	0.0026
186	7400	0.2031	0.0026
186	7600	0.2032	0.0026
186	7800	0.2033	0.0026
186	8000	0.2034	0.0026
187	200	0.1983	0.0026
187	400	0.1984	0.0026
187	600	0.1985	0.0026
187	800	0.1986	0.0026
187	1000	0.1987	0.0026
187	1200	0.1989	0.0026
187	1400	0.1990	0.0026
187	1600	0.1991	0.0026
187	1800	0.1992	0.0026
187	2000	0.1993	0.0026
187	2200	0.1994	0.0026
187	2400	0.1995	0.0026
187	2600	0.1996	0.0026
187	2800	0.1997	0.0026
187	3000	0.1998	0.0026
187	3200	0.1999	0.0026
187	3400	0.2000	0.0026
187	3600	0.2001	0.0026
187	3800	0.2002	0.0026
187	4000	0.2003	0.0026
187	4200	0.2004	0.0026
187	4400	0.2005	0.0026
187	4600	0.2006	0.0026
187	4800	0.2007	0.0026
187	5000	0.2008	0.0026
187	5200	0.2009	0.0026
187	5400	0.2010	0.0026
187	5600	0.2011	0.0026
187	5800	0.2012	0.0026
187	6000	0.2013	0.0026
187	6200	0.2014	0.0026
187	6400	0.2015	0.0026
187	6600	0.2016	0.0026
187	6800	0.2017	0.0026
187	7000	0.2018	0.0026
187	7200	0.2019	0.0026
187	7400	0.2020	0.0026
187	7600	0.2021	0.0026
187	7800	0.2022	0.0026
187	8000	0.2023	0.0026
188	200	0.1972	0.0026
188	400	0.1973	0.0026
188	600	0.1974	0.0026
188	800	0.1975	0.0026
188	1000	0.1976	0.0026
188	1200	0.1977	0.0026
188	1400	0.1979	0.0026
188	1600	0.1980	0.0026
188	1800	0.1981	0.0026
188	2000	0.1982	0.0026
188	2200	0.1983	0.0026
188	2400	0.1984	0.0026
188	2600	0.1985	0.0026
188	2800	0.1986	0.0026
188	3000	0.1987	0.0026
188	3200	0.1988	0.0026
188	3400	0.1989	0.0026
188	3600	0.1990	0.0026
188	3800	0.1991	0.0026
188	4000	0.1992	0.0026
188	4200	0.1993	0.0026
188	4400	0.1994	0.0026
188	4600	0.1995	0.0026
188	4800	0.1996	0.0025
188	5000	0.1997	0.0025
188	5200	0.1998	0.0025
188	5400	0.1999	0.0025
188	5600	0.2000	0.0025
188	5800	0.2001	0.0025
188	6000	0.2002	0.0025
188	6200	0.2003	0.0025
188	6400	0.2004	0.0025
188	6600	0.2005	0.0025
188	6800	0.2006	0.0025
188	7000	0.2007	0.0025
188	7200	0.2008	0.0025
188	7400	0.2009	0.0025
188	7600	0.2010	0.0025
188	7800	0.2011	0.0025
188	8000	0.2012	0.0025
189	200	0.1961	0.0026
189	400	0.1962	0.0026
189	600	0.1963	0.0026
189	800	0.1964	0.0026
189	1000	0.1965	0.0025
189	1200	0.1966	0.0025
189	1400	0.1968	0.0025
189	1600	0.1969	0.0025
189	1800	0.1970	0.0025
189	2000	0.1971	0.0025
189	2200	0.1972	0.0025
189	2400	0.1973	0.0025
189	2600	0.1974	0.0025
189	2800	0.1975	0.0025
189	3000	0.1976	0.0025
189	3200	0.1977	0.0025
189	3400	0.1978	0.0025
189	3600	0.1979	0.0025
189	3800	0.1980	0.0025
189	4000	0.1981	0.0025
189	4200	0.1982	0.0025
189	4400	0.1983	0.0025
189	4600	0.1984	0.0025
189	4800	0.1985	0.0025
189	5000	0.1986	0.0025
189	5200	0.1987	0.0025
189	5400	0.1988	0.0025
189	5600	0.1990	0.0025
189	5800	0.1991	0.0025
189	6000	0.1992	0.0025
189	6200	0.1993	0.0025
189	6400	0.1994	0.0025
189	6600	0.1995	0.0025
189	6800	0.1996	0.0025
189	7000	0.1997	0.0025
189	7200	0.1998	0.0025
189	7400	0.1999	0.0025
189	7600	0.2000	0.0025
189	7800	0.2001	0.0025
189	8000	0.2002	0.0025
190	200	0.1950	0.0025
190	400	0.1951	0.0025
190	600	0.1952	0.0025
190	800	0.1953	0.0025
190	1000	0.1954	0.0025
190	1200	0.1955	0.0025
190	1400	0.1957	0.0025
190	1600	0.1958	0.0025
190	1800	0.1959	0.0025
190	2000	0.1960	0.0025
190	2200	0.1961	0.0025
190	2400	0.1962	0.0025
190	2600	0.1963	0.0025
190	2800	0.1964	0.0025
190	3000	0.1965	0.0025
190	3200	0.1966	0.0025
190	3400	0.1967	0.0025
190	3600	0.1968	0.0025
190	3800	0.1969	0.0025
190	4000	0.1970	0.0025
190	4200	0.1971	0.0025
190	4400	0.1972	0.0025
190	4600	0.1974	0.0025
190	4800	0.1975	0.0025
190	5000	0.1976	0.0025
190	5200	0.1977	0.0025
190	5400	0.1978	0.0025
190	5600	0.1979	0.0025
190	5800	0.1980	0.0025
190	6000	0.1981	0.0025
190	6200	0.1982	0.0025
190	6400	0.1983	0.0025
190	6600	0.1984	0.0025
190	6800	0.1985	0.0025
190	7000	0.1986	0.0025
190	7200	0.1987	0.0025
190	7400	0.1988	0.0025
190	7600	0.1989	0.0025
190	7800	0.1990	0.0025
190	8000	0.1991	0.0025
191	200	0.1939	0.0025
191	400	0.1940	0.0025
191	600	0.1941	0.0025
191	800	0.1942	0.0025
191	1000	0.1943	0.0025
191	1200	0.1944	0.0025
191	1400	0.1946	0.0025
191	1600	0.1947	0.0025
191	1800	0.1948	0.0025
191	2000	0.1949	0.0025
191	2200	0.1950	0.0025
191	2400	0.1951	0.0025
191	2600	0.1952	0.0025
191	2800	0.1953	0.0025
191	3000	0.1954	0.0025
191	3200	0.1955	0.0025
191	3400	0.1956	0.0025
191	3600	0.1957	0.0025
191	3800	0.1958	0.0025
191	4000	0.1960	0.0025
191	4200	0.1961	0.0024
191	4400	0.1962	0.0024
191	4600	0.1963	0.0024
191	4800	0.1964	0.0024
191	5000	0.1965	0.0024
191	5200	0.1966	0.0024
191	5400	0.1967	0.0024
191	5600	0.1968	0.0024
191	5800	0.1969	0.0024
191	6000	0.1970	0.0024
191	6200	0.1971	0.0024
191	6400	0.1972	0.0024
191	6600	0.1973	0.0024
191	6800	0.1974	0.0024
191	7000	0.1975	0.0024
191	7200	0.1976	0.0024
191	7400	0.1977	0.0024
191	7600	0.1978	0.0024
191	7800	0.1979	0.0024
191	8000	0.1980	0.0024
192	200	0.1928	0.0025
192	400	0.1929	0.0025
192	600	0.1930	0.0024
192	800	0.1931	0.0024
192	1000	0.1932	0.0024
192	1200	0.1933	0.0024
192	1400	0.1935	0.0024
192	1600	0.1936	0.0024
192	1800	0.1937	0.0024
192	2000	0.1938	0.0024
192	2200	0.1939	0.0024
192	2400	0.1940	0.0024
192	2600	0.1941	0.0024
192	2800	0.1942	0.0024
192	3000	0.1943	0.0024
192	3200	0.1944	0.0024
192	3400	0.1945	0.0024
192	3600	0.1947	0.0024
192	3800	0.1948	0.0024
192	4000	0.1949	0.0024
192	4200	0.1950	0.0024
192	4400	0.1951	0.0024
192	4600	0.1952	0.0024
192	4800	0.1953	0.0024
192	5000	0.1954	0.0024
192	5200	0.1955	0.0024
192	5400	0.1956	0.0024
192	5600	0.1957	0.0024
192	5800	0.1958	0.0024
192	6000	0.1959	0.0024
192	6200	0.1960	0.0024
192	6400	0.1961	0.0024
192	6600	0.1962	0.0024
192	6800	0.1964	0.0024
192	7000	0.1965	0.0024
192	7200	0.1966	0.0024
192	7400	0.1967	0.0024
192	7600	0.1968	0.0024
192	7800	0.1969	0.0024
192	8000	0.1970	0.0024
193	200	0.1917	0.0024
193	400	0.1918	0.0024
193	600	0.1919	0.0024
193	800	0.1920	0.0024
193	1000	0.1921	0.0024
193	1200	0.1922	0.0024
193	1400	0.1924	0.0024
193	1600	0.1925	0.0024
193	1800	0.1926	0.0024
193	2000	0.1927	0.0024
193	2200	0.1928	0.0024
193	2400	0.1929	0.0024
193	2600	0.1930	0.0024
193	2800	0.1931	0.0024
193	3000	0.1932	0.0024
193	3200	0.1933	0.0024
193	3400	0.1935	0.0024
193	3600	0.1936	0.0024
193	3800	0.1937	0.0024
193	4000	0.1938	0.0024
193	4200	0.1939	0.0024
193	4400	0.1940	0.0024
193	4600	0.1941	0.0024
193	4800	0.1942	0.0024
193	5000	0.1943	0.0024
193	5200	0.1944	0.0024
193	5400	0.1945	0.0024
193	5600	0.1946	0.0024
193	5800	0.1948	0.0024
193	6000	0.1949	0.0024
193	6200	0.1950	0.0024
193	6400	0.1951	0.0024
193	6600	0.1952	0.0024
193	6800	0.1953	0.0024
193	7000	0.1954	0.0024
193	7200	0.1955	0.0024
193	7400	0.1956	0.0024
193	7600	0.1957	0.0024
193	7800	0.1958	0.0024
193	8000	0.1959	0.0024
194	200	0.1906	0.0024
194	400	0.1907	0.0024
194	600	0.1908	0.0024
194	800	0.1909	0.0024
194	1000	0.1910	0.0024
194	1200	0.1911	0.0024
194	1400	0.1913	0.0024
194	1600	0.1914	0.0024
194	1800	0.1915	0.0024
194	2000	0.1916	0.0024
194	2200	0.1917	0.0024
194	2400	0.1918	0.0024
194	2600	0.1919	0.0024
194	2800	0.1920	0.0024
194	3000	0.1921	0.0024
194	3200	0.1923	0.0024
194	3400	0.1924	0.0024
194	3600	0.1925	0.0024
194	3800	0.1926	0.0024
194	4000	0.1927	0.0023
194	4200	0.1928	0.0023
194	4400	0.1929	0.0023
194	4600	0.1930	0.0023
194	4800	0.1931	0.0023
194	5000	0.1932	0.0023
194	5200	0.1934	0.0023
194	5400	0.1935	0.0023
194	5600	0.1936	0.0023
194	5800	0.1937	0.0023
194	6000	0.1938	0.0023
194	6200	0.1939	0.0023
194	6400	0.1940	0.0023
194	6600	0.1941	0.0023
194	6800	0.1942	0.0023
194	7000	0.1943	0.0023
194	7200	0.1944	0.0023
194	7400	0.1945	0.0023
194	7600	0.1946	0.0023
194	7800	0.1947	0.0023
194	8000	0.1949	0.0023
195	200	0.1895	0.0024
195	400	0.1896	0.0024
195	600	0.1897	0.0023
195	800	0.1898	0.0023
195	1000	0.1899	0.0023
195	1200	0.1901	0.0023
195	1400	0.1902	0.0023
195	1600	0.1903	0.0023
195	1800	0.1904	0.0023
195	2000	0.1905	0.0023
195	2200	0.1906	0.0023
195	2400	0.1907	0.0023
195	2600	0.1908	0.0023
195	2800	0.1910	0.0023
195	3000	0.1911	0.0023
195	3200	0.1912	0.0023
195	3400	0.1913	0.0023
195	3600	0.1914	0.0023
195	3800	0.1915	0.0023
195	4000	0.1916	0.0023
195	4200	0.1917	0.0023
195	4400	0.1918	0.0023
195	4600	0.1919	0.0023
195	4800	0.1921	0.0023
195	5000	0.1922	0.0023
195	5200	0.1923	0.0023
195	5400	0.1924	0.0023
195	5600	0.1925	0.0023
195	5800	0.1926	0.0023
195	6000	0.1927	0.0023
195	6200	0.1928	0.0023
195	6400	0.1929	0.0023
195	6600	0.1930	0.0023
195	6800	0.1931	0.0023
195	7000	0.1933	0.0023
195	7200	0.1934	0.0023
195	7400	0.1935	0.0023
195	7600	0.1936	0.0023
195	7800	0.1937	0.0023
195	8000	0.1938	0.0023
196	200	0.1884	0.0023
196	400	0.1885	0.0023
196	600	0.1886	0.0023
196	800	0.1887	0.0023
196	1000	0.1888	0.0023
196	1200	0.1890	0.0023
196	1400	0.1891	0.0023
196	1600	0.1892	0.0023
196	1800	0.1893	0.0023
196	2000	0.1894	0.0023
196	2200	0.1895	0.0023
196	2400	0.1896	0.0023
196	2600	0.1898	0.0023
196	2800	0.1899	0.0023
196	3000	0.1900	0.0023
196	3200	0.1901	0.0023
196	3400	0.1902	0.0023
196	3600	0.1903	0.0023
196	3800	0.1904	0.0023
196	4000	0.1905	0.0023
196	4200	0.1906	0.0023
196	4400	0.1908	0.0023
196	4600	0.1909	0.0023
196	4800	0.1910	0.0023
196	5000	0.1911	0.0023
196	5200	0.1912	0.0023
196	5400	0.1913	0.0023
196	5600	0.1914	0.0023
196	5800	0.1915	0.0023
196	6000	0.1916	0.0023
196	6200	0.1918	0.0023
196	6400	0.1919	0.0023
196	6600	0.1920	0.0023
196	6800	0.1921	0.0023
196	7000	0.1922	0.0023
196	7200	0.1923	0.0023
196	7400	0.1924	0.0023
196	7600	0.1925	0.0023
196	7800	0.1926	0.0023
196	8000	0.1927	0.0022
197	400	0.1874	0.0023
197	600	0.1875	0.0023
197	800	0.1876	0.0023
197	1000	0.1877	0.0023
197	1200	0.1879	0.0023
197	1400	0.1880	0.0023
197	1600	0.1881	0.0023
197	1800	0.1882	0.0023
197	2000	0.1883	0.0023
197	2200	0.1884	0.0023
197	2400	0.1886	0.0023
197	2600	0.1887	0.0023
197	2800	0.1888	0.0023
197	3000	0.1889	0.0023
197	3200	0.1890	0.0023
197	3400	0.1891	0.0023
197	3600	0.1892	0.0023
197	3800	0.1893	0.0022
197	4000	0.1895	0.0022
197	4200	0.1896	0.0022
197	4400	0.1897	0.0022
197	4600	0.1898	0.0022
197	4800	0.1899	0.0022
197	5000	0.1900	0.0022
197	5200	0.1901	0.0022
197	5400	0.1902	0.0022
197	5600	0.1904	0.0022
197	5800	0.1905	0.0022
197	6000	0.1906	0.0022
197	6200	0.1907	0.0022
197	6400	0.1908	0.0022
197	6600	0.1909	0.0022
197	6800	0.1910	0.0022
197	7000	0.1911	0.0022
197	7200	0.1912	0.0022
197	7400	0.1913	0.0022
197	7600	0.1915	0.0022
197	7800	0.1916	0.0022
197	8000	0.1917	0.0022
198	400	0.1863	0.0023
198	600	0.1864	0.0023
198	800	0.1865	0.0022
198	1000	0.1867	0.0022
198	1200	0.1868	0.0022
198	1400	0.1869	0.0022
198	1600	0.1870	0.0022
198	1800	0.1871	0.0022
198	2000	0.1872	0.0022
198	2200	0.1873	0.0022
198	2400	0.1875	0.0022
198	2600	0.1876	0.0022
198	2800	0.1877	0.0022
198	3000	0.1878	0.0022
198	3200	0.1879	0.0022
198	3400	0.1880	0.0022
198	3600	0.1882	0.0022
198	3800	0.1883	0.0022
198	4000	0.1884	0.0022
198	4200	0.1885	0.0022
198	4400	0.1886	0.0022
198	4600	0.1887	0.0022
198	4800	0.1888	0.0022
198	5000	0.1889	0.0022
198	5200	0.1891	0.0022
198	5400	0.1892	0.0022
198	5600	0.1893	0.0022
198	5800	0.1894	0.0022
198	6000	0.1895	0.0022
198	6200	0.1896	0.0022
198	6400	0.1897	0.0022
198	6600	0.1898	0.0022
198	6800	0.1900	0.0022
198	7000	0.1901	0.0022
198	7200	0.1902	0.0022
198	7400	0.1903	0.0022
198	7600	0.1904	0.0022
198	7800	0.1905	0.0022
198	8000	0.1906	0.0022
199	400	0.1852	0.0022
199	600	0.1853	0.0022
199	800	0.1854	0.0022
199	1000	0.1856	0.0022
199	1200	0.1857	0.0022
199	1400	0.1858	0.0022
199	1600	0.1859	0.0022
199	1800	0.1860	0.0022
199	2000	0.1861	0.0022
199	2200	0.1863	0.0022
199	2400	0.1864	0.0022
199	2600	0.1865	0.0022
199	2800	0.1866	0.0022
199	3000	0.1867	0.0022
199	3200	0.1868	0.0022
199	3400	0.1870	0.0022
199	3600	0.1871	0.0022
199	3800	0.1872	0.0022
199	4000	0.1873	0.0022
199	4200	0.1874	0.0022
199	4400	0.1875	0.0022
199	4600	0.1876	0.0022
199	4800	0.1878	0.0022
199	5000	0.1879	0.0022
199	5200	0.1880	0.0022
199	5400	0.1881	0.0022
199	5600	0.1882	0.0022
199	5800	0.1883	0.0022
199	6000	0.1884	0.0022
199	6200	0.1886	0.0022
199	6400	0.1887	0.0022
199	6600	0.1888	0.0022
199	6800	0.1889	0.0022
199	7000	0.1890	0.0022
199	7200	0.1891	0.0022
199	7400	0.1892	0.0022
199	7600	0.1893	0.0022
199	7800	0.1894	0.0022
199	8000	0.1896	0.0021
200	400	0.1841	0.0022
200	600	0.1842	0.0022
200	800	0.1843	0.0022
200	1000	0.1845	0.0022
200	1200	0.1846	0.0022
200	1400	0.1847	0.0022
200	1600	0.1848	0.0022
200	1800	0.1849	0.0022
200	2000	0.1851	0.0022
200	2200	0.1852	0.0022
200	2400	0.1853	0.0022
200	2600	0.1854	0.0022
200	2800	0.1855	0.0022
200	3000	0.1856	0.0022
200	3200	0.1858	0.0022
200	3400	0.1859	0.0022
200	3600	0.1860	0.0022
200	3800	0.1861	0.0022
200	4000	0.1862	0.0022
200	4200	0.1863	0.0021
200	4400	0.1865	0.0021
200	4600	0.1866	0.0021
200	4800	0.1867	0.0021
200	5000	0.1868	0.0021
200	5200	0.1869	0.0021
200	5400	0.1870	0.0021
200	5600	0.1871	0.0021
200	5800	0.1873	0.0021
200	6000	0.1874	0.0021
200	6200	0.1875	0.0021
200	6400	0.1876	0.0021
200	6600	0.1877	0.0021
200	6800	0.1878	0.0021
200	7000	0.1879	0.0021
200	7200	0.1881	0.0021
200	7400	0.1882	0.0021
200	7600	0.1883	0.0021
200	7800	0.1884	0.0021
200	8000	0.1885	0.0021
201	400	0.1830	0.0022
201	600	0.1831	0.0022
201	800	0.1832	0.0022
201	1000	0.1834	0.0021
201	1200	0.1835	0.0021
201	1400	0.1836	0.0021
201	1600	0.1837	0.0021
201	1800	0.1838	0.0021
201	2000	0.1840	0.0021
201	2200	0.1841	0.0021
201	2400	0.1842	0.0021
201	2600	0.1843	0.0021
201	2800	0.1844	0.0021
201	3000	0.1846	0.0021
201	3200	0.1847	0.0021
201	3400	0.1848	0.0021
201	3600	0.1849	0.0021
201	3800	0.1850	0.0021
201	4000	0.1852	0.0021
201	4200	0.1853	0.0021
201	4400	0.1854	0.0021
201	4600	0.1855	0.0021
201	4800	0.1856	0.0021
201	5000	0.1857	0.0021
201	5200	0.1858	0.0021
201	5400	0.1860	0.0021
201	5600	0.1861	0.0021
201	5800	0.1862	0.0021
201	6000	0.1863	0.0021
201	6200	0.1864	0.0021
201	6400	0.1865	0.0021
201	6600	0.1867	0.0021
201	6800	0.1868	0.0021
201	7000	0.1869	0.0021
201	7200	0.1870	0.0021
201	7400	0.1871	0.0021
201	7600	0.1872	0.0021
201	7800	0.1873	0.0021
201	8000	0.1875	0.0021
202	400	0.1819	0.0021
202	600	0.1820	0.0021
202	800	0.1822	0.0021
202	1000	0.1823	0.0021
202	1200	0.1824	0.0021
202	1400	0.1825	0.0021
202	1600	0.1826	0.0021
202	1800	0.1828	0.0021
202	2000	0.1829	0.0021
202	2200	0.1830	0.0021
202	2400	0.1831	0.0021
202	2600	0.1832	0.0021
202	2800	0.1834	0.0021
202	3000	0.1835	0.0021
202	3200	0.1836	0.0021
202	3400	0.1837	0.0021
202	3600	0.1838	0.0021
202	3800	0.1840	0.0021
202	4000	0.1841	0.0021
202	4200	0.1842	0.0021
202	4400	0.1843	0.0021
202	4600	0.1844	0.0021
202	4800	0.1845	0.0021
202	5000	0.1847	0.0021
202	5200	0.1848	0.0021
202	5400	0.1849	0.0021
202	5600	0.1850	0.0021
202	5800	0.1851	0.0021
202	6000	0.1852	0.0021
202	6200	0.1854	0.0021
202	6400	0.1855	0.0021
202	6600	0.1856	0.0021
202	6800	0.1857	0.0021
202	7000	0.1858	0.0021
202	7200	0.1859	0.0021
202	7400	0.1861	0.0021
202	7600	0.1862	0.0021
202	7800	0.1863	0.0021
202	8000	0.1864	0.0021
203	400	0.1808	0.0021
203	600	0.1809	0.0021
203	800	0.1811	0.0021
203	1000	0.1812	0.0021
203	1200	0.1813	0.0021
203	1400	0.1814	0.0021
203	1600	0.1816	0.0021
203	1800	0.1817	0.0021
203	2000	0.1818	0.0021
203	2200	0.1819	0.0021
203	2400	0.1820	0.0021
203	2600	0.1822	0.0021
203	2800	0.1823	0.0021
203	3000	0.1824	0.0021
203	3200	0.1825	0.0021
203	3400	0.1826	0.0021
203	3600	0.1828	0.0021
203	3800	0.1829	0.0021
203	4000	0.1830	0.0021
203	4200	0.1831	0.0021
203	4400	0.1832	0.0021
203	4600	0.1834	0.0020
203	4800	0.1835	0.0020
203	5000	0.1836	0.0020
203	5200	0.1837	0.0020
203	5400	0.1838	0.0020
203	5600	0.1840	0.0020
203	5800	0.1841	0.0020
203	6000	0.1842	0.0020
203	6200	0.1843	0.0020
203	6400	0.1844	0.0020
203	6600	0.1845	0.0020
203	6800	0.1847	0.0020
203	7000	0.1848	0.0020
203	7200	0.1849	0.0020
203	7400	0.1850	0.0020
203	7600	0.1851	0.0020
203	7800	0.1852	0.0020
203	8000	0.1853	0.0020
204	400	0.1797	0.0021
204	600	0.1798	0.0021
204	800	0.1800	0.0021
204	1000	0.1801	0.0021
204	1200	0.1802	0.0021
204	1400	0.1803	0.0021
204	1600	0.1805	0.0020
204	1800	0.1806	0.0020
204	2000	0.1807	0.0020
204	2200	0.1808	0.0020
204	2400	0.1810	0.0020
204	2600	0.1811	0.0020
204	2800	0.1812	0.0020
204	3000	0.1813	0.0020
204	3200	0.1814	0.0020
204	3400	0.1816	0.0020
204	3600	0.1817	0.0020
204	3800	0.1818	0.0020
204	4000	0.1819	0.0020
204	4200	0.1820	0.0020
204	4400	0.1822	0.0020
204	4600	0.1823	0.0020
204	4800	0.1824	0.0020
204	5000	0.1825	0.0020
204	5200	0.1826	0.0020
204	5400	0.1828	0.0020
204	5600	0.1829	0.0020
204	5800	0.1830	0.0020
204	6000	0.1831	0.0020
204	6200	0.1832	0.0020
204	6400	0.1834	0.0020
204	6600	0.1835	0.0020
204	6800	0.1836	0.0020
204	7000	0.1837	0.0020
204	7200	0.1838	0.0020
204	7400	0.1839	0.0020
204	7600	0.1841	0.0020
204	7800	0.1842	0.0020
204	8000	0.1843	0.0020
205	400	0.1786	0.0020
205	600	0.1787	0.0020
205	800	0.1789	0.0020
205	1000	0.1790	0.0020
205	1200	0.1791	0.0020
205	1400	0.1793	0.0020
205	1600	0.1794	0.0020
205	1800	0.1795	0.0020
205	2000	0.1796	0.0020
205	2200	0.1797	0.0020
205	2400	0.1799	0.0020
205	2600	0.1800	0.0020
205	2800	0.1801	0.0020
205	3000	0.1802	0.0020
205	3200	0.1804	0.0020
205	3400	0.1805	0.0020
205	3600	0.1806	0.0020
205	3800	0.1807	0.0020
205	4000	0.1809	0.0020
205	4200	0.1810	0.0020
205	4400	0.1811	0.0020
205	4600	0.1812	0.0020
205	4800	0.1813	0.0020
205	5000	0.1815	0.0020
205	5200	0.1816	0.0020
205	5400	0.1817	0.0020
205	5600	0.1818	0.0020
205	5800	0.1819	0.0020
205	6000	0.1821	0.0020
205	6200	0.1822	0.0020
205	6400	0.1823	0.0020
205	6600	0.1824	0.0020
205	6800	0.1825	0.0020
205	7000	0.1827	0.0020
205	7200	0.1828	0.0020
205	7400	0.1829	0.0020
205	7600	0.1830	0.0020
205	7800	0.1831	0.0020
205	8000	0.1832	0.0020
206	400	0.1775	0.0020
206	600	0.1777	0.0020
206	800	0.1778	0.0020
206	1000	0.1779	0.0020
206	1200	0.1780	0.0020
206	1400	0.1782	0.0020
206	1600	0.1783	0.0020
206	1800	0.1784	0.0020
206	2000	0.1785	0.0020
206	2200	0.1787	0.0020
206	2400	0.1788	0.0020
206	2600	0.1789	0.0020
206	2800	0.1790	0.0020
206	3000	0.1792	0.0020
206	3200	0.1793	0.0020
206	3400	0.1794	0.0020
206	3600	0.1795	0.0020
206	3800	0.1797	0.0020
206	4000	0.1798	0.0020
206	4200	0.1799	0.0020
206	4400	0.1800	0.0020
206	4600	0.1802	0.0020
206	4800	0.1803	0.0020
206	5000	0.1804	0.0020
206	5200	0.1805	0.0020
206	5400	0.1806	0.0019
206	5600	0.1808	0.0019
206	5800	0.1809	0.0019
206	6000	0.1810	0.0019
206	6200	0.1811	0.0019
206	6400	0.1812	0.0019
206	6600	0.1814	0.0019
206	6800	0.1815	0.0019
206	7000	0.1816	0.0019
206	7200	0.1817	0.0019
206	7400	0.1818	0.0019
206	7600	0.1820	0.0019
206	7800	0.1821	0.0019
206	8000	0.1822	0.0019
207	400	0.1764	0.0020
207	600	0.1766	0.0020
207	800	0.1767	0.0020
207	1000	0.1768	0.0020
207	1200	0.1769	0.0020
207	1400	0.1771	0.0020
207	1600	0.1772	0.0020
207	1800	0.1773	0.0020
207	2000	0.1775	0.0020
207	2200	0.1776	0.0020
207	2400	0.1777	0.0019
207	2600	0.1778	0.0019
207	2800	0.1780	0.0019
207	3000	0.1781	0.0019
207	3200	0.1782	0.0019
207	3400	0.1783	0.0019
207	3600	0.1785	0.0019
207	3800	0.1786	0.0019
207	4000	0.1787	0.0019
207	4200	0.1788	0.0019
207	4400	0.1790	0.0019
207	4600	0.1791	0.0019
207	4800	0.1792	0.0019
207	5000	0.1793	0.0019
207	5200	0.1795	0.0019
207	5400	0.1796	0.0019
207	5600	0.1797	0.0019
207	5800	0.1798	0.0019
207	6000	0.1799	0.0019
207	6200	0.1801	0.0019
207	6400	0.1802	0.0019
207	6600	0.1803	0.0019
207	6800	0.1804	0.0019
207	7000	0.1806	0.0019
207	7200	0.1807	0.0019
207	7400	0.1808	0.0019
207	7600	0.1809	0.0019
207	7800	0.1810	0.0019
207	8000	0.1812	0.0019
208	400	0.1753	0.0019
208	600	0.1755	0.0019
208	800	0.1756	0.0019
208	1000	0.1757	0.0019
208	1200	0.1759	0.0019
208	1400	0.1760	0.0019
208	1600	0.1761	0.0019
208	1800	0.1762	0.0019
208	2000	0.1764	0.0019
208	2200	0.1765	0.0019
208	2400	0.1766	0.0019
208	2600	0.1768	0.0019
208	2800	0.1769	0.0019
208	3000	0.1770	0.0019
208	3200	0.1771	0.0019
208	3400	0.1773	0.0019
208	3600	0.1774	0.0019
208	3800	0.1775	0.0019
208	4000	0.1776	0.0019
208	4200	0.1778	0.0019
208	4400	0.1779	0.0019
208	4600	0.1780	0.0019
208	4800	0.1781	0.0019
208	5000	0.1783	0.0019
208	5200	0.1784	0.0019
208	5400	0.1785	0.0019
208	5600	0.1786	0.0019
208	5800	0.1788	0.0019
208	6000	0.1789	0.0019
208	6200	0.1790	0.0019
208	6400	0.1791	0.0019
208	6600	0.1793	0.0019
208	6800	0.1794	0.0019
208	7000	0.1795	0.0019
208	7200	0.1796	0.0019
208	7400	0.1797	0.0019
208	7600	0.1799	0.0019
208	7800	0.1800	0.0019
208	8000	0.1801	0.0019
209	400	0.1742	0.0019
209	600	0.1744	0.0019
209	800	0.1745	0.0019
209	1000	0.1746	0.0019
209	1200	0.1748	0.0019
209	1400	0.1749	0.0019
209	1600	0.1750	0.0019
209	1800	0.1752	0.0019
209	2000	0.1753	0.0019
209	2200	0.1754	0.0019
209	2400	0.1756	0.0019
209	2600	0.1757	0.0019
209	2800	0.1758	0.0019
209	3000	0.1759	0.0019
209	3200	0.1761	0.0019
209	3400	0.1762	0.0019
209	3600	0.1763	0.0019
209	3800	0.1764	0.0019
209	4000	0.1766	0.0019
209	4200	0.1767	0.0019
209	4400	0.1768	0.0019
209	4600	0.1770	0.0019
209	4800	0.1771	0.0019
209	5000	0.1772	0.0019
209	5200	0.1773	0.0019
209	5400	0.1775	0.0019
209	5600	0.1776	0.0019
209	5800	0.1777	0.0019
209	6000	0.1778	0.0019
209	6200	0.1780	0.0019
209	6400	0.1781	0.0018
209	6600	0.1782	0.0018
209	6800	0.1783	0.0018
209	7000	0.1785	0.0018
209	7200	0.1786	0.0018
209	7400	0.1787	0.0018
209	7600	0.1788	0.0018
209	7800	0.1789	0.0018
209	8000	0.1791	0.0018
210	400	0.1731	0.0019
210	600	0.1733	0.0019
210	800	0.1734	0.0019
210	1000	0.1735	0.0019
210	1200	0.1737	0.0019
210	1400	0.1738	0.0019
210	1600	0.1739	0.0019
210	1800	0.1741	0.0019
210	2000	0.1742	0.0019
210	2200	0.1743	0.0019
210	2400	0.1745	0.0019
210	2600	0.1746	0.0019
210	2800	0.1747	0.0019
210	3000	0.1749	0.0019
210	3200	0.1750	0.0018
210	3400	0.1751	0.0018
210	3600	0.1752	0.0018
210	3800	0.1754	0.0018
210	4000	0.1755	0.0018
210	4200	0.1756	0.0018
210	4400	0.1758	0.0018
210	4600	0.1759	0.0018
210	4800	0.1760	0.0018
210	5000	0.1761	0.0018
210	5200	0.1763	0.0018
210	5400	0.1764	0.0018
210	5600	0.1765	0.0018
210	5800	0.1767	0.0018
210	6000	0.1768	0.0018
210	6200	0.1769	0.0018
210	6400	0.1770	0.0018
210	6600	0.1772	0.0018
210	6800	0.1773	0.0018
210	7000	0.1774	0.0018
210	7200	0.1775	0.0018
210	7400	0.1776	0.0018
210	7600	0.1778	0.0018
210	7800	0.1779	0.0018
210	8000	0.1780	0.0018
211	400	0.1721	0.0019
211	600	0.1722	0.0019
211	800	0.1723	0.0018
211	1000	0.1725	0.0018
211	1200	0.1726	0.0018
211	1400	0.1727	0.0018
211	1600	0.1729	0.0018
211	1800	0.1730	0.0018
211	2000	0.1731	0.0018
211	2200	0.1733	0.0018
211	2400	0.1734	0.0018
211	2600	0.1735	0.0018
211	2800	0.1737	0.0018
211	3000	0.1738	0.0018
211	3200	0.1739	0.0018
211	3400	0.1740	0.0018
211	3600	0.1742	0.0018
211	3800	0.1743	0.0018
211	4000	0.1744	0.0018
211	4200	0.1746	0.0018
211	4400	0.1747	0.0018
211	4600	0.1748	0.0018
211	4800	0.1750	0.0018
211	5000	0.1751	0.0018
211	5200	0.1752	0.0018
211	5400	0.1753	0.0018
211	5600	0.1755	0.0018
211	5800	0.1756	0.0018
211	6000	0.1757	0.0018
211	6200	0.1758	0.0018
211	6400	0.1760	0.0018
211	6600	0.1761	0.0018
211	6800	0.1762	0.0018
211	7000	0.1764	0.0018
211	7200	0.1765	0.0018
211	7400	0.1766	0.0018
211	7600	0.1767	0.0018
211	7800	0.1769	0.0018
211	8000	0.1770	0.0018
212	600	0.1711	0.0018
212	800	0.1712	0.0018
212	1000	0.1714	0.0018
212	1200	0.1715	0.0018
212	1400	0.1716	0.0018
212	1600	0.1718	0.0018
212	1800	0.1719	0.0018
212	2000	0.1720	0.0018
212	2200	0.1722	0.0018
212	2400	0.1723	0.0018
212	2600	0.1724	0.0018
212	2800	0.1726	0.0018
212	3000	0.1727	0.0018
212	3200	0.1728	0.0018
212	3400	0.1730	0.0018
212	3600	0.1731	0.0018
212	3800	0.1732	0.0018
212	4000	0.1734	0.0018
212	4200	0.1735	0.0018
212	4400	0.1736	0.0018
212	4600	0.1738	0.0018
212	4800	0.1739	0.0018
212	5000	0.1740	0.0018
212	5200	0.1742	0.0018
212	5400	0.1743	0.0018
212	5600	0.1744	0.0018
212	5800	0.1745	0.0018
212	6000	0.1747	0.0018
212	6200	0.1748	0.0018
212	6400	0.1749	0.0018
212	6600	0.1751	0.0018
212	6800	0.1752	0.0018
212	7000	0.1753	0.0018
212	7200	0.1754	0.0018
212	7400	0.1756	0.0018
212	7600	0.1757	0.0018
212	7800	0.1758	0.0017
212	8000	0.1759	0.0017
213	600	0.1700	0.0018
213	800	0.1701	0.0018
213	1000	0.1703	0.0018
213	1200	0.1704	0.0018
213	1400	0.1706	0.0018
213	1600	0.1707	0.0018
213	1800	0.1708	0.0018
213	2000	0.1710	0.0018
213	2200	0.1711	0.0018
213	2400	0.1712	0.0018
213	2600	0.1714	0.0018
213	2800	0.1715	0.0018
213	3000	0.1716	0.0018
213	3200	0.1718	0.0018
213	3400	0.1719	0.0018
213	3600	0.1720	0.0018
213	3800	0.1722	0.0018
213	4000	0.1723	0.0018
213	4200	0.1724	0.0018
213	4400	0.1726	0.0018
213	4600	0.1727	0.0017
213	4800	0.1728	0.0017
213	5000	0.1730	0.0017
213	5200	0.1731	0.0017
213	5400	0.1732	0.0017
213	5600	0.1734	0.0017
213	5800	0.1735	0.0017
213	6000	0.1736	0.0017
213	6200	0.1737	0.0017
213	6400	0.1739	0.0017
213	6600	0.1740	0.0017
213	6800	0.1741	0.0017
213	7000	0.1743	0.0017
213	7200	0.1744	0.0017
213	7400	0.1745	0.0017
213	7600	0.1746	0.0017
213	7800	0.1748	0.0017
213	8000	0.1749	0.0017
214	600	0.1689	0.0018
214	800	0.1691	0.0018
214	1000	0.1692	0.0018
214	1200	0.1693	0.0018
214	1400	0.1695	0.0018
214	1600	0.1696	0.0018
214	1800	0.1697	0.0018
214	2000	0.1699	0.0017
214	2200	0.1700	0.0017
214	2400	0.1702	0.0017
214	2600	0.1703	0.0017
214	2800	0.1704	0.0017
214	3000	0.1706	0.0017
214	3200	0.1707	0.0017
214	3400	0.1708	0.0017
214	3600	0.1710	0.0017
214	3800	0.1711	0.0017
214	4000	0.1712	0.0017
214	4200	0.1714	0.0017
214	4400	0.1715	0.0017
214	4600	0.1716	0.0017
214	4800	0.1718	0.0017
214	5000	0.1719	0.0017
214	5200	0.1720	0.0017
214	5400	0.1722	0.0017
214	5600	0.1723	0.0017
214	5800	0.1724	0.0017
214	6000	0.1726	0.0017
214	6200	0.1727	0.0017
214	6400	0.1728	0.0017
214	6600	0.1730	0.0017
214	6800	0.1731	0.0017
214	7000	0.1732	0.0017
214	7200	0.1733	0.0017
214	7400	0.1735	0.0017
214	7600	0.1736	0.0017
214	7800	0.1737	0.0017
214	8000	0.1739	0.0017
215	600	0.1678	0.0017
215	800	0.1680	0.0017
215	1000	0.1681	0.0017
215	1200	0.1682	0.0017
215	1400	0.1684	0.0017
215	1600	0.1685	0.0017
215	1800	0.1687	0.0017
215	2000	0.1688	0.0017
215	2200	0.1689	0.0017
215	2400	0.1691	0.0017
215	2600	0.1692	0.0017
215	2800	0.1694	0.0017
215	3000	0.1695	0.0017
215	3200	0.1696	0.0017
215	3400	0.1698	0.0017
215	3600	0.1699	0.0017
215	3800	0.1700	0.0017
215	4000	0.1702	0.0017
215	4200	0.1703	0.0017
215	4400	0.1704	0.0017
215	4600	0.1706	0.0017
215	4800	0.1707	0.0017
215	5000	0.1708	0.0017
215	5200	0.1710	0.0017
215	5400	0.1711	0.0017
215	5600	0.1712	0.0017
215	5800	0.1714	0.0017
215	6000	0.1715	0.0017
215	6200	0.1716	0.0017
215	6400	0.1718	0.0017
215	6600	0.1719	0.0017
215	6800	0.1720	0.0017
215	7000	0.1722	0.0017
215	7200	0.1723	0.0017
215	7400	0.1724	0.0017
215	7600	0.1726	0.0017
215	7800	0.1727	0.0017
215	8000	0.1728	0.0017
216	600	0.1667	0.0017
216	800	0.1669	0.0017
216	1000	0.1670	0.0017
216	1200	0.1672	0.0017
216	1400	0.1673	0.0017
216	1600	0.1674	0.0017
216	1800	0.1676	0.0017
216	2000	0.1677	0.0017
216	2200	0.1679	0.0017
216	2400	0.1680	0.0017
216	2600	0.1681	0.0017
216	2800	0.1683	0.0017
216	3000	0.1684	0.0017
216	3200	0.1686	0.0017
216	3400	0.1687	0.0017
216	3600	0.1688	0.0017
216	3800	0.1690	0.0017
216	4000	0.1691	0.0017
216	4200	0.1692	0.0017
216	4400	0.1694	0.0017
216	4600	0.1695	0.0017
216	4800	0.1696	0.0017
216	5000	0.1698	0.0017
216	5200	0.1699	0.0017
216	5400	0.1701	0.0017
216	5600	0.1702	0.0017
216	5800	0.1703	0.0017
216	6000	0.1705	0.0016
216	6200	0.1706	0.0016
216	6400	0.1707	0.0016
216	6600	0.1709	0.0016
216	6800	0.1710	0.0016
216	7000	0.1711	0.0016
216	7200	0.1713	0.0016
216	7400	0.1714	0.0016
216	7600	0.1715	0.0016
216	7800	0.1716	0.0016
216	8000	0.1718	0.0016
217	600	0.1656	0.0017
217	800	0.1658	0.0017
217	1000	0.1659	0.0017
217	1200	0.1661	0.0017
217	1400	0.1662	0.0017
217	1600	0.1664	0.0017
217	1800	0.1665	0.0017
217	2000	0.1666	0.0017
217	2200	0.1668	0.0017
217	2400	0.1669	0.0017
217	2600	0.1671	0.0017
217	2800	0.1672	0.0017
217	3000	0.1673	0.0017
217	3200	0.1675	0.0017
217	3400	0.1676	0.0016
217	3600	0.1678	0.0016
217	3800	0.1679	0.0016
217	4000	0.1680	0.0016
217	4200	0.1682	0.0016
217	4400	0.1683	0.0016
217	4600	0.1685	0.0016
217	4800	0.1686	0.0016
217	5000	0.1687	0.0016
217	5200	0.1689	0.0016
217	5400	0.1690	0.0016
217	5600	0.1691	0.0016
217	5800	0.1693	0.0016
217	6000	0.1694	0.0016
217	6200	0.1695	0.0016
217	6400	0.1697	0.0016
217	6600	0.1698	0.0016
217	6800	0.1699	0.0016
217	7000	0.1701	0.0016
217	7200	0.1702	0.0016
217	7400	0.1703	0.0016
217	7600	0.1705	0.0016
217	7800	0.1706	0.0016
217	8000	0.1707	0.0016
218	600	0.1645	0.0017
218	800	0.1647	0.0017
218	1000	0.1648	0.0017
218	1200	0.1650	0.0016
218	1400	0.1651	0.0016
218	1600	0.1653	0.0016
218	1800	0.1654	0.0016
218	2000	0.1656	0.0016
218	2200	0.1657	0.0016
218	2400	0.1658	0.0016
218	2600	0.1660	0.0016
218	2800	0.1661	0.0016
218	3000	0.1663	0.0016
218	3200	0.1664	0.0016
218	3400	0.1666	0.0016
218	3600	0.1667	0.0016
218	3800	0.1668	0.0016
218	4000	0.1670	0.0016
218	4200	0.1671	0.0016
218	4400	0.1673	0.0016
218	4600	0.1674	0.0016
218	4800	0.1675	0.0016
218	5000	0.1677	0.0016
218	5200	0.1678	0.0016
218	5400	0.1679	0.0016
218	5600	0.1681	0.0016
218	5800	0.1682	0.0016
218	6000	0.1684	0.0016
218	6200	0.1685	0.0016
218	6400	0.1686	0.0016
218	6600	0.1688	0.0016
218	6800	0.1689	0.0016
218	7000	0.1690	0.0016
218	7200	0.1692	0.0016
218	7400	0.1693	0.0016
218	7600	0.1694	0.0016
218	7800	0.1696	0.0016
218	8000	0.1697	0.0016
219	600	0.1635	0.0016
219	800	0.1636	0.0016
219	1000	0.1637	0.0016
219	1200	0.1639	0.0016
219	1400	0.1640	0.0016
219	1600	0.1642	0.0016
219	1800	0.1643	0.0016
219	2000	0.1645	0.0016
219	2200	0.1646	0.0016
219	2400	0.1648	0.0016
219	2600	0.1649	0.0016
219	2800	0.1651	0.0016
219	3000	0.1652	0.0016
219	3200	0.1653	0.0016
219	3400	0.1655	0.0016
219	3600	0.1656	0.0016
219	3800	0.1658	0.0016
219	4000	0.1659	0.0016
219	4200	0.1661	0.0016
219	4400	0.1662	0.0016
219	4600	0.1663	0.0016
219	4800	0.1665	0.0016
219	5000	0.1666	0.0016
219	5200	0.1668	0.0016
219	5400	0.1669	0.0016
219	5600	0.1670	0.0016
219	5800	0.1672	0.0016
219	6000	0.1673	0.0016
219	6200	0.1674	0.0016
219	6400	0.1676	0.0016
219	6600	0.1677	0.0016
219	6800	0.1679	0.0016
219	7000	0.1680	0.0016
219	7200	0.1681	0.0016
219	7400	0.1683	0.0016
219	7600	0.1684	0.0016
219	7800	0.1685	0.0016
219	8000	0.1687	0.0015
220	600	0.1624	0.0016
220	800	0.1625	0.0016
220	1000	0.1627	0.0016
220	1200	0.1628	0.0016
220	1400	0.1630	0.0016
220	1600	0.1631	0.0016
220	1800	0.1633	0.0016
220	2000	0.1634	0.0016
220	2200	0.1635	0.0016
220	2400	0.1637	0.0016
220	2600	0.1638	0.0016
220	2800	0.1640	0.0016
220	3000	0.1641	0.0016
220	3200	0.1643	0.0016
220	3400	0.1644	0.0016
220	3600	0.1646	0.0016
220	3800	0.1647	0.0016
220	4000	0.1648	0.0016
220	4200	0.1650	0.0016
220	4400	0.1651	0.0016
220	4600	0.1653	0.0016
220	4800	0.1654	0.0016
220	5000	0.1656	0.0016
220	5200	0.1657	0.0015
220	5400	0.1658	0.0015
220	5600	0.1660	0.0015
220	5800	0.1661	0.0015
220	6000	0.1663	0.0015
220	6200	0.1664	0.0015
220	6400	0.1665	0.0015
220	6600	0.1667	0.0015
220	6800	0.1668	0.0015
220	7000	0.1669	0.0015
220	7200	0.1671	0.0015
220	7400	0.1672	0.0015
220	7600	0.1674	0.0015
220	7800	0.1675	0.0015
220	8000	0.1676	0.0015
221	600	0.1613	0.0016
221	800	0.1614	0.0016
221	1000	0.1616	0.0016
221	1200	0.1617	0.0016
221	1400	0.1619	0.0016
221	1600	0.1620	0.0016
221	1800	0.1622	0.0016
221	2000	0.1623	0.0016
221	2200	0.1625	0.0016
221	2400	0.1626	0.0016
221	2600	0.1628	0.0016
221	2800	0.1629	0.0015
221	3000	0.1631	0.0015
221	3200	0.1632	0.0015
221	3400	0.1633	0.0015
221	3600	0.1635	0.0015
221	3800	0.1636	0.0015
221	4000	0.1638	0.0015
221	4200	0.1639	0.0015
221	4400	0.1641	0.0015
221	4600	0.1642	0.0015
221	4800	0.1644	0.0015
221	5000	0.1645	0.0015
221	5200	0.1646	0.0015
221	5400	0.1648	0.0015
221	5600	0.1649	0.0015
221	5800	0.1651	0.0015
221	6000	0.1652	0.0015
221	6200	0.1653	0.0015
221	6400	0.1655	0.0015
221	6600	0.1656	0.0015
221	6800	0.1658	0.0015
221	7000	0.1659	0.0015
221	7200	0.1660	0.0015
221	7400	0.1662	0.0015
221	7600	0.1663	0.0015
221	7800	0.1665	0.0015
221	8000	0.1666	0.0015
222	800	0.1603	0.0015
222	1000	0.1605	0.0015
222	1200	0.1606	0.0015
222	1400	0.1608	0.0015
222	1600	0.1609	0.0015
222	1800	0.1611	0.0015
222	2000	0.1612	0.0015
222	2200	0.1614	0.0015
222	2400	0.1615	0.0015
222	2600	0.1617	0.0015
222	2800	0.1618	0.0015
222	3000	0.1620	0.0015
222	3200	0.1621	0.0015
222	3400	0.1623	0.0015
222	3600	0.1624	0.0015
222	3800	0.1626	0.0015
222	4000	0.1627	0.0015
222	4200	0.1629	0.0015
222	4400	0.1630	0.0015
222	4600	0.1632	0.0015
222	4800	0.1633	0.0015
222	5000	0.1634	0.0015
222	5200	0.1636	0.0015
222	5400	0.1637	0.0015
222	5600	0.1639	0.0015
222	5800	0.1640	0.0015
222	6000	0.1642	0.0015
222	6200	0.1643	0.0015
222	6400	0.1644	0.0015
222	6600	0.1646	0.0015
222	6800	0.1647	0.0015
222	7000	0.1649	0.0015
222	7200	0.1650	0.0015
222	7400	0.1651	0.0015
222	7600	0.1653	0.0015
222	7800	0.1654	0.0015
222	8000	0.1656	0.0015
223	800	0.1592	0.0015
223	1000	0.1594	0.0015
223	1200	0.1595	0.0015
223	1400	0.1597	0.0015
223	1600	0.1599	0.0015
223	1800	0.1600	0.0015
223	2000	0.1602	0.0015
223	2200	0.1603	0.0015
223	2400	0.1605	0.0015
223	2600	0.1606	0.0015
223	2800	0.1608	0.0015
223	3000	0.1609	0.0015
223	3200	0.1611	0.0015
223	3400	0.1612	0.0015
223	3600	0.1614	0.0015
223	3800	0.1615	0.0015
223	4000	0.1617	0.0015
223	4200	0.1618	0.0015
223	4400	0.1619	0.0015
223	4600	0.1621	0.0015
223	4800	0.1622	0.0015
223	5000	0.1624	0.0015
223	5200	0.1625	0.0015
223	5400	0.1627	0.0015
223	5600	0.1628	0.0015
223	5800	0.1630	0.0015
223	6000	0.1631	0.0015
223	6200	0.1633	0.0015
223	6400	0.1634	0.0015
223	6600	0.1635	0.0015
223	6800	0.1637	0.0015
223	7000	0.1638	0.0015
223	7200	0.1640	0.0015
223	7400	0.1641	0.0014
223	7600	0.1643	0.0014
223	7800	0.1644	0.0014
223	8000	0.1645	0.0014
224	800	0.1581	0.0015
224	1000	0.1583	0.0015
224	1200	0.1585	0.0015
224	1400	0.1586	0.0015
224	1600	0.1588	0.0015
224	1800	0.1589	0.0015
224	2000	0.1591	0.0015
224	2200	0.1592	0.0015
224	2400	0.1594	0.0015
224	2600	0.1595	0.0015
224	2800	0.1597	0.0015
224	3000	0.1598	0.0015
224	3200	0.1600	0.0015
224	3400	0.1601	0.0015
224	3600	0.1603	0.0015
224	3800	0.1604	0.0015
224	4000	0.1606	0.0015
224	4200	0.1607	0.0015
224	4400	0.1609	0.0015
224	4600	0.1610	0.0015
224	4800	0.1612	0.0014
224	5000	0.1613	0.0014
224	5200	0.1615	0.0014
224	5400	0.1616	0.0014
224	5600	0.1618	0.0014
224	5800	0.1619	0.0014
224	6000	0.1621	0.0014
224	6200	0.1622	0.0014
224	6400	0.1624	0.0014
224	6600	0.1625	0.0014
224	6800	0.1626	0.0014
224	7000	0.1628	0.0014
224	7200	0.1629	0.0014
224	7400	0.1631	0.0014
224	7600	0.1632	0.0014
224	7800	0.1634	0.0014
224	8000	0.1635	0.0014
225	800	0.1571	0.0015
225	1000	0.1572	0.0015
225	1200	0.1574	0.0015
225	1400	0.1575	0.0015
225	1600	0.1577	0.0015
225	1800	0.1578	0.0015
225	2000	0.1580	0.0015
225	2200	0.1582	0.0015
225	2400	0.1583	0.0015
225	2600	0.1585	0.0014
225	2800	0.1586	0.0014
225	3000	0.1588	0.0014
225	3200	0.1589	0.0014
225	3400	0.1591	0.0014
225	3600	0.1592	0.0014
225	3800	0.1594	0.0014
225	4000	0.1595	0.0014
225	4200	0.1597	0.0014
225	4400	0.1598	0.0014
225	4600	0.1600	0.0014
225	4800	0.1601	0.0014
225	5000	0.1603	0.0014
225	5200	0.1604	0.0014
225	5400	0.1606	0.0014
225	5600	0.1607	0.0014
225	5800	0.1609	0.0014
225	6000	0.1610	0.0014
225	6200	0.1612	0.0014
225	6400	0.1613	0.0014
225	6600	0.1615	0.0014
225	6800	0.1616	0.0014
225	7000	0.1617	0.0014
225	7200	0.1619	0.0014
225	7400	0.1620	0.0014
225	7600	0.1622	0.0014
225	7800	0.1623	0.0014
225	8000	0.1625	0.0014
226	800	0.1560	0.0015
226	1000	0.1561	0.0014
226	1200	0.1563	0.0014
226	1400	0.1564	0.0014
226	1600	0.1566	0.0014
226	1800	0.1568	0.0014
226	2000	0.1569	0.0014
226	2200	0.1571	0.0014
226	2400	0.1572	0.0014
226	2600	0.1574	0.0014
226	2800	0.1575	0.0014
226	3000	0.1577	0.0014
226	3200	0.1578	0.0014
226	3400	0.1580	0.0014
226	3600	0.1582	0.0014
226	3800	0.1583	0.0014
226	4000	0.1585	0.0014
226	4200	0.1586	0.0014
226	4400	0.1588	0.0014
226	4600	0.1589	0.0014
226	4800	0.1591	0.0014
226	5000	0.1592	0.0014
226	5200	0.1594	0.0014
226	5400	0.1595	0.0014
226	5600	0.1597	0.0014
226	5800	0.1598	0.0014
226	6000	0.1600	0.0014
226	6200	0.1601	0.0014
226	6400	0.1603	0.0014
226	6600	0.1604	0.0014
226	6800	0.1606	0.0014
226	7000	0.1607	0.0014
226	7200	0.1609	0.0014
226	7400	0.1610	0.0014
226	7600	0.1611	0.0014
226	7800	0.1613	0.0014
226	8000	0.1614	0.0014
227	800	0.1549	0.0014
227	1000	0.1550	0.0014
227	1200	0.1552	0.0014
227	1400	0.1553	0.0014
227	1600	0.1555	0.0014
227	1800	0.1557	0.0014
227	2000	0.1558	0.0014
227	2200	0.1560	0.0014
227	2400	0.1561	0.0014
227	2600	0.1563	0.0014
227	2800	0.1565	0.0014
227	3000	0.1566	0.0014
227	3200	0.1568	0.0014
227	3400	0.1569	0.0014
227	3600	0.1571	0.0014
227	3800	0.1572	0.0014
227	4000	0.1574	0.0014
227	4200	0.1576	0.0014
227	4400	0.1577	0.0014
227	4600	0.1579	0.0014
227	4800	0.1580	0.0014
227	5000	0.1582	0.0014
227	5200	0.1583	0.0014
227	5400	0.1585	0.0014
227	5600	0.1586	0.0014
227	5800	0.1588	0.0014
227	6000	0.1589	0.0014
227	6200	0.1591	0.0014
227	6400	0.1592	0.0014
227	6600	0.1594	0.0014
227	6800	0.1595	0.0014
227	7000	0.1597	0.0014
227	7200	0.1598	0.0014
227	7400	0.1600	0.0013
227	7600	0.1601	0.0013
227	7800	0.1603	0.0013
227	8000	0.1604	0.0013
228	800	0.1538	0.0014
228	1000	0.1539	0.0014
228	1200	0.1541	0.0014
228	1400	0.1543	0.0014
228	1600	0.1544	0.0014
228	1800	0.1546	0.0014
228	2000	0.1547	0.0014
228	2200	0.1549	0.0014
228	2400	0.1551	0.0014
228	2600	0.1552	0.0014
228	2800	0.1554	0.0014
228	3000	0.1555	0.0014
228	3200	0.1557	0.0014
228	3400	0.1559	0.0014
228	3600	0.1560	0.0014
228	3800	0.1562	0.0014
228	4000	0.1563	0.0014
228	4200	0.1565	0.0014
228	4400	0.1567	0.0014
228	4600	0.1568	0.0014
228	4800	0.1570	0.0014
228	5000	0.1571	0.0013
228	5200	0.1573	0.0013
228	5400	0.1574	0.0013
228	5600	0.1576	0.0013
228	5800	0.1577	0.0013
228	6000	0.1579	0.0013
228	6200	0.1580	0.0013
228	6400	0.1582	0.0013
228	6600	0.1583	0.0013
228	6800	0.1585	0.0013
228	7000	0.1586	0.0013
228	7200	0.1588	0.0013
228	7400	0.1589	0.0013
228	7600	0.1591	0.0013
228	7800	0.1592	0.0013
228	8000	0.1594	0.0013
229	1000	0.1528	0.0014
229	1200	0.1530	0.0014
229	1400	0.1532	0.0014
229	1600	0.1533	0.0014
229	1800	0.1535	0.0014
229	2000	0.1537	0.0014
229	2200	0.1538	0.0014
229	2400	0.1540	0.0014
229	2600	0.1542	0.0014
229	2800	0.1543	0.0014
229	3000	0.1545	0.0013
229	3200	0.1546	0.0013
229	3400	0.1548	0.0013
229	3600	0.1550	0.0013
229	3800	0.1551	0.0013
229	4000	0.1553	0.0013
229	4200	0.1554	0.0013
229	4400	0.1556	0.0013
229	4600	0.1557	0.0013
229	4800	0.1559	0.0013
229	5000	0.1561	0.0013
229	5200	0.1562	0.0013
229	5400	0.1564	0.0013
229	5600	0.1565	0.0013
229	5800	0.1567	0.0013
229	6000	0.1568	0.0013
229	6200	0.1570	0.0013
229	6400	0.1571	0.0013
229	6600	0.1573	0.0013
229	6800	0.1574	0.0013
229	7000	0.1576	0.0013
229	7200	0.1577	0.0013
229	7400	0.1579	0.0013
229	7600	0.1580	0.0013
229	7800	0.1582	0.0013
229	8000	0.1583	0.0013
230	1000	0.1517	0.0014
230	1200	0.1519	0.0014
230	1400	0.1521	0.0013
230	1600	0.1523	0.0013
230	1800	0.1524	0.0013
230	2000	0.1526	0.0013
230	2200	0.1527	0.0013
230	2400	0.1529	0.0013
230	2600	0.1531	0.0013
230	2800	0.1532	0.0013
230	3000	0.1534	0.0013
230	3200	0.1536	0.0013
230	3400	0.1537	0.0013
230	3600	0.1539	0.0013
230	3800	0.1541	0.0013
230	4000	0.1542	0.0013
230	4200	0.1544	0.0013
230	4400	0.1545	0.0013
230	4600	0.1547	0.0013
230	4800	0.1548	0.0013
230	5000	0.1550	0.0013
230	5200	0.1552	0.0013
230	5400	0.1553	0.0013
230	5600	0.1555	0.0013
230	5800	0.1556	0.0013
230	6000	0.1558	0.0013
230	6200	0.1559	0.0013
230	6400	0.1561	0.0013
230	6600	0.1563	0.0013
230	6800	0.1564	0.0013
230	7000	0.1566	0.0013
230	7200	0.1567	0.0013
230	7400	0.1569	0.0013
230	7600	0.1570	0.0013
230	7800	0.1572	0.0013
230	8000	0.1573	0.0013
231	1000	0.1507	0.0013
231	1200	0.1508	0.0013
231	1400	0.1510	0.0013
231	1600	0.1512	0.0013
231	1800	0.1513	0.0013
231	2000	0.1515	0.0013
231	2200	0.1517	0.0013
231	2400	0.1518	0.0013
231	2600	0.1520	0.0013
231	2800	0.1522	0.0013
231	3000	0.1523	0.0013
231	3200	0.1525	0.0013
231	3400	0.1527	0.0013
231	3600	0.1528	0.0013
231	3800	0.1530	0.0013
231	4000	0.1531	0.0013
231	4200	0.1533	0.0013
231	4400	0.1535	0.0013
231	4600	0.1536	0.0013
231	4800	0.1538	0.0013
231	5000	0.1540	0.0013
231	5200	0.1541	0.0013
231	5400	0.1543	0.0013
231	5600	0.1544	0.0013
231	5800	0.1546	0.0013
231	6000	0.1547	0.0013
231	6200	0.1549	0.0013
231	6400	0.1551	0.0013
231	6600	0.1552	0.0013
231	6800	0.1554	0.0013
231	7000	0.1555	0.0013
231	7200	0.1557	0.0013
231	7400	0.1558	0.0013
231	7600	0.1560	0.0013
231	7800	0.1561	0.0012
231	8000	0.1563	0.0012
232	1000	0.1496	0.0013
232	1200	0.1497	0.0013
232	1400	0.1499	0.0013
232	1600	0.1501	0.0013
232	1800	0.1502	0.0013
232	2000	0.1504	0.0013
232	2200	0.1506	0.0013
232	2400	0.1508	0.0013
232	2600	0.1509	0.0013
232	2800	0.1511	0.0013
232	3000	0.1513	0.0013
232	3200	0.1514	0.0013
232	3400	0.1516	0.0013
232	3600	0.1518	0.0013
232	3800	0.1519	0.0013
232	4000	0.1521	0.0013
232	4200	0.1522	0.0013
232	4400	0.1524	0.0013
232	4600	0.1526	0.0013
232	4800	0.1527	0.0013
232	5000	0.1529	0.0013
232	5200	0.1531	0.0013
232	5400	0.1532	0.0013
232	5600	0.1534	0.0012
232	5800	0.1535	0.0012
232	6000	0.1537	0.0012
232	6200	0.1539	0.0012
232	6400	0.1540	0.0012
232	6600	0.1542	0.0012
232	6800	0.1543	0.0012
232	7000	0.1545	0.0012
232	7200	0.1546	0.0012
232	7400	0.1548	0.0012
232	7600	0.1550	0.0012
232	7800	0.1551	0.0012
232	8000	0.1553	0.0012
233	1000	0.1485	0.0013
233	1200	0.1486	0.0013
233	1400	0.1488	0.0013
233	1600	0.1490	0.0013
233	1800	0.1492	0.0013
233	2000	0.1493	0.0013
233	2200	0.1495	0.0013
233	2400	0.1497	0.0013
233	2600	0.1498	0.0013
233	2800	0.1500	0.0013
233	3000	0.1502	0.0013
233	3200	0.1504	0.0013
233	3400	0.1505	0.0013
233	3600	0.1507	0.0012
233	3800	0.1509	0.0012
233	4000	0.1510	0.0012
233	4200	0.1512	0.0012
233	4400	0.1514	0.0012
233	4600	0.1515	0.0012
233	4800	0.1517	0.0012
233	5000	0.1518	0.0012
233	5200	0.1520	0.0012
233	5400	0.1522	0.0012
233	5600	0.1523	0.0012
233	5800	0.1525	0.0012
233	6000	0.1527	0.0012
233	6200	0.1528	0.0012
233	6400	0.1530	0.0012
233	6600	0.1531	0.0012
233	6800	0.1533	0.0012
233	7000	0.1535	0.0012
233	7200	0.1536	0.0012
233	7400	0.1538	0.0012
233	7600	0.1539	0.0012
233	7800	0.1541	0.0012
233	8000	0.1542	0.0012
234	1000	0.1474	0.0013
234	1200	0.1475	0.0013
234	1400	0.1477	0.0013
234	1600	0.1479	0.0013
234	1800	0.1481	0.0013
234	2000	0.1482	0.0013
234	2200	0.1484	0.0012
234	2400	0.1486	0.0012
234	2600	0.1488	0.0012
234	2800	0.1489	0.0012
234	3000	0.1491	0.0012
234	3200	0.1493	0.0012
234	3400	0.1494	0.0012
234	3600	0.1496	0.0012
234	3800	0.1498	0.0012
234	4000	0.1500	0.0012
234	4200	0.1501	0.0012
234	4400	0.1503	0.0012
234	4600	0.1505	0.0012
234	4800	0.1506	0.0012
234	5000	0.1508	0.0012
234	5200	0.1510	0.0012
234	5400	0.1511	0.0012
234	5600	0.1513	0.0012
234	5800	0.1514	0.0012
234	6000	0.1516	0.0012
234	6200	0.1518	0.0012
234	6400	0.1519	0.0012
234	6600	0.1521	0.0012
234	6800	0.1523	0.0012
234	7000	0.1524	0.0012
234	7200	0.1526	0.0012
234	7400	0.1527	0.0012
234	7600	0.1529	0.0012
234	7800	0.1531	0.0012
234	8000	0.1532	0.0012
235	1200	0.1464	0.0012
235	1400	0.1466	0.0012
235	1600	0.1468	0.0012
235	1800	0.1470	0.0012
235	2000	0.1472	0.0012
235	2200	0.1473	0.0012
235	2400	0.1475	0.0012
235	2600	0.1477	0.0012
235	2800	0.1479	0.0012
235	3000	0.1480	0.0012
235	3200	0.1482	0.0012
235	3400	0.1484	0.0012
235	3600	0.1485	0.0012
235	3800	0.1487	0.0012
235	4000	0.1489	0.0012
235	4200	0.1491	0.0012
235	4400	0.1492	0.0012
235	4600	0.1494	0.0012
235	4800	0.1496	0.0012
235	5000	0.1497	0.0012
235	5200	0.1499	0.0012
235	5400	0.1501	0.0012
235	5600	0.1502	0.0012
235	5800	0.1504	0.0012
235	6000	0.1506	0.0012
235	6200	0.1507	0.0012
235	6400	0.1509	0.0012
235	6600	0.1511	0.0012
235	6800	0.1512	0.0012
235	7000	0.1514	0.0012
235	7200	0.1515	0.0012
235	7400	0.1517	0.0012
235	7600	0.1519	0.0012
235	7800	0.1520	0.0012
235	8000	0.1522	0.0012
236	1200	0.1453	0.0012
236	1400	0.1455	0.0012
236	1600	0.1457	0.0012
236	1800	0.1459	0.0012
236	2000	0.1461	0.0012
236	2200	0.1462	0.0012
236	2400	0.1464	0.0012
236	2600	0.1466	0.0012
236	2800	0.1468	0.0012
236	3000	0.1470	0.0012
236	3200	0.1471	0.0012
236	3400	0.1473	0.0012
236	3600	0.1475	0.0012
236	3800	0.1477	0.0012
236	4000	0.1478	0.0012
236	4200	0.1480	0.0012
236	4400	0.1482	0.0012
236	4600	0.1483	0.0012
236	4800	0.1485	0.0012
236	5000	0.1487	0.0012
236	5200	0.1488	0.0012
236	5400	0.1490	0.0012
236	5600	0.1492	0.0012
236	5800	0.1494	0.0012
236	6000	0.1495	0.0012
236	6200	0.1497	0.0012
236	6400	0.1499	0.0012
236	6600	0.1500	0.0011
236	6800	0.1502	0.0011
236	7000	0.1503	0.0011
236	7200	0.1505	0.0011
236	7400	0.1507	0.0011
236	7600	0.1508	0.0011
236	7800	0.1510	0.0011
236	8000	0.1512	0.0011
237	1200	0.1442	0.0012
237	1400	0.1444	0.0012
237	1600	0.1446	0.0012
237	1800	0.1448	0.0012
237	2000	0.1450	0.0012
237	2200	0.1452	0.0012
237	2400	0.1453	0.0012
237	2600	0.1455	0.0012
237	2800	0.1457	0.0012
237	3000	0.1459	0.0012
237	3200	0.1461	0.0012
237	3400	0.1462	0.0012
237	3600	0.1464	0.0012
237	3800	0.1466	0.0012
237	4000	0.1468	0.0012
237	4200	0.1469	0.0012
237	4400	0.1471	0.0012
237	4600	0.1473	0.0012
237	4800	0.1475	0.0011
237	5000	0.1476	0.0011
237	5200	0.1478	0.0011
237	5400	0.1480	0.0011
237	5600	0.1481	0.0011
237	5800	0.1483	0.0011
237	6000	0.1485	0.0011
237	6200	0.1486	0.0011
237	6400	0.1488	0.0011
237	6600	0.1490	0.0011
237	6800	0.1491	0.0011
237	7000	0.1493	0.0011
237	7200	0.1495	0.0011
237	7400	0.1496	0.0011
237	7600	0.1498	0.0011
237	7800	0.1500	0.0011
237	8000	0.1501	0.0011
238	1200	0.1431	0.0012
238	1400	0.1433	0.0012
238	1600	0.1435	0.0012
238	1800	0.1437	0.0012
238	2000	0.1439	0.0012
238	2200	0.1441	0.0012
238	2400	0.1443	0.0012
238	2600	0.1444	0.0012
238	2800	0.1446	0.0012
238	3000	0.1448	0.0012
238	3200	0.1450	0.0011
238	3400	0.1452	0.0011
238	3600	0.1453	0.0011
238	3800	0.1455	0.0011
238	4000	0.1457	0.0011
238	4200	0.1459	0.0011
238	4400	0.1460	0.0011
238	4600	0.1462	0.0011
238	4800	0.1464	0.0011
238	5000	0.1466	0.0011
238	5200	0.1467	0.0011
238	5400	0.1469	0.0011
238	5600	0.1471	0.0011
238	5800	0.1473	0.0011
238	6000	0.1474	0.0011
238	6200	0.1476	0.0011
238	6400	0.1478	0.0011
238	6600	0.1479	0.0011
238	6800	0.1481	0.0011
238	7000	0.1483	0.0011
238	7200	0.1484	0.0011
238	7400	0.1486	0.0011
238	7600	0.1488	0.0011
238	7800	0.1489	0.0011
238	8000	0.1491	0.0011
239	1200	0.1420	0.0012
239	1400	0.1422	0.0012
239	1600	0.1424	0.0012
239	1800	0.1426	0.0012
239	2000	0.1428	0.0011
239	2200	0.1430	0.0011
239	2400	0.1432	0.0011
239	2600	0.1434	0.0011
239	2800	0.1435	0.0011
239	3000	0.1437	0.0011
239	3200	0.1439	0.0011
239	3400	0.1441	0.0011
239	3600	0.1443	0.0011
239	3800	0.1444	0.0011
239	4000	0.1446	0.0011
239	4200	0.1448	0.0011
239	4400	0.1450	0.0011
239	4600	0.1452	0.0011
239	4800	0.1453	0.0011
239	5000	0.1455	0.0011
239	5200	0.1457	0.0011
239	5400	0.1459	0.0011
239	5600	0.1460	0.0011
239	5800	0.1462	0.0011
239	6000	0.1464	0.0011
239	6200	0.1466	0.0011
239	6400	0.1467	0.0011
239	6600	0.1469	0.0011
239	6800	0.1471	0.0011
239	7000	0.1472	0.0011
239	7200	0.1474	0.0011
239	7400	0.1476	0.0011
239	7600	0.1477	0.0011
239	7800	0.1479	0.0011
239	8000	0.1481	0.0011
240	1200	0.1409	0.0011
240	1400	0.1411	0.0011
240	1600	0.1413	0.0011
240	1800	0.1415	0.0011
240	2000	0.1417	0.0011
240	2200	0.1419	0.0011
240	2400	0.1421	0.0011
240	2600	0.1423	0.0011
240	2800	0.1425	0.0011
240	3000	0.1426	0.0011
240	3200	0.1428	0.0011
240	3400	0.1430	0.0011
240	3600	0.1432	0.0011
240	3800	0.1434	0.0011
240	4000	0.1436	0.0011
240	4200	0.1437	0.0011
240	4400	0.1439	0.0011
240	4600	0.1441	0.0011
240	4800	0.1443	0.0011
240	5000	0.1445	0.0011
240	5200	0.1446	0.0011
240	5400	0.1448	0.0011
240	5600	0.1450	0.0011
240	5800	0.1452	0.0011
240	6000	0.1453	0.0011
240	6200	0.1455	0.0011
240	6400	0.1457	0.0011
240	6600	0.1459	0.0011
240	6800	0.1460	0.0011
240	7000	0.1462	0.0011
240	7200	0.1464	0.0011
240	7400	0.1465	0.0011
240	7600	0.1467	0.0011
240	7800	0.1469	0.0011
240	8000	0.1471	0.0011
241	1400	0.1400	0.0011
241	1600	0.1402	0.0011
241	1800	0.1404	0.0011
241	2000	0.1406	0.0011
241	2200	0.1408	0.0011
241	2400	0.1410	0.0011
241	2600	0.1412	0.0011
241	2800	0.1414	0.0011
241	3000	0.1416	0.0011
241	3200	0.1417	0.0011
241	3400	0.1419	0.0011
241	3600	0.1421	0.0011
241	3800	0.1423	0.0011
241	4000	0.1425	0.0011
241	4200	0.1427	0.0011
241	4400	0.1429	0.0011
241	4600	0.1430	0.0011
241	4800	0.1432	0.0011
241	5000	0.1434	0.0011
241	5200	0.1436	0.0011
241	5400	0.1438	0.0011
241	5600	0.1439	0.0011
241	5800	0.1441	0.0011
241	6000	0.1443	0.0011
241	6200	0.1445	0.0011
241	6400	0.1446	0.0011
241	6600	0.1448	0.0010
241	6800	0.1450	0.0010
241	7000	0.1452	0.0010
241	7200	0.1453	0.0010
241	7400	0.1455	0.0010
241	7600	0.1457	0.0010
241	7800	0.1459	0.0010
241	8000	0.1460	0.0010
242	1400	0.1389	0.0011
242	1600	0.1391	0.0011
242	1800	0.1393	0.0011
242	2000	0.1395	0.0011
242	2200	0.1397	0.0011
242	2400	0.1399	0.0011
242	2600	0.1401	0.0011
242	2800	0.1403	0.0011
242	3000	0.1405	0.0011
242	3200	0.1407	0.0011
242	3400	0.1409	0.0011
242	3600	0.1410	0.0011
242	3800	0.1412	0.0011
242	4000	0.1414	0.0011
242	4200	0.1416	0.0011
242	4400	0.1418	0.0011
242	4600	0.1420	0.0011
242	4800	0.1422	0.0011
242	5000	0.1423	0.0010
242	5200	0.1425	0.0010
242	5400	0.1427	0.0010
242	5600	0.1429	0.0010
242	5800	0.1431	0.0010
242	6000	0.1432	0.0010
242	6200	0.1434	0.0010
242	6400	0.1436	0.0010
242	6600	0.1438	0.0010
242	6800	0.1440	0.0010
242	7000	0.1441	0.0010
242	7200	0.1443	0.0010
242	7400	0.1445	0.0010
242	7600	0.1447	0.0010
242	7800	0.1448	0.0010
242	8000	0.1450	0.0010
243	1400	0.1378	0.0011
243	1600	0.1380	0.0011
243	1800	0.1382	0.0011
243	2000	0.1384	0.0011
243	2200	0.1386	0.0011
243	2400	0.1388	0.0011
243	2600	0.1390	0.0011
243	2800	0.1392	0.0011
243	3000	0.1394	0.0011
243	3200	0.1396	0.0011
243	3400	0.1398	0.0011
243	3600	0.1400	0.0010
243	3800	0.1402	0.0010
243	4000	0.1404	0.0010
243	4200	0.1405	0.0010
243	4400	0.1407	0.0010
243	4600	0.1409	0.0010
243	4800	0.1411	0.0010
243	5000	0.1413	0.0010
243	5200	0.1415	0.0010
243	5400	0.1417	0.0010
243	5600	0.1418	0.0010
243	5800	0.1420	0.0010
243	6000	0.1422	0.0010
243	6200	0.1424	0.0010
243	6400	0.1426	0.0010
243	6600	0.1427	0.0010
243	6800	0.1429	0.0010
243	7000	0.1431	0.0010
243	7200	0.1433	0.0010
243	7400	0.1435	0.0010
243	7600	0.1436	0.0010
243	7800	0.14381	0.00100
243	8000	0.14398	0.00100
244	1400	0.1367	0.0011
244	1600	0.1369	0.0011
244	1800	0.1371	0.0011
244	2000	0.1373	0.0011
244	2200	0.1375	0.0011
244	2400	0.1377	0.0010
244	2600	0.1379	0.0010
244	2800	0.1381	0.0010
244	3000	0.1383	0.0010
244	3200	0.1385	0.0010
244	3400	0.1387	0.0010
244	3600	0.1389	0.0010
244	3800	0.1391	0.0010
244	4000	0.1393	0.0010
244	4200	0.1395	0.0010
244	4400	0.1397	0.0010
244	4600	0.1399	0.0010
244	4800	0.1400	0.0010
244	5000	0.1402	0.0010
244	5200	0.1404	0.0010
244	5400	0.1406	0.0010
244	5600	0.1408	0.0010
244	5800	0.1410	0.0010
244	6000	0.14116	0.00100
244	6200	0.14134	0.00100
244	6400	0.14153	0.00100
244	6600	0.14171	0.00099
244	6800	0.14189	0.00099
244	7000	0.14207	0.00099
244	7200	0.14225	0.00099
244	7400	0.14243	0.00098
244	7600	0.14261	0.00098
244	7800	0.14278	0.00098
244	8000	0.14296	0.00098
245	1400	0.1356	0.0010
245	1600	0.1358	0.0010
245	1800	0.1360	0.0010
245	2000	0.1362	0.0010
245	2200	0.1364	0.0010
245	2400	0.1366	0.0010
245	2600	0.1368	0.0010
245	2800	0.1370	0.0010
245	3000	0.1372	0.0010
245	3200	0.1374	0.0010
245	3400	0.1376	0.0010
245	3600	0.1378	0.0010
245	3800	0.1380	0.0010
245	4000	0.1382	0.0010
245	4200	0.1384	0.0010
245	4400	0.1386	0.0010
245	4600	0.13879	0.00100
245	4800	0.13898	0.00100
245	5000	0.13917	0.00099
245	5200	0.13936	0.00099
245	5400	0.13955	0.00099
245	5600	0.13974	0.00099
245	5800	0.13993	0.00098
245	6000	0.14011	0.00098
245	6200	0.14030	0.00098
245	6400	0.14048	0.00098
245	6600	0.14067	0.00098
245	6800	0.14085	0.00097
245	7000	0.14103	0.00097
245	7200	0.14122	0.00097
245	7400	0.14140	0.00097
245	7600	0.14158	0.00097
245	7800	0.14176	0.00096
245	8000	0.14194	0.00096
246	1600	0.1347	0.0010
246	1800	0.1349	0.0010
246	2000	0.1351	0.0010
246	2200	0.1353	0.0010
246	2400	0.1355	0.0010
246	2600	0.1357	0.0010
246	2800	0.1359	0.0010
246	3000	0.1361	0.0010
246	3200	0.1363	0.0010
246	3400	0.13654	0.00100
246	3600	0.13674	0.00100
246	3800	0.13694	0.00099
246	4000	0.13714	0.00099
246	4200	0.13734	0.00099
246	4400	0.13753	0.00099
246	4600	0.13773	0.00098
246	4800	0.13792	0.00098
246	5000	0.13811	0.00098
246	5200	0.13831	0.00097
246	5400	0.13850	0.00097
246	5600	0.13869	0.00097
246	5800	0.13888	0.00097
246	6000	0.13907	0.00096
246	6200	0.13925	0.00096
246	6400	0.13944	0.00096
246	6600	0.13963	0.00096
246	6800	0.13981	0.00096
246	7000	0.14000	0.00095
246	7200	0.14018	0.00095
246	7400	0.14037	0.00095
246	7600	0.14055	0.00095
246	7800	0.14073	0.00095
246	8000	0.14091	0.00094
247	1600	0.1336	0.0010
247	1800	0.1338	0.0010
247	2000	0.1340	0.0010
247	2200	0.1342	0.0010
247	2400	0.13444	0.00100
247	2600	0.13464	0.00100
247	2800	0.13485	0.00099
247	3000	0.13506	0.00099
247	3200	0.13526	0.00099
247	3400	0.13546	0.00098
247	3600	0.13566	0.00098
247	3800	0.13587	0.00098
247	4000	0.13607	0.00097
247	4200	0.13627	0.00097
247	4400	0.13646	0.00097
247	4600	0.13666	0.00097
247	4800	0.13686	0.00096
247	5000	0.13705	0.00096
247	5200	0.13725	0.00096
247	5400	0.13744	0.00096
247	5600	0.13764	0.00095
247	5800	0.13783	0.00095
247	6000	0.13802	0.00095
247	6200	0.13821	0.00095
247	6400	0.13840	0.00094
247	6600	0.13859	0.00094
247	6800	0.13878	0.00094
247	7000	0.13896	0.00094
247	7200	0.13915	0.00093
247	7400	0.13934	0.00093
247	7600	0.13952	0.00093
247	7800	0.13971	0.00093
247	8000	0.13989	0.00093
248	1600	0.13248	0.00100
248	1800	0.13270	0.00099
248	2000	0.13291	0.00099
248	2200	0.13313	0.00099
248	2400	0.13334	0.00098
248	2600	0.13355	0.00098
248	2800	0.13376	0.00098
248	3000	0.13397	0.00097
248	3200	0.13417	0.00097
248	3400	0.13438	0.00097
248	3600	0.13458	0.00096
248	3800	0.13479	0.00096
248	4000	0.13499	0.00096
248	4200	0.13519	0.00096
248	4400	0.13539	0.00095
248	4600	0.13560	0.00095
248	4800	0.13579	0.00095
248	5000	0.13599	0.00094
248	5200	0.13619	0.00094
248	5400	0.13639	0.00094
248	5600	0.13658	0.00094
248	5800	0.13678	0.00093
248	6000	0.13697	0.00093
248	6200	0.13716	0.00093
248	6400	0.13736	0.00093
248	6600	0.13755	0.00092
248	6800	0.13774	0.00092
248	7000	0.13793	0.00092
248	7200	0.13812	0.00092
248	7400	0.13831	0.00092
248	7600	0.13849	0.00091
248	7800	0.13868	0.00091
248	8000	0.13887	0.00091
249	1600	0.13137	0.00098
249	1800	0.13159	0.00098
249	2000	0.13181	0.00097
249	2200	0.13202	0.00097
249	2400	0.13224	0.00097
249	2600	0.13245	0.00096
249	2800	0.13266	0.00096
249	3000	0.13287	0.00096
249	3200	0.13308	0.00095
249	3400	0.13329	0.00095
249	3600	0.13350	0.00095
249	3800	0.13371	0.00095
249	4000	0.13392	0.00094
249	4200	0.13412	0.00094
249	4400	0.13433	0.00094
249	4600	0.13453	0.00093
249	4800	0.13473	0.00093
249	5000	0.13493	0.00093
249	5200	0.13513	0.00093
249	5400	0.13533	0.00092
249	5600	0.13553	0.00092
249	5800	0.13573	0.00092
249	6000	0.13592	0.00092
249	6200	0.13612	0.00091
249	6400	0.13631	0.00091
249	6600	0.13651	0.00091
249	6800	0.13670	0.00091
249	7000	0.13689	0.00090
249	7200	0.13708	0.00090
249	7400	0.13728	0.00090
249	7600	0.13747	0.00090
249	7800	0.13765	0.00090
249	8000	0.13784	0.00089
250	1800	0.13047	0.00096
250	2000	0.13069	0.00096
250	2200	0.13091	0.00096
250	2400	0.13113	0.00095
250	2600	0.13135	0.00095
250	2800	0.13157	0.00095
250	3000	0.13178	0.00094
250	3200	0.13199	0.00094
250	3400	0.13221	0.00094
250	3600	0.13242	0.00093
250	3800	0.13263	0.00093
250	4000	0.13284	0.00093
250	4200	0.13305	0.00092
250	4400	0.13325	0.00092
250	4600	0.13346	0.00092
250	4800	0.13366	0.00092
250	5000	0.13387	0.00091
250	5200	0.13407	0.00091
250	5400	0.13427	0.00091
250	5600	0.13448	0.00091
250	5800	0.13467	0.00090
250	6000	0.13487	0.00090
250	6200	0.13507	0.00090
250	6400	0.13527	0.00090
250	6600	0.13547	0.00089
250	6800	0.13566	0.00089
250	7000	0.13586	0.00089
250	7200	0.13605	0.00089
250	7400	0.13624	0.00088
250	7600	0.13644	0.00088
250	7800	0.13663	0.00088
250	8000	0.13682	0.00088
251	1800	0.12936	0.00095
251	2000	0.12958	0.00094
251	2200	0.12981	0.00094
251	2400	0.13003	0.00094
251	2600	0.13025	0.00093
251	2800	0.13047	0.00093
251	3000	0.13069	0.00093
251	3200	0.13090	0.00092
251	3400	0.13112	0.00092
251	3600	0.13133	0.00092
251	3800	0.13155	0.00092
251	4000	0.13176	0.00091
251	4200	0.13197	0.00091
251	4400	0.13218	0.00091
251	4600	0.13239	0.00090
251	4800	0.13260	0.00090
251	5000	0.13281	0.00090
251	5200	0.13301	0.00090
251	5400	0.13322	0.00089
251	5600	0.13342	0.00089
251	5800	0.13362	0.00089
251	6000	0.13383	0.00089
251	6200	0.13403	0.00088
251	6400	0.13423	0.00088
251	6600	0.13442	0.00088
251	6800	0.13462	0.00088
251	7000	0.13482	0.00087
251	7200	0.13502	0.00087
251	7400	0.13521	0.00087
251	7600	0.13541	0.00087
251	7800	0.13560	0.00087
251	8000	0.13580	0.00086
252	1800	0.12824	0.00093
252	2000	0.12847	0.00093
252	2200	0.12869	0.00093
252	2400	0.12892	0.00092
252	2600	0.12914	0.00092
252	2800	0.12937	0.00092
252	3000	0.12959	0.00091
252	3200	0.12981	0.00091
252	3400	0.13003	0.00091
252	3600	0.13025	0.00090
252	3800	0.13046	0.00090
252	4000	0.13068	0.00090
252	4200	0.13089	0.00089
252	4400	0.13111	0.00089
252	4600	0.13132	0.00089
252	4800	0.13153	0.00089
252	5000	0.13174	0.00088
252	5200	0.13195	0.00088
252	5400	0.13216	0.00088
252	5600	0.13236	0.00088
252	5800	0.13257	0.00087
252	6000	0.13278	0.00087
252	6200	0.13298	0.00087
252	6400	0.13318	0.00087
252	6600	0.13338	0.00086
252	6800	0.13358	0.00086
252	7000	0.13378	0.00086
252	7200	0.13398	0.00086
252	7400	0.13418	0.00085
252	7600	0.13438	0.00085
252	7800	0.13458	0.00085
252	8000	0.13477	0.00085
253	1800	0.12712	0.00092
253	2000	0.12735	0.00092
253	2200	0.12758	0.00091
253	2400	0.12781	0.00091
253	2600	0.12804	0.00091
253	2800	0.12826	0.00090
253	3000	0.12849	0.00090
253	3200	0.12871	0.00090
253	3400	0.12894	0.00089
253	3600	0.12916	0.00089
253	3800	0.12938	0.00089
253	4000	0.12960	0.00088
253	4200	0.12982	0.00088
253	4400	0.13003	0.00088
253	4600	0.13025	0.00087
253	4800	0.13046	0.00087
253	5000	0.13067	0.00087
253	5200	0.13089	0.00087
253	5400	0.13110	0.00086
253	5600	0.13131	0.00086
253	5800	0.13152	0.00086
253	6000	0.13172	0.00086
253	6200	0.13193	0.00085
253	6400	0.13214	0.00085
253	6600	0.13234	0.00085
253	6800	0.13254	0.00085
253	7000	0.13275	0.00085
253	7200	0.13295	0.00084
253	7400	0.13315	0.00084
253	7600	0.13335	0.00084
253	7800	0.13355	0.00084
253	8000	0.13375	0.00083
254	2000	0.12623	0.00090
254	2200	0.12646	0.00090
254	2400	0.12670	0.00090
254	2600	0.12693	0.00089
254	2800	0.12716	0.00089
254	3000	0.12739	0.00089
254	3200	0.12762	0.00088
254	3400	0.12784	0.00088
254	3600	0.12807	0.00088
254	3800	0.12829	0.00087
254	4000	0.12851	0.00087
254	4200	0.12873	0.00087
254	4400	0.12895	0.00086
254	4600	0.12917	0.00086
254	4800	0.12939	0.00086
254	5000	0.12961	0.00086
254	5200	0.12982	0.00085
254	5400	0.13004	0.00085
254	5600	0.13025	0.00085
254	5800	0.13046	0.00085
254	6000	0.13067	0.00084
254	6200	0.13088	0.00084
254	6400	0.13109	0.00084
254	6600	0.13130	0.00084
254	6800	0.13150	0.00083
254	7000	0.13171	0.00083
254	7200	0.13191	0.00083
254	7400	0.13212	0.00083
254	7600	0.13232	0.00082
254	7800	0.13252	0.00082
254	8000	0.13272	0.00082
255	2000	0.12510	0.00089
255	2200	0.12534	0.00089
255	2400	0.12558	0.00088
255	2600	0.12582	0.00088
255	2800	0.12605	0.00088
255	3000	0.12628	0.00087
255	3200	0.12651	0.00087
255	3400	0.12675	0.00087
255	3600	0.12697	0.00086
255	3800	0.12720	0.00086
255	4000	0.12743	0.00086
255	4200	0.12765	0.00085
255	4400	0.12788	0.00085
255	4600	0.12810	0.00085
255	4800	0.12832	0.00085
255	5000	0.12854	0.00084
255	5200	0.12876	0.00084
255	5400	0.12897	0.00084
255	5600	0.12919	0.00083
255	5800	0.12941	0.00083
255	6000	0.12962	0.00083
255	6200	0.12983	0.00083
255	6400	0.13004	0.00082
255	6600	0.13025	0.00082
255	6800	0.13046	0.00082
255	7000	0.13067	0.00082
255	7200	0.13088	0.00082
255	7400	0.13109	0.00081
255	7600	0.13129	0.00081
255	7800	0.13149	0.00081
255	8000	0.13170	0.00081
256	2000	0.12398	0.00088
256	2200	0.12422	0.00087
256	2400	0.12446	0.00087
256	2600	0.12470	0.00087
256	2800	0.12494	0.00086
256	3000	0.12518	0.00086
256	3200	0.12541	0.00086
256	3400	0.12565	0.00085
256	3600	0.12588	0.00085
256	3800	0.12611	0.00085
256	4000	0.12634	0.00084
256	4200	0.12657	0.00084
256	4400	0.12680	0.00084
256	4600	0.12702	0.00084
256	4800	0.12725	0.00083
256	5000	0.12747	0.00083
256	5200	0.12769	0.00083
256	5400	0.12791	0.00082
256	5600	0.12813	0.00082
256	5800	0.12835	0.00082
256	6000	0.12857	0.00082
256	6200	0.12878	0.00081
256	6400	0.12900	0.00081
256	6600	0.12921	0.00081
256	6800	0.12942	0.00081
256	7000	0.12963	0.00081
256	7200	0.12984	0.00080
256	7400	0.13005	0.00080
256	7600	0.13026	0.00080
256	7800	0.13047	0.00080
256	8000	0.13067	0.00079
257	2200	0.12309	0.00086
257	2400	0.12334	0.00086
257	2600	0.12358	0.00085
257	2800	0.12383	0.00085
257	3000	0.12407	0.00085
257	3200	0.12431	0.00084
257	3400	0.12455	0.00084
257	3600	0.12478	0.00084
257	3800	0.12502	0.00083
257	4000	0.12525	0.00083
257	4200	0.12548	0.00083
257	4400	0.12571	0.00083
257	4600	0.12594	0.00082
257	4800	0.12617	0.00082
257	5000	0.12640	0.00082
257	5200	0.12662	0.00081
257	5400	0.12685	0.00081
257	5600	0.12707	0.00081
257	5800	0.12729	0.00081
257	6000	0.12751	0.00080
257	6200	0.12773	0.00080
257	6400	0.12795	0.00080
257	6600	0.12816	0.00080
257	6800	0.12838	0.00080
257	7000	0.12859	0.00079
257	7200	0.12881	0.00079
257	7400	0.12902	0.00079
257	7600	0.12923	0.00079
257	7800	0.12944	0.00078
257	8000	0.12965	0.00078
258	2200	0.12196	0.00085
258	2400	0.12221	0.00085
258	2600	0.12246	0.00084
258	2800	0.12271	0.00084
258	3000	0.12296	0.00084
258	3200	0.12320	0.00083
258	3400	0.12344	0.00083
258	3600	0.12368	0.00083
258	3800	0.12392	0.00082
258	4000	0.12416	0.00082
258	4200	0.12440	0.00082
258	4400	0.12463	0.00081
258	4600	0.12486	0.00081
258	4800	0.12509	0.00081
258	5000	0.12532	0.00081
258	5200	0.12555	0.00080
258	5400	0.12578	0.00080
258	5600	0.12601	0.00080
258	5800	0.12623	0.00080
258	6000	0.12645	0.00079
258	6200	0.12668	0.00079
258	6400	0.12690	0.00079
258	6600	0.12712	0.00079
258	6800	0.12734	0.00078
258	7000	0.12755	0.00078
258	7200	0.12777	0.00078
258	7400	0.12798	0.00078
258	7600	0.12820	0.00077
258	7800	0.12841	0.00077
258	8000	0.12862	0.00077
259	2200	0.12083	0.00084
259	2400	0.12109	0.00083
259	2600	0.12134	0.00083
259	2800	0.12159	0.00083
259	3000	0.12184	0.00082
259	3200	0.12209	0.00082
259	3400	0.12234	0.00082
259	3600	0.12258	0.00081
259	3800	0.12282	0.00081
259	4000	0.12307	0.00081
259	4200	0.12330	0.00081
259	4400	0.12354	0.00080
259	4600	0.12378	0.00080
259	4800	0.12402	0.00080
259	5000	0.12425	0.00079
259	5200	0.12448	0.00079
259	5400	0.12471	0.00079
259	5600	0.12494	0.00079
259	5800	0.12517	0.00078
259	6000	0.12540	0.00078
259	6200	0.12562	0.00078
259	6400	0.12585	0.00078
259	6600	0.12607	0.00077
259	6800	0.12629	0.00077
259	7000	0.12651	0.00077
259	7200	0.12673	0.00077
259	7400	0.12695	0.00077
259	7600	0.12717	0.00076
259	7800	0.12738	0.00076
259	8000	0.12760	0.00076
260	2200	0.11969	0.00083
260	2400	0.11995	0.00082
260	2600	0.12021	0.00082
260	2800	0.12047	0.00082
260	3000	0.12072	0.00081
260	3200	0.12098	0.00081
260	3400	0.12123	0.00081
260	3600	0.12148	0.00080
260	3800	0.12172	0.00080
260	4000	0.12197	0.00080
260	4200	0.12221	0.00079
260	4400	0.12245	0.00079
260	4600	0.12270	0.00079
260	4800	0.12293	0.00079
260	5000	0.12317	0.00078
260	5200	0.12341	0.00078
260	5400	0.12364	0.00078
260	5600	0.12388	0.00078
260	5800	0.12411	0.00077
260	6000	0.12434	0.00077
260	6200	0.12457	0.00077
260	6400	0.12480	0.00077
260	6600	0.12502	0.00076
260	6800	0.12525	0.00076
260	7000	0.12547	0.00076
260	7200	0.12569	0.00076
260	7400	0.12591	0.00075
260	7600	0.12613	0.00075
260	7800	0.12635	0.00075
260	8000	0.12657	0.00075
261	2400	0.11882	0.00081
261	2600	0.11908	0.00081
261	2800	0.11934	0.00081
261	3000	0.11960	0.00080
261	3200	0.11986	0.00080
261	3400	0.12011	0.00080
261	3600	0.12037	0.00079
261	3800	0.12062	0.00079
261	4000	0.12087	0.00079
261	4200	0.12112	0.00078
261	4400	0.12136	0.00078
261	4600	0.12161	0.00078
261	4800	0.12185	0.00078
261	5000	0.12209	0.00077
261	5200	0.12233	0.00077
261	5400	0.12257	0.00077
261	5600	0.12281	0.00076
261	5800	0.12304	0.00076
261	6000	0.12328	0.00076
261	6200	0.12351	0.00076
261	6400	0.12374	0.00076
261	6600	0.12397	0.00075
261	6800	0.12420	0.00075
261	7000	0.12443	0.00075
261	7200	0.12465	0.00075
261	7400	0.12488	0.00074
261	7600	0.12510	0.00074
261	7800	0.12532	0.00074
261	8000	0.12554	0.00074
262	2400	0.11767	0.00080
262	2600	0.11794	0.00080
262	2800	0.11821	0.00080
262	3000	0.11847	0.00079
262	3200	0.11874	0.00079
262	3400	0.11900	0.00079
262	3600	0.11926	0.00078
262	3800	0.11951	0.00078
262	4000	0.11977	0.00078
262	4200	0.12002	0.00077
262	4400	0.12027	0.00077
262	4600	0.12052	0.00077
262	4800	0.12077	0.00077
262	5000	0.12101	0.00076
262	5200	0.12126	0.00076
262	5400	0.12150	0.00076
262	5600	0.12174	0.00075
262	5800	0.12198	0.00075
262	6000	0.12222	0.00075
262	6200	0.12245	0.00075
262	6400	0.12269	0.00075
262	6600	0.12292	0.00074
262	6800	0.12315	0.00074
262	7000	0.12338	0.00074
262	7200	0.12361	0.00074
262	7400	0.12384	0.00073
262	7600	0.12407	0.00073
262	7800	0.12429	0.00073
262	8000	0.12452	0.00073
263	2400	0.11653	0.00079
263	2600	0.11680	0.00079
263	2800	0.11707	0.00079
263	3000	0.11734	0.00078
263	3200	0.11761	0.00078
263	3400	0.11788	0.00078
263	3600	0.11814	0.00077
263	3800	0.11840	0.00077
263	4000	0.11866	0.00077
263	4200	0.11892	0.00076
263	4400	0.11917	0.00076
263	4600	0.11943	0.00076
263	4800	0.11968	0.00076
263	5000	0.11993	0.00075
263	5200	0.12018	0.00075
263	5400	0.12042	0.00075
263	5600	0.12067	0.00075
263	5800	0.12091	0.00074
263	6000	0.12115	0.00074
263	6200	0.12139	0.00074
263	6400	0.12163	0.00074
263	6600	0.12187	0.00073
263	6800	0.12211	0.00073
263	7000	0.12234	0.00073
263	7200	0.12257	0.00073
263	7400	0.12280	0.00072
263	7600	0.12303	0.00072
263	7800	0.12326	0.00072
263	8000	0.12349	0.00072
264	2600	0.11566	0.00078
264	2800	0.11594	0.00078
264	3000	0.11621	0.00077
264	3200	0.11648	0.00077
264	3400	0.11675	0.00077
264	3600	0.11702	0.00076
264	3800	0.11729	0.00076
264	4000	0.11755	0.00076
264	4200	0.11782	0.00075
264	4400	0.11808	0.00075
264	4600	0.11833	0.00075
264	4800	0.11859	0.00075
264	5000	0.11884	0.00074
264	5200	0.11910	0.00074
264	5400	0.11935	0.00074
264	5600	0.11960	0.00074
264	5800	0.11984	0.00073
264	6000	0.12009	0.00073
264	6200	0.12033	0.00073
264	6400	0.12058	0.00073
264	6600	0.12082	0.00072
264	6800	0.12106	0.00072
264	7000	0.12129	0.00072
264	7200	0.12153	0.00072
264	7400	0.12176	0.00072
264	7600	0.12200	0.00071
264	7800	0.12223	0.00071
264	8000	0.12246	0.00071
265	2600	0.11451	0.00077
265	2800	0.11479	0.00077
265	3000	0.11507	0.00076
265	3200	0.11535	0.00076
265	3400	0.11563	0.00076
265	3600	0.11590	0.00075
265	3800	0.11617	0.00075
265	4000	0.11644	0.00075
265	4200	0.11671	0.00075
265	4400	0.11697	0.00074
265	4600	0.11724	0.00074
265	4800	0.11750	0.00074
265	5000	0.11776	0.00073
265	5200	0.11801	0.00073
265	5400	0.11827	0.00073
265	5600	0.11852	0.00073
265	5800	0.11877	0.00072
265	6000	0.11902	0.00072
265	6200	0.11927	0.00072
265	6400	0.11952	0.00072
265	6600	0.11976	0.00072
265	6800	0.12000	0.00071
265	7000	0.12025	0.00071
265	7200	0.12049	0.00071
265	7400	0.12072	0.00071
265	7600	0.12096	0.00070
265	7800	0.12120	0.00070
265	8000	0.12143	0.00070
266	2600	0.11335	0.00076
266	2800	0.11364	0.00076
266	3000	0.11393	0.00075
266	3200	0.11421	0.00075
266	3400	0.11449	0.00075
266	3600	0.11477	0.00075
266	3800	0.11505	0.00074
266	4000	0.11533	0.00074
266	4200	0.11560	0.00074
266	4400	0.11587	0.00073
266	4600	0.11614	0.00073
266	4800	0.11640	0.00073
266	5000	0.11667	0.00073
266	5200	0.11693	0.00072
266	5400	0.11719	0.00072
266	5600	0.11744	0.00072
266	5800	0.11770	0.00072
266	6000	0.11795	0.00071
266	6200	0.11821	0.00071
266	6400	0.11846	0.00071
266	6600	0.11871	0.00071
266	6800	0.11895	0.00070
266	7000	0.11920	0.00070
266	7200	0.11944	0.00070
266	7400	0.11968	0.00070
266	7600	0.11992	0.00070
266	7800	0.12016	0.00069
266	8000	0.12040	0.00069
267	2800	0.11249	0.00075
267	3000	0.11278	0.00075
267	3200	0.11307	0.00074
267	3400	0.11336	0.00074
267	3600	0.11364	0.00074
267	3800	0.11393	0.00073
267	4000	0.11421	0.00073
267	4200	0.11448	0.00073
267	4400	0.11476	0.00073
267	4600	0.11503	0.00072
267	4800	0.11530	0.00072
267	5000	0.11557	0.00072
267	5200	0.11584	0.00072
267	5400	0.11610	0.00071
267	5600	0.11636	0.00071
267	5800	0.11662	0.00071
267	6000	0.11688	0.00071
267	6200	0.11714	0.00070
267	6400	0.11739	0.00070
267	6600	0.11765	0.00070
267	6800	0.11790	0.00070
267	7000	0.11815	0.00069
267	7200	0.11839	0.00069
267	7400	0.11864	0.00069
267	7600	0.11888	0.00069
267	7800	0.11913	0.00069
267	8000	0.11937	0.00068
268	2800	0.11133	0.00074
268	3000	0.11163	0.00074
268	3200	0.11192	0.00074
268	3400	0.11222	0.00073
268	3600	0.11251	0.00073
268	3800	0.11280	0.00073
268	4000	0.11308	0.00072
268	4200	0.11337	0.00072
268	4400	0.11365	0.00072
268	4600	0.11393	0.00072
268	4800	0.11420	0.00071
268	5000	0.11447	0.00071
268	5200	0.11475	0.00071
268	5400	0.11502	0.00071
268	5600	0.11528	0.00070
268	5800	0.11555	0.00070
268	6000	0.11581	0.00070
268	6200	0.11607	0.00070
268	6400	0.11633	0.00069
268	6600	0.11659	0.00069
268	6800	0.11684	0.00069
268	7000	0.11710	0.00069
268	7200	0.11735	0.00069
268	7400	0.11760	0.00068
268	7600	0.11785	0.00068
268	7800	0.11809	0.00068
268	8000	0.11834	0.00068
269	3000	0.11047	0.00073
269	3200	0.11077	0.00073
269	3400	0.11107	0.00072
269	3600	0.11137	0.00072
269	3800	0.11166	0.00072
269	4000	0.11195	0.00072
269	4200	0.11224	0.00071
269	4400	0.11253	0.00071
269	4600	0.11281	0.00071
269	4800	0.11310	0.00071
269	5000	0.11337	0.00070
269	5200	0.11365	0.00070
269	5400	0.11393	0.00070
269	5600	0.11420	0.00070
269	5800	0.11447	0.00069
269	6000	0.11474	0.00069
269	6200	0.11500	0.00069
269	6400	0.11526	0.00069
269	6600	0.11553	0.00068
269	6800	0.11579	0.00068
269	7000	0.11604	0.00068
269	7200	0.11630	0.00068
269	7400	0.11655	0.00068
269	7600	0.11680	0.00067
269	7800	0.11705	0.00067
269	8000	0.11730	0.00067
270	3000	0.10930	0.00072
270	3200	0.10961	0.00072
270	3400	0.10992	0.00072
270	3600	0.11022	0.00071
270	3800	0.11052	0.00071
270	4000	0.11082	0.00071
270	4200	0.11112	0.00071
270	4400	0.11141	0.00070
270	4600	0.11170	0.00070
270	4800	0.11199	0.00070
270	5000	0.11227	0.00070
270	5200	0.11255	0.00069
270	5400	0.11283	0.00069
270	5600	0.11311	0.00069
270	5800	0.11339	0.00069
270	6000	0.11366	0.00068
270	6200	0.11393	0.00068
270	6400	0.11420	0.00068
270	6600	0.11446	0.00068
270	6800	0.11473	0.00068
270	7000	0.11499	0.00067
270	7200	0.11525	0.00067
270	7400	0.11551	0.00067
270	7600	0.11576	0.00067
270	7800	0.11602	0.00067
270	8000	0.11627	0.00066
271	3000	0.10813	0.00072
271	3200	0.10845	0.00071
271	3400	0.10876	0.00071
271	3600	0.10907	0.00071
271	3800	0.10938	0.00070
271	4000	0.10968	0.00070
271	4200	0.10999	0.00070
271	4400	0.11029	0.00070
271	4600	0.11058	0.00069
271	4800	0.11087	0.00069
271	5000	0.11116	0.00069
271	5200	0.11145	0.00069
271	5400	0.11174	0.00068
271	5600	0.11202	0.00068
271	5800	0.11230	0.00068
271	6000	0.11258	0.00068
271	6200	0.11285	0.00068
271	6400	0.11313	0.00067
271	6600	0.11340	0.00067
271	6800	0.11367	0.00067
271	7000	0.11393	0.00067
271	7200	0.11420	0.00067
271	7400	0.11446	0.00066
271	7600	0.11472	0.00066
271	7800	0.11498	0.00066
271	8000	0.11523	0.00066
272	3200	0.10727	0.00071
272	3400	0.10760	0.00070
272	3600	0.10791	0.00070
272	3800	0.10823	0.00070
272	4000	0.10854	0.00070
272	4200	0.10885	0.00069
272	4400	0.10916	0.00069
272	4600	0.10946	0.00069
272	4800	0.10976	0.00069
272	5000	0.11005	0.00068
272	5200	0.11035	0.00068
272	5400	0.11064	0.00068
272	5600	0.11093	0.00068
272	5800	0.11121	0.00067
272	6000	0.11149	0.00067
272	6200	0.11177	0.00067
272	6400	0.11205	0.00067
272	6600	0.11233	0.00067
272	6800	0.11260	0.00066
272	7000	0.11287	0.00066
272	7200	0.11314	0.00066
272	7400	0.11341	0.00066
272	7600	0.11367	0.00066
272	7800	0.11394	0.00065
272	8000	0.11420	0.00065
273	3200	0.10609	0.00070
273	3400	0.10642	0.00070
273	3600	0.10675	0.00069
273	3800	0.10707	0.00069
273	4000	0.10739	0.00069
273	4200	0.10771	0.00069
273	4400	0.10802	0.00068
273	4600	0.10833	0.00068
273	4800	0.10864	0.00068
273	5000	0.10894	0.00068
273	5200	0.10924	0.00067
273	5400	0.10953	0.00067
273	5600	0.10983	0.00067
273	5800	0.11012	0.00067
273	6000	0.11041	0.00067
273	6200	0.11069	0.00066
273	6400	0.11098	0.00066
273	6600	0.11126	0.00066
273	6800	0.11154	0.00066
273	7000	0.11181	0.00066
273	7200	0.11209	0.00065
273	7400	0.11236	0.00065
273	7600	0.11263	0.00065
273	7800	0.11289	0.00065
273	8000	0.11316	0.00065
274	3200	0.10491	0.00069
274	3400	0.10525	0.00069
274	3600	0.10558	0.00069
274	3800	0.10591	0.00069
274	4000	0.10624	0.00068
274	4200	0.10656	0.00068
274	4400	0.10688	0.00068
274	4600	0.10720	0.00068
274	4800	0.10751	0.00067
274	5000	0.10782	0.00067
274	5200	0.10812	0.00067
274	5400	0.10843	0.00067
274	5600	0.10873	0.00066
274	5800	0.10902	0.00066
274	6000	0.10932	0.00066
274	6200	0.10961	0.00066
274	6400	0.10990	0.00066
274	6600	0.11019	0.00065
274	6800	0.11047	0.00065
274	7000	0.11075	0.00065
274	7200	0.11103	0.00065
274	7400	0.11131	0.00065
274	7600	0.11158	0.00064
274	7800	0.11185	0.00064
274	8000	0.11212	0.00064
275	3400	0.10406	0.00068
275	3600	0.10440	0.00068
275	3800	0.10474	0.00068
275	4000	0.10508	0.00068
275	4200	0.10541	0.00067
275	4400	0.10573	0.00067
275	4600	0.10606	0.00067
275	4800	0.10638	0.00067
275	5000	0.10669	0.00067
275	5200	0.10701	0.00066
275	5400	0.10732	0.00066
275	5600	0.10762	0.00066
275	5800	0.10793	0.00066
275	6000	0.10823	0.00066
275	6200	0.10852	0.00065
275	6400	0.10882	0.00065
275	6600	0.10911	0.00065
275	6800	0.10940	0.00065
275	7000	0.10968	0.00065
275	7200	0.10997	0.00064
275	7400	0.11025	0.00064
275	7600	0.11053	0.00064
275	7800	0.11081	0.00064
275	8000	0.11108	0.00064
276	3400	0.10286	0.00068
276	3600	0.10322	0.00068
276	3800	0.10356	0.00067
276	4000	0.10391	0.00067
276	4200	0.10425	0.00067
276	4400	0.10458	0.00067
276	4600	0.10491	0.00066
276	4800	0.10524	0.00066
276	5000	0.10556	0.00066
276	5200	0.10588	0.00066
276	5400	0.10620	0.00066
276	5600	0.10651	0.00065
276	5800	0.10682	0.00065
276	6000	0.10713	0.00065
276	6200	0.10743	0.00065
276	6400	0.10773	0.00065
276	6600	0.10803	0.00064
276	6800	0.10833	0.00064
276	7000	0.10862	0.00064
276	7200	0.10891	0.00064
276	7400	0.10919	0.00064
276	7600	0.10948	0.00064
276	7800	0.10976	0.00063
276	8000	0.11004	0.00063
277	3600	0.10202	0.00067
277	3800	0.10238	0.00067
277	4000	0.10273	0.00067
277	4200	0.10308	0.00066
277	4400	0.10342	0.00066
277	4600	0.10376	0.00066
277	4800	0.10410	0.00066
277	5000	0.10443	0.00066
277	5200	0.10476	0.00065
277	5400	0.10508	0.00065
277	5600	0.10540	0.00065
277	5800	0.10572	0.00065
277	6000	0.10603	0.00065
277	6200	0.10634	0.00064
277	6400	0.10665	0.00064
277	6600	0.10695	0.00064
277	6800	0.10725	0.00064
277	7000	0.10755	0.00064
277	7200	0.10784	0.00063
277	7400	0.10813	0.00063
277	7600	0.10842	0.00063
277	7800	0.10871	0.00063
277	8000	0.10899	0.00063
278	3600	0.10082	0.00067
278	3800	0.10118	0.00066
278	4000	0.10155	0.00066
278	4200	0.10190	0.00066
278	4400	0.10226	0.00066
278	4600	0.10260	0.00065
278	4800	0.10295	0.00065
278	5000	0.10329	0.00065
278	5200	0.10362	0.00065
278	5400	0.10395	0.00065
278	5600	0.10428	0.00065
278	5800	0.10460	0.00064
278	6000	0.10492	0.00064
278	6200	0.10524	0.00064
278	6400	0.10555	0.00064
278	6600	0.10586	0.00064
278	6800	0.10617	0.00063
278	7000	0.10647	0.00063
278	7200	0.10677	0.00063
278	7400	0.10707	0.00063
278	7600	0.10737	0.00063
278	7800	0.10766	0.00063
278	8000	0.10795	0.00062
279	3800	0.09998	0.00066
279	4000	0.10035	0.00066
279	4200	0.10072	0.00065
279	4400	0.10108	0.00065
279	4600	0.10144	0.00065
279	4800	0.10179	0.00065
279	5000	0.10214	0.00065
279	5200	0.10248	0.00064
279	5400	0.10282	0.00064
279	5600	0.10316	0.00064
279	5800	0.10349	0.00064
279	6000	0.10382	0.00064
279	6200	0.10414	0.00064
279	6400	0.10446	0.00063
279	6600	0.10478	0.00063
279	6800	0.10509	0.00063
279	7000	0.10540	0.00063
279	7200	0.10570	0.00063
279	7400	0.10601	0.00063
279	7600	0.10631	0.00062
279	7800	0.10661	0.00062
279	8000	0.10690	0.00062
280	3800	0.09876	0.00065
280	4000	0.09915	0.00065
280	4200	0.09953	0.00065
280	4400	0.09990	0.00065
280	4600	0.10027	0.00065
280	4800	0.10063	0.00064
280	5000	0.10099	0.00064
280	5200	0.10134	0.00064
280	5400	0.10169	0.00064
280	5600	0.10203	0.00064
280	5800	0.10237	0.00064
280	6000	0.10270	0.00063
280	6200	0.10303	0.00063
280	6400	0.10336	0.00063
280	6600	0.10368	0.00063
280	6800	0.10400	0.00063
280	7000	0.10432	0.00063
280	7200	0.10463	0.00062
280	7400	0.10494	0.00062
280	7600	0.10525	0.00062
280	7800	0.10555	0.00062
280	8000	0.10585	0.00062
281	3800	0.09754	0.00065
281	4000	0.09793	0.00065
281	4200	0.09832	0.00065
281	4400	0.09871	0.00064
281	4600	0.09908	0.00064
281	4800	0.09946	0.00064
281	5000	0.09982	0.00064
281	5200	0.10019	0.00064
281	5400	0.10054	0.00063
281	5600	0.10089	0.00063
281	5800	0.10124	0.00063
281	6000	0.10158	0.00063
281	6200	0.10192	0.00063
281	6400	0.10226	0.00063
281	6600	0.10259	0.00062
281	6800	0.10291	0.00062
281	7000	0.10324	0.00062
281	7200	0.10356	0.00062
281	7400	0.10387	0.00062
281	7600	0.10418	0.00062
281	7800	0.10449	0.00062
281	8000	0.10480	0.00061
282	4000	0.09671	0.00064
282	4200	0.09711	0.00064
282	4400	0.09751	0.00064
282	4600	0.09789	0.00064
282	4800	0.09828	0.00064
282	5000	0.09865	0.00063
282	5200	0.09903	0.00063
282	5400	0.09939	0.00063
282	5600	0.09975	0.00063
282	5800	0.10011	0.00063
282	6000	0.10046	0.00063
282	6200	0.10081	0.00062
282	6400	0.10115	0.00062
282	6600	0.10149	0.00062
282	6800	0.10182	0.00062
282	7000	0.10215	0.00062
282	7200	0.10248	0.00062
282	7400	0.10280	0.00062
282	7600	0.10312	0.00061
282	7800	0.10343	0.00061
282	8000	0.10374	0.00061
283	4000	0.09547	0.00064
283	4200	0.09588	0.00064
283	4400	0.09629	0.00064
283	4600	0.09669	0.00063
283	4800	0.09709	0.00063
283	5000	0.09748	0.00063
283	5200	0.09786	0.00063
283	5400	0.09823	0.00063
283	5600	0.09860	0.00063
283	5800	0.09897	0.00062
283	6000	0.09933	0.00062
283	6200	0.09968	0.00062
283	6400	0.10003	0.00062
283	6600	0.10038	0.00062
283	6800	0.10072	0.00062
283	7000	0.10106	0.00062
283	7200	0.10139	0.00061
283	7400	0.10172	0.00061
283	7600	0.10205	0.00061
283	7800	0.10237	0.00061
283	8000	0.10269	0.00061
284	4200	0.09464	0.00063
284	4400	0.09507	0.00063
284	4600	0.09548	0.00063
284	4800	0.09589	0.00063
284	5000	0.09629	0.00063
284	5200	0.09668	0.00063
284	5400	0.09707	0.00062
284	5600	0.09745	0.00062
284	5800	0.09782	0.00062
284	6000	0.09819	0.00062
284	6200	0.09856	0.00062
284	6400	0.09892	0.00062
284	6600	0.09927	0.00062
284	6800	0.09962	0.00061
284	7000	0.09996	0.00061
284	7200	0.10031	0.00061
284	7400	0.10064	0.00061
284	7600	0.10097	0.00061
284	7800	0.10130	0.00061
284	8000	0.10163	0.00061
285	4200	0.09339	0.00063
285	4400	0.09383	0.00063
285	4600	0.09426	0.00063
285	4800	0.09468	0.00063
285	5000	0.09509	0.00062
285	5200	0.09549	0.00062
285	5400	0.09589	0.00062
285	5600	0.09628	0.00062
285	5800	0.09667	0.00062
285	6000	0.09705	0.00062
285	6200	0.09742	0.00062
285	6400	0.09779	0.00061
285	6600	0.09815	0.00061
285	6800	0.09851	0.00061
285	7000	0.09887	0.00061
285	7200	0.09921	0.00061
285	7400	0.09956	0.00061
285	7600	0.09990	0.00061
285	7800	0.10023	0.00061
285	8000	0.10057	0.00060
286	4400	0.09258	0.00063
286	4600	0.09302	0.00062
286	4800	0.09345	0.00062
286	5000	0.09388	0.00062
286	5200	0.09430	0.00062
286	5400	0.09471	0.00062
286	5600	0.09511	0.00062
286	5800	0.09551	0.00062
286	6000	0.09590	0.00061
286	6200	0.09628	0.00061
286	6400	0.09666	0.00061
286	6600	0.09703	0.00061
286	6800	0.09740	0.00061
286	7000	0.09776	0.00061
286	7200	0.09812	0.00061
286	7400	0.09847	0.00061
286	7600	0.09882	0.00060
286	7800	0.09916	0.00060
286	8000	0.09950	0.00060
287	4400	0.09131	0.00062
287	4600	0.09177	0.00062
287	4800	0.09222	0.00062
287	5000	0.09266	0.00062
287	5200	0.09309	0.00062
287	5400	0.09351	0.00062
287	5600	0.09393	0.00061
287	5800	0.09434	0.00061
287	6000	0.09474	0.00061
287	6200	0.09513	0.00061
287	6400	0.09552	0.00061
287	6600	0.09590	0.00061
287	6800	0.09628	0.00061
287	7000	0.09665	0.00061
287	7200	0.09702	0.00060
287	7400	0.09738	0.00060
287	7600	0.09773	0.00060
287	7800	0.09808	0.00060
287	8000	0.09843	0.00060
288	4600	0.09050	0.00062
288	4800	0.09097	0.00062
288	5000	0.09142	0.00062
288	5200	0.09187	0.00061
288	5400	0.09231	0.00061
288	5600	0.09274	0.00061
288	5800	0.09316	0.00061
288	6000	0.09357	0.00061
288	6200	0.09398	0.00061
288	6400	0.09438	0.00061
288	6600	0.09477	0.00061
288	6800	0.09516	0.00060
288	7000	0.09554	0.00060
288	7200	0.09591	0.00060
288	7400	0.09628	0.00060
288	7600	0.09665	0.00060
288	7800	0.09700	0.00060
288	8000	0.09736	0.00060
289	4600	0.08921	0.00062
289	4800	0.08970	0.00062
289	5000	0.09017	0.00061
289	5200	0.09064	0.00061
289	5400	0.09109	0.00061
289	5600	0.09153	0.00061
289	5800	0.09197	0.00061
289	6000	0.09239	0.00061
289	6200	0.09281	0.00061
289	6400	0.09322	0.00060
289	6600	0.09363	0.00060
289	6800	0.09403	0.00060
289	7000	0.09442	0.00060
289	7200	0.09480	0.00060
289	7400	0.09518	0.00060
289	7600	0.09555	0.00060
289	7800	0.09592	0.00060
289	8000	0.09628	0.00060
290	4800	0.08842	0.00062
290	5000	0.08891	0.00061
290	5200	0.08939	0.00061
290	5400	0.08986	0.00061
290	5600	0.09032	0.00061
290	5800	0.09077	0.00061
290	6000	0.09121	0.00060
290	6200	0.09164	0.00060
290	6400	0.09206	0.00060
290	6600	0.09248	0.00060
290	6800	0.09289	0.00060
290	7000	0.09329	0.00060
290	7200	0.09368	0.00060
290	7400	0.09407	0.00060
290	7600	0.09445	0.00060
290	7800	0.09483	0.00060
290	8000	0.09520	0.00059
291	5000	0.08763	0.00061
291	5200	0.08813	0.00061
291	5400	0.08861	0.00061
291	5600	0.08909	0.00061
291	5800	0.08955	0.00060
291	6000	0.09001	0.00060
291	6200	0.09046	0.00060
291	6400	0.09089	0.00060
291	6600	0.09132	0.00060
291	6800	0.09174	0.00060
291	7000	0.09215	0.00060
291	7200	0.09256	0.00060
291	7400	0.09296	0.00060
291	7600	0.09335	0.00059
291	7800	0.09374	0.00059
291	8000	0.09412	0.00059
292	5000	0.08633	0.00061
292	5200	0.08685	0.00061
292	5400	0.08735	0.00061
292	5600	0.08785	0.00060
292	5800	0.08833	0.00060
292	6000	0.08880	0.00060
292	6200	0.08926	0.00060
292	6400	0.08971	0.00060
292	6600	0.09015	0.00060
292	6800	0.09059	0.00060
292	7000	0.09101	0.00060
292	7200	0.09143	0.00059
292	7400	0.09184	0.00059
292	7600	0.09224	0.00059
292	7800	0.09264	0.00059
292	8000	0.09303	0.00059
293	5200	0.08555	0.00061
293	5400	0.08607	0.00061
293	5600	0.08659	0.00060
293	5800	0.08709	0.00060
293	6000	0.08758	0.00060
293	6200	0.08805	0.00060
293	6400	0.08852	0.00060
293	6600	0.08898	0.00060
293	6800	0.08942	0.00059
293	7000	0.08986	0.00059
293	7200	0.09029	0.00059
293	7400	0.09071	0.00059
293	7600	0.09113	0.00059
293	7800	0.09153	0.00059
293	8000	0.09194	0.00059
294	5200	0.08423	0.00061
294	5400	0.08478	0.00061
294	5600	0.08531	0.00060
294	5800	0.08583	0.00060
294	6000	0.08634	0.00060
294	6200	0.08683	0.00060
294	6400	0.08732	0.00060
294	6600	0.08779	0.00059
294	6800	0.08825	0.00059
294	7000	0.08870	0.00059
294	7200	0.08915	0.00059
294	7400	0.08958	0.00059
294	7600	0.09001	0.00059
294	7800	0.09042	0.00059
294	8000	0.09084	0.00059
295	5400	0.08347	0.00061
295	5600	0.08402	0.00060
295	5800	0.08456	0.00060
295	6000	0.08509	0.00060
295	6200	0.08560	0.00060
295	6400	0.08610	0.00059
295	6600	0.08659	0.00059
295	6800	0.08707	0.00059
295	7000	0.08754	0.00059
295	7200	0.08799	0.00059
295	7400	0.08844	0.00059
295	7600	0.08888	0.00059
295	7800	0.08931	0.00059
295	8000	0.08973	0.00059
296	5400	0.08215	0.00061
296	5600	0.08272	0.00060
296	5800	0.08328	0.00060
296	6000	0.08382	0.00060
296	6200	0.08436	0.00060
296	6400	0.08488	0.00059
296	6600	0.08538	0.00059
296	6800	0.08587	0.00059
296	7000	0.08636	0.00059
296	7200	0.08683	0.00059
296	7400	0.08729	0.00059
296	7600	0.08774	0.00059
296	7800	0.08819	0.00059
296	8000	0.08862	0.00059
297	5600	0.08141	0.00060
297	5800	0.08199	0.00060
297	6000	0.08255	0.00060
297	6200	0.08310	0.00059
297	6400	0.08364	0.00059
297	6600	0.08416	0.00059
297	6800	0.08467	0.00059
297	7000	0.08517	0.00059
297	7200	0.08566	0.00059
297	7400	0.08613	0.00059
297	7600	0.08660	0.00059
297	7800	0.08706	0.00058
297	8000	0.08750	0.00058
298	5800	0.08069	0.00060
298	6000	0.08126	0.00060
298	6200	0.08183	0.00059
298	6400	0.08238	0.00059
298	6600	0.08293	0.00059
298	6800	0.08345	0.00059
298	7000	0.08397	0.00059
298	7200	0.08447	0.00059
298	7400	0.08497	0.00058
298	7600	0.08545	0.00058
298	7800	0.08592	0.00058
298	8000	0.08638	0.00058
299	5800	0.07941	0.00060
299	6000	0.07998	0.00059
299	6200	0.08056	0.00059
299	6400	0.08112	0.00059
299	6600	0.08168	0.00059
299	6800	0.08223	0.00059
299	7000	0.08276	0.00059
299	7200	0.08328	0.00058
299	7400	0.08379	0.00058
299	7600	0.08429	0.00058
299	7800	0.08477	0.00058
299	8000	0.08525	0.00058
300	6000	0.07873	0.00059
300	6200	0.07929	0.00059
300	6400	0.07986	0.00059
300	6600	0.08043	0.00059
300	6800	0.08099	0.00059
300	7000	0.08154	0.00058
300	7200	0.08208	0.00058
300	7400	0.08261	0.00058
300	7600	0.08312	0.00058
300	7800	0.08362	0.00058
300	8000	0.08411	0.00058
301	6200	0.07807	0.00058
301	6400	0.07862	0.00059
301	6600	0.07919	0.00059
301	6800	0.07976	0.00058
301	7000	0.08032	0.00058
301	7200	0.08087	0.00058
301	7400	0.08141	0.00058
301	7600	0.08194	0.00058
301	7800	0.08246	0.00058
301	8000	0.08296	0.00058
302	6200	0.07700	0.00057
302	6400	0.07744	0.00058
302	6600	0.07797	0.00058
302	6800	0.07853	0.00058
302	7000	0.07910	0.00058
302	7200	0.07966	0.00058
302	7400	0.08022	0.00058
302	7600	0.08076	0.00058
302	7800	0.08129	0.00058
302	8000	0.08181	0.00058
303	6400	0.07645	0.00056
303	6600	0.07684	0.00057
303	6800	0.07734	0.00057
303	7000	0.07789	0.00058
303	7200	0.07845	0.00058
303	7400	0.07902	0.00058
303	7600	0.07957	0.00058
303	7800	0.08012	0.00057
303	8000	0.08065	0.00057
304	6600	0.07593	0.00056
304	6800	0.07626	0.00056
304	7000	0.07673	0.00057
304	7200	0.07727	0.00057
304	7400	0.07783	0.00057
304	7600	0.07839	0.00057
304	7800	0.07894	0.00057
304	8000	0.07949	0.00057
305	6600	0.07577	0.00061
305	6800	0.07545	0.00055
305	7000	0.07570	0.00056
305	7200	0.07614	0.00056
305	7400	0.07666	0.00057
305	7600	0.07721	0.00057
305	7800	0.07777	0.00057
305	8000	0.07833	0.00057
306	6800	0.07554	0.00064
306	7000	0.07500	0.00055
306	7200	0.07517	0.00055
306	7400	0.07557	0.00056
306	7600	0.07608	0.00056
306	7800	0.07662	0.00056
306	8000	0.07717	0.00057
307	7000	0.07534	0.00069
307	7200	0.07456	0.00055
307	7400	0.07465	0.00055
307	7600	0.07502	0.00055
307	7800	0.07551	0.00056
307	8000	0.07604	0.00056
308	7200	0.07512	0.00077
308	7400	0.07414	0.00056
308	7600	0.07415	0.00055
308	7800	0.07448	0.00055
308	8000	0.07495	0.00055
309	7200	0.0834	0.0072
309	7400	0.07483	0.00086
309	7600	0.07371	0.00058
309	7800	0.07366	0.00054
309	8000	0.07396	0.00054