Table: Thermal pressure coefficient [L]
Temperature {K} 	Pressure {kPa} 	Thermal pressure coefficient {kPa/K} 	Uncertainty {kPa/K} 
182.33	200	2170	360
182.33	400	2170	360
182.33	600	2170	360
182.33	800	2170	360
182.33	1000	2180	360
182.33	1200	2180	360
182.33	1400	2180	360
182.33	1600	2180	360
182.33	1800	2180	370
182.33	2000	2180	370
182.33	2200	2190	370
182.33	2400	2190	370
182.33	2600	2190	370
182.33	2800	2190	370
182.33	3000	2190	370
182.33	3200	2190	370
182.33	3400	2200	370
182.33	3600	2200	370
182.33	3800	2200	370
182.33	4000	2200	370
182.33	4200	2200	370
182.33	4400	2210	370
182.33	4600	2210	370
182.33	4800	2210	370
182.33	5000	2210	370
182.33	5200	2210	370
182.33	5400	2210	370
182.33	5600	2220	370
182.33	5800	2220	370
182.33	6000	2220	370
182.33	6200	2220	370
182.33	6400	2220	370
182.33	6600	2220	370
182.33	6800	2230	370
182.33	7000	2230	370
182.33	7200	2230	380
182.33	7400	2230	380
182.33	7600	2230	380
182.33	7800	2230	380
182.33	8000	2240	380
182.33	8200	2240	380
182.33	8400	2240	380
182.33	8600	2240	380
182.33	8800	2240	380
182.33	9000	2240	380
182.33	9200	2250	380
182.33	9400	2250	380
182.33	9600	2250	380
182.33	9800	2250	380
182.33	10000	2250	380
183	200	2150	360
183	400	2160	360
183	600	2160	360
183	800	2160	360
183	1000	2160	360
183	1200	2160	360
183	1400	2160	360
183	1600	2170	360
183	1800	2170	360
183	2000	2170	360
183	2200	2170	360
183	2400	2170	360
183	2600	2170	360
183	2800	2180	360
183	3000	2180	360
183	3200	2180	360
183	3400	2180	360
183	3600	2180	360
183	3800	2190	360
183	4000	2190	370
183	4200	2190	370
183	4400	2190	370
183	4600	2190	370
183	4800	2190	370
183	5000	2200	370
183	5200	2200	370
183	5400	2200	370
183	5600	2200	370
183	5800	2200	370
183	6000	2200	370
183	6200	2210	370
183	6400	2210	370
183	6600	2210	370
183	6800	2210	370
183	7000	2210	370
183	7200	2210	370
183	7400	2220	370
183	7600	2220	370
183	7800	2220	370
183	8000	2220	370
183	8200	2220	370
183	8400	2220	370
183	8600	2230	370
183	8800	2230	370
183	9000	2230	370
183	9200	2230	370
183	9400	2230	380
183	9600	2230	380
183	9800	2240	380
183	10000	2240	380
184	200	2130	350
184	400	2130	350
184	600	2130	350
184	800	2140	350
184	1000	2140	350
184	1200	2140	350
184	1400	2140	350
184	1600	2140	350
184	1800	2150	350
184	2000	2150	360
184	2200	2150	360
184	2400	2150	360
184	2600	2150	360
184	2800	2150	360
184	3000	2160	360
184	3200	2160	360
184	3400	2160	360
184	3600	2160	360
184	3800	2160	360
184	4000	2160	360
184	4200	2170	360
184	4400	2170	360
184	4600	2170	360
184	4800	2170	360
184	5000	2170	360
184	5200	2180	360
184	5400	2180	360
184	5600	2180	360
184	5800	2180	360
184	6000	2180	360
184	6200	2180	360
184	6400	2190	360
184	6600	2190	360
184	6800	2190	360
184	7000	2190	360
184	7200	2190	370
184	7400	2190	370
184	7600	2200	370
184	7800	2200	370
184	8000	2200	370
184	8200	2200	370
184	8400	2200	370
184	8600	2200	370
184	8800	2210	370
184	9000	2210	370
184	9200	2210	370
184	9400	2210	370
184	9600	2210	370
184	9800	2210	370
184	10000	2220	370
185	200	2110	350
185	400	2110	350
185	600	2110	350
185	800	2110	350
185	1000	2120	350
185	1200	2120	350
185	1400	2120	350
185	1600	2120	350
185	1800	2120	350
185	2000	2130	350
185	2200	2130	350
185	2400	2130	350
185	2600	2130	350
185	2800	2130	350
185	3000	2130	350
185	3200	2140	350
185	3400	2140	350
185	3600	2140	350
185	3800	2140	350
185	4000	2140	350
185	4200	2140	350
185	4400	2150	350
185	4600	2150	350
185	4800	2150	350
185	5000	2150	350
185	5200	2150	360
185	5400	2150	360
185	5600	2160	360
185	5800	2160	360
185	6000	2160	360
185	6200	2160	360
185	6400	2160	360
185	6600	2170	360
185	6800	2170	360
185	7000	2170	360
185	7200	2170	360
185	7400	2170	360
185	7600	2170	360
185	7800	2180	360
185	8000	2180	360
185	8200	2180	360
185	8400	2180	360
185	8600	2180	360
185	8800	2180	360
185	9000	2190	360
185	9200	2190	360
185	9400	2190	360
185	9600	2190	360
185	9800	2190	360
185	10000	2190	360
186	200	2090	340
186	400	2090	340
186	600	2090	340
186	800	2090	340
186	1000	2090	340
186	1200	2100	340
186	1400	2100	340
186	1600	2100	340
186	1800	2100	340
186	2000	2100	340
186	2200	2110	340
186	2400	2110	340
186	2600	2110	340
186	2800	2110	340
186	3000	2110	340
186	3200	2110	350
186	3400	2120	350
186	3600	2120	350
186	3800	2120	350
186	4000	2120	350
186	4200	2120	350
186	4400	2120	350
186	4600	2130	350
186	4800	2130	350
186	5000	2130	350
186	5200	2130	350
186	5400	2130	350
186	5600	2130	350
186	5800	2140	350
186	6000	2140	350
186	6200	2140	350
186	6400	2140	350
186	6600	2140	350
186	6800	2150	350
186	7000	2150	350
186	7200	2150	350
186	7400	2150	350
186	7600	2150	350
186	7800	2150	350
186	8000	2160	350
186	8200	2160	350
186	8400	2160	360
186	8600	2160	360
186	8800	2160	360
186	9000	2160	360
186	9200	2170	360
186	9400	2170	360
186	9600	2170	360
186	9800	2170	360
186	10000	2170	360
187	200	2070	330
187	400	2070	330
187	600	2070	330
187	800	2070	330
187	1000	2070	340
187	1200	2070	340
187	1400	2080	340
187	1600	2080	340
187	1800	2080	340
187	2000	2080	340
187	2200	2080	340
187	2400	2090	340
187	2600	2090	340
187	2800	2090	340
187	3000	2090	340
187	3200	2090	340
187	3400	2090	340
187	3600	2100	340
187	3800	2100	340
187	4000	2100	340
187	4200	2100	340
187	4400	2100	340
187	4600	2100	340
187	4800	2110	340
187	5000	2110	340
187	5200	2110	340
187	5400	2110	340
187	5600	2110	340
187	5800	2120	340
187	6000	2120	340
187	6200	2120	350
187	6400	2120	350
187	6600	2120	350
187	6800	2120	350
187	7000	2130	350
187	7200	2130	350
187	7400	2130	350
187	7600	2130	350
187	7800	2130	350
187	8000	2130	350
187	8200	2140	350
187	8400	2140	350
187	8600	2140	350
187	8800	2140	350
187	9000	2140	350
187	9200	2140	350
187	9400	2150	350
187	9600	2150	350
187	9800	2150	350
187	10000	2150	350
188	200	2040	330
188	400	2050	330
188	600	2050	330
188	800	2050	330
188	1000	2050	330
188	1200	2050	330
188	1400	2060	330
188	1600	2060	330
188	1800	2060	330
188	2000	2060	330
188	2200	2060	330
188	2400	2060	330
188	2600	2070	330
188	2800	2070	330
188	3000	2070	330
188	3200	2070	330
188	3400	2070	330
188	3600	2070	330
188	3800	2080	330
188	4000	2080	340
188	4200	2080	340
188	4400	2080	340
188	4600	2080	340
188	4800	2090	340
188	5000	2090	340
188	5200	2090	340
188	5400	2090	340
188	5600	2090	340
188	5800	2090	340
188	6000	2100	340
188	6200	2100	340
188	6400	2100	340
188	6600	2100	340
188	6800	2100	340
188	7000	2100	340
188	7200	2110	340
188	7400	2110	340
188	7600	2110	340
188	7800	2110	340
188	8000	2110	340
188	8200	2110	340
188	8400	2120	340
188	8600	2120	340
188	8800	2120	340
188	9000	2120	340
188	9200	2120	340
188	9400	2120	350
188	9600	2130	350
188	9800	2130	350
188	10000	2130	350
189	200	2020	320
189	400	2030	320
189	600	2030	320
189	800	2030	320
189	1000	2030	320
189	1200	2030	320
189	1400	2030	320
189	1600	2040	320
189	1800	2040	330
189	2000	2040	330
189	2200	2040	330
189	2400	2040	330
189	2600	2040	330
189	2800	2050	330
189	3000	2050	330
189	3200	2050	330
189	3400	2050	330
189	3600	2050	330
189	3800	2060	330
189	4000	2060	330
189	4200	2060	330
189	4400	2060	330
189	4600	2060	330
189	4800	2060	330
189	5000	2070	330
189	5200	2070	330
189	5400	2070	330
189	5600	2070	330
189	5800	2070	330
189	6000	2070	330
189	6200	2080	330
189	6400	2080	330
189	6600	2080	330
189	6800	2080	330
189	7000	2080	340
189	7200	2090	340
189	7400	2090	340
189	7600	2090	340
189	7800	2090	340
189	8000	2090	340
189	8200	2090	340
189	8400	2100	340
189	8600	2100	340
189	8800	2100	340
189	9000	2100	340
189	9200	2100	340
189	9400	2100	340
189	9600	2110	340
189	9800	2110	340
189	10000	2110	340
190	200	2000	320
190	400	2000	320
190	600	2010	320
190	800	2010	320
190	1000	2010	320
190	1200	2010	320
190	1400	2010	320
190	1600	2010	320
190	1800	2020	320
190	2000	2020	320
190	2200	2020	320
190	2400	2020	320
190	2600	2020	320
190	2800	2030	320
190	3000	2030	320
190	3200	2030	320
190	3400	2030	320
190	3600	2030	320
190	3800	2030	320
190	4000	2040	320
190	4200	2040	320
190	4400	2040	320
190	4600	2040	320
190	4800	2040	330
190	5000	2050	330
190	5200	2050	330
190	5400	2050	330
190	5600	2050	330
190	5800	2050	330
190	6000	2050	330
190	6200	2060	330
190	6400	2060	330
190	6600	2060	330
190	6800	2060	330
190	7000	2060	330
190	7200	2060	330
190	7400	2070	330
190	7600	2070	330
190	7800	2070	330
190	8000	2070	330
190	8200	2070	330
190	8400	2070	330
190	8600	2080	330
190	8800	2080	330
190	9000	2080	330
190	9200	2080	330
190	9400	2080	330
190	9600	2080	330
190	9800	2090	330
190	10000	2090	340
191	200	1980	310
191	400	1980	310
191	600	1990	310
191	800	1990	310
191	1000	1990	310
191	1200	1990	310
191	1400	1990	310
191	1600	1990	310
191	1800	2000	310
191	2000	2000	310
191	2200	2000	310
191	2400	2000	310
191	2600	2000	320
191	2800	2010	320
191	3000	2010	320
191	3200	2010	320
191	3400	2010	320
191	3600	2010	320
191	3800	2010	320
191	4000	2020	320
191	4200	2020	320
191	4400	2020	320
191	4600	2020	320
191	4800	2020	320
191	5000	2020	320
191	5200	2030	320
191	5400	2030	320
191	5600	2030	320
191	5800	2030	320
191	6000	2030	320
191	6200	2040	320
191	6400	2040	320
191	6600	2040	320
191	6800	2040	320
191	7000	2040	320
191	7200	2040	320
191	7400	2050	320
191	7600	2050	320
191	7800	2050	330
191	8000	2050	330
191	8200	2050	330
191	8400	2050	330
191	8600	2060	330
191	8800	2060	330
191	9000	2060	330
191	9200	2060	330
191	9400	2060	330
191	9600	2060	330
191	9800	2070	330
191	10000	2070	330
192	200	1960	300
192	400	1960	310
192	600	1960	310
192	800	1970	310
192	1000	1970	310
192	1200	1970	310
192	1400	1970	310
192	1600	1970	310
192	1800	1980	310
192	2000	1980	310
192	2200	1980	310
192	2400	1980	310
192	2600	1980	310
192	2800	1980	310
192	3000	1990	310
192	3200	1990	310
192	3400	1990	310
192	3600	1990	310
192	3800	1990	310
192	4000	2000	310
192	4200	2000	310
192	4400	2000	310
192	4600	2000	310
192	4800	2000	310
192	5000	2000	310
192	5200	2010	310
192	5400	2010	320
192	5600	2010	320
192	5800	2010	320
192	6000	2010	320
192	6200	2010	320
192	6400	2020	320
192	6600	2020	320
192	6800	2020	320
192	7000	2020	320
192	7200	2020	320
192	7400	2020	320
192	7600	2030	320
192	7800	2030	320
192	8000	2030	320
192	8200	2030	320
192	8400	2030	320
192	8600	2040	320
192	8800	2040	320
192	9000	2040	320
192	9200	2040	320
192	9400	2040	320
192	9600	2040	320
192	9800	2050	320
192	10000	2050	320
193	200	1940	300
193	400	1940	300
193	600	1940	300
193	800	1950	300
193	1000	1950	300
193	1200	1950	300
193	1400	1950	300
193	1600	1950	300
193	1800	1960	300
193	2000	1960	300
193	2200	1960	300
193	2400	1960	300
193	2600	1960	300
193	2800	1960	300
193	3000	1970	310
193	3200	1970	310
193	3400	1970	310
193	3600	1970	310
193	3800	1970	310
193	4000	1970	310
193	4200	1980	310
193	4400	1980	310
193	4600	1980	310
193	4800	1980	310
193	5000	1980	310
193	5200	1990	310
193	5400	1990	310
193	5600	1990	310
193	5800	1990	310
193	6000	1990	310
193	6200	1990	310
193	6400	2000	310
193	6600	2000	310
193	6800	2000	310
193	7000	2000	310
193	7200	2000	310
193	7400	2000	310
193	7600	2010	310
193	7800	2010	310
193	8000	2010	310
193	8200	2010	320
193	8400	2010	320
193	8600	2020	320
193	8800	2020	320
193	9000	2020	320
193	9200	2020	320
193	9400	2020	320
193	9600	2020	320
193	9800	2030	320
193	10000	2030	320
194	200	1920	290
194	400	1920	290
194	600	1920	290
194	800	1930	300
194	1000	1930	300
194	1200	1930	300
194	1400	1930	300
194	1600	1930	300
194	1800	1930	300
194	2000	1940	300
194	2200	1940	300
194	2400	1940	300
194	2600	1940	300
194	2800	1940	300
194	3000	1950	300
194	3200	1950	300
194	3400	1950	300
194	3600	1950	300
194	3800	1950	300
194	4000	1950	300
194	4200	1960	300
194	4400	1960	300
194	4600	1960	300
194	4800	1960	300
194	5000	1960	300
194	5200	1970	300
194	5400	1970	300
194	5600	1970	300
194	5800	1970	310
194	6000	1970	310
194	6200	1970	310
194	6400	1980	310
194	6600	1980	310
194	6800	1980	310
194	7000	1980	310
194	7200	1980	310
194	7400	1980	310
194	7600	1990	310
194	7800	1990	310
194	8000	1990	310
194	8200	1990	310
194	8400	1990	310
194	8600	2000	310
194	8800	2000	310
194	9000	2000	310
194	9200	2000	310
194	9400	2000	310
194	9600	2000	310
194	9800	2010	310
194	10000	2010	310
195	200	1900	290
195	400	1900	290
195	600	1900	290
195	800	1910	290
195	1000	1910	290
195	1200	1910	290
195	1400	1910	290
195	1600	1910	290
195	1800	1910	290
195	2000	1920	290
195	2200	1920	290
195	2400	1920	290
195	2600	1920	290
195	2800	1920	290
195	3000	1930	290
195	3200	1930	290
195	3400	1930	300
195	3600	1930	300
195	3800	1930	300
195	4000	1930	300
195	4200	1940	300
195	4400	1940	300
195	4600	1940	300
195	4800	1940	300
195	5000	1940	300
195	5200	1950	300
195	5400	1950	300
195	5600	1950	300
195	5800	1950	300
195	6000	1950	300
195	6200	1950	300
195	6400	1960	300
195	6600	1960	300
195	6800	1960	300
195	7000	1960	300
195	7200	1960	300
195	7400	1960	300
195	7600	1970	300
195	7800	1970	300
195	8000	1970	300
195	8200	1970	300
195	8400	1970	300
195	8600	1980	310
195	8800	1980	310
195	9000	1980	310
195	9200	1980	310
195	9400	1980	310
195	9600	1980	310
195	9800	1990	310
195	10000	1990	310
196	200	1880	280
196	400	1880	280
196	600	1880	280
196	800	1890	280
196	1000	1890	290
196	1200	1890	290
196	1400	1890	290
196	1600	1890	290
196	1800	1900	290
196	2000	1900	290
196	2200	1900	290
196	2400	1900	290
196	2600	1900	290
196	2800	1900	290
196	3000	1910	290
196	3200	1910	290
196	3400	1910	290
196	3600	1910	290
196	3800	1910	290
196	4000	1920	290
196	4200	1920	290
196	4400	1920	290
196	4600	1920	290
196	4800	1920	290
196	5000	1920	290
196	5200	1930	290
196	5400	1930	290
196	5600	1930	290
196	5800	1930	290
196	6000	1930	300
196	6200	1930	300
196	6400	1940	300
196	6600	1940	300
196	6800	1940	300
196	7000	1940	300
196	7200	1940	300
196	7400	1950	300
196	7600	1950	300
196	7800	1950	300
196	8000	1950	300
196	8200	1950	300
196	8400	1950	300
196	8600	1960	300
196	8800	1960	300
196	9000	1960	300
196	9200	1960	300
196	9400	1960	300
196	9600	1960	300
196	9800	1970	300
196	10000	1970	300
197	400	1860	280
197	600	1860	280
197	800	1870	280
197	1000	1870	280
197	1200	1870	280
197	1400	1870	280
197	1600	1870	280
197	1800	1880	280
197	2000	1880	280
197	2200	1880	280
197	2400	1880	280
197	2600	1880	280
197	2800	1880	280
197	3000	1890	280
197	3200	1890	280
197	3400	1890	280
197	3600	1890	290
197	3800	1890	290
197	4000	1900	290
197	4200	1900	290
197	4400	1900	290
197	4600	1900	290
197	4800	1900	290
197	5000	1900	290
197	5200	1910	290
197	5400	1910	290
197	5600	1910	290
197	5800	1910	290
197	6000	1910	290
197	6200	1920	290
197	6400	1920	290
197	6600	1920	290
197	6800	1920	290
197	7000	1920	290
197	7200	1920	290
197	7400	1930	290
197	7600	1930	290
197	7800	1930	290
197	8000	1930	290
197	8200	1930	290
197	8400	1930	290
197	8600	1940	290
197	8800	1940	300
197	9000	1940	300
197	9200	1940	300
197	9400	1940	300
197	9600	1940	300
197	9800	1950	300
197	10000	1950	300
198	400	1840	270
198	600	1840	270
198	800	1850	270
198	1000	1850	270
198	1200	1850	280
198	1400	1850	280
198	1600	1850	280
198	1800	1860	280
198	2000	1860	280
198	2200	1860	280
198	2400	1860	280
198	2600	1860	280
198	2800	1870	280
198	3000	1870	280
198	3200	1870	280
198	3400	1870	280
198	3600	1870	280
198	3800	1870	280
198	4000	1880	280
198	4200	1880	280
198	4400	1880	280
198	4600	1880	280
198	4800	1880	280
198	5000	1890	280
198	5200	1890	280
198	5400	1890	280
198	5600	1890	280
198	5800	1890	280
198	6000	1890	280
198	6200	1900	290
198	6400	1900	290
198	6600	1900	290
198	6800	1900	290
198	7000	1900	290
198	7200	1900	290
198	7400	1910	290
198	7600	1910	290
198	7800	1910	290
198	8000	1910	290
198	8200	1910	290
198	8400	1920	290
198	8600	1920	290
198	8800	1920	290
198	9000	1920	290
198	9200	1920	290
198	9400	1920	290
198	9600	1930	290
198	9800	1930	290
198	10000	1930	290
199	400	1820	270
199	600	1830	270
199	800	1830	270
199	1000	1830	270
199	1200	1830	270
199	1400	1830	270
199	1600	1830	270
199	1800	1840	270
199	2000	1840	270
199	2200	1840	270
199	2400	1840	270
199	2600	1840	270
199	2800	1850	270
199	3000	1850	270
199	3200	1850	270
199	3400	1850	270
199	3600	1850	280
199	3800	1860	280
199	4000	1860	280
199	4200	1860	280
199	4400	1860	280
199	4600	1860	280
199	4800	1860	280
199	5000	1870	280
199	5200	1870	280
199	5400	1870	280
199	5600	1870	280
199	5800	1870	280
199	6000	1870	280
199	6200	1880	280
199	6400	1880	280
199	6600	1880	280
199	6800	1880	280
199	7000	1880	280
199	7200	1890	280
199	7400	1890	280
199	7600	1890	280
199	7800	1890	280
199	8000	1890	280
199	8200	1890	280
199	8400	1900	280
199	8600	1900	280
199	8800	1900	290
199	9000	1900	290
199	9200	1900	290
199	9400	1900	290
199	9600	1910	290
199	9800	1910	290
199	10000	1910	290
200	400	1800	260
200	600	1810	260
200	800	1810	260
200	1000	1810	260
200	1200	1810	270
200	1400	1810	270
200	1600	1820	270
200	1800	1820	270
200	2000	1820	270
200	2200	1820	270
200	2400	1820	270
200	2600	1820	270
200	2800	1830	270
200	3000	1830	270
200	3200	1830	270
200	3400	1830	270
200	3600	1830	270
200	3800	1840	270
200	4000	1840	270
200	4200	1840	270
200	4400	1840	270
200	4600	1840	270
200	4800	1850	270
200	5000	1850	270
200	5200	1850	270
200	5400	1850	270
200	5600	1850	270
200	5800	1850	270
200	6000	1860	270
200	6200	1860	280
200	6400	1860	280
200	6600	1860	280
200	6800	1860	280
200	7000	1860	280
200	7200	1870	280
200	7400	1870	280
200	7600	1870	280
200	7800	1870	280
200	8000	1870	280
200	8200	1880	280
200	8400	1880	280
200	8600	1880	280
200	8800	1880	280
200	9000	1880	280
200	9200	1880	280
200	9400	1890	280
200	9600	1890	280
200	9800	1890	280
200	10000	1890	280
201	400	1790	260
201	600	1790	260
201	800	1790	260
201	1000	1790	260
201	1200	1790	260
201	1400	1790	260
201	1600	1800	260
201	1800	1800	260
201	2000	1800	260
201	2200	1800	260
201	2400	1800	260
201	2600	1810	260
201	2800	1810	260
201	3000	1810	260
201	3200	1810	260
201	3400	1810	260
201	3600	1820	270
201	3800	1820	270
201	4000	1820	270
201	4200	1820	270
201	4400	1820	270
201	4600	1820	270
201	4800	1830	270
201	5000	1830	270
201	5200	1830	270
201	5400	1830	270
201	5600	1830	270
201	5800	1840	270
201	6000	1840	270
201	6200	1840	270
201	6400	1840	270
201	6600	1840	270
201	6800	1840	270
201	7000	1850	270
201	7200	1850	270
201	7400	1850	270
201	7600	1850	270
201	7800	1850	270
201	8000	1850	270
201	8200	1860	270
201	8400	1860	270
201	8600	1860	270
201	8800	1860	280
201	9000	1860	280
201	9200	1870	280
201	9400	1870	280
201	9600	1870	280
201	9800	1870	280
201	10000	1870	280
202	400	1770	250
202	600	1770	250
202	800	1770	250
202	1000	1770	250
202	1200	1770	260
202	1400	1780	260
202	1600	1780	260
202	1800	1780	260
202	2000	1780	260
202	2200	1780	260
202	2400	1790	260
202	2600	1790	260
202	2800	1790	260
202	3000	1790	260
202	3200	1790	260
202	3400	1790	260
202	3600	1800	260
202	3800	1800	260
202	4000	1800	260
202	4200	1800	260
202	4400	1800	260
202	4600	1810	260
202	4800	1810	260
202	5000	1810	260
202	5200	1810	260
202	5400	1810	260
202	5600	1810	260
202	5800	1820	260
202	6000	1820	270
202	6200	1820	270
202	6400	1820	270
202	6600	1820	270
202	6800	1830	270
202	7000	1830	270
202	7200	1830	270
202	7400	1830	270
202	7600	1830	270
202	7800	1830	270
202	8000	1840	270
202	8200	1840	270
202	8400	1840	270
202	8600	1840	270
202	8800	1840	270
202	9000	1850	270
202	9200	1850	270
202	9400	1850	270
202	9600	1850	270
202	9800	1850	270
202	10000	1850	270
203	400	1750	250
203	600	1750	250
203	800	1750	250
203	1000	1750	250
203	1200	1760	250
203	1400	1760	250
203	1600	1760	250
203	1800	1760	250
203	2000	1760	250
203	2200	1760	250
203	2400	1770	250
203	2600	1770	250
203	2800	1770	250
203	3000	1770	250
203	3200	1770	250
203	3400	1780	260
203	3600	1780	260
203	3800	1780	260
203	4000	1780	260
203	4200	1780	260
203	4400	1790	260
203	4600	1790	260
203	4800	1790	260
203	5000	1790	260
203	5200	1790	260
203	5400	1790	260
203	5600	1800	260
203	5800	1800	260
203	6000	1800	260
203	6200	1800	260
203	6400	1800	260
203	6600	1810	260
203	6800	1810	260
203	7000	1810	260
203	7200	1810	260
203	7400	1810	260
203	7600	1810	260
203	7800	1820	260
203	8000	1820	260
203	8200	1820	260
203	8400	1820	270
203	8600	1820	270
203	8800	1830	270
203	9000	1830	270
203	9200	1830	270
203	9400	1830	270
203	9600	1830	270
203	9800	1830	270
203	10000	1840	270
204	400	1730	240
204	600	1730	240
204	800	1730	240
204	1000	1730	250
204	1200	1740	250
204	1400	1740	250
204	1600	1740	250
204	1800	1740	250
204	2000	1740	250
204	2200	1750	250
204	2400	1750	250
204	2600	1750	250
204	2800	1750	250
204	3000	1750	250
204	3200	1760	250
204	3400	1760	250
204	3600	1760	250
204	3800	1760	250
204	4000	1760	250
204	4200	1760	250
204	4400	1770	250
204	4600	1770	250
204	4800	1770	250
204	5000	1770	250
204	5200	1770	250
204	5400	1780	250
204	5600	1780	250
204	5800	1780	260
204	6000	1780	260
204	6200	1780	260
204	6400	1790	260
204	6600	1790	260
204	6800	1790	260
204	7000	1790	260
204	7200	1790	260
204	7400	1790	260
204	7600	1800	260
204	7800	1800	260
204	8000	1800	260
204	8200	1800	260
204	8400	1800	260
204	8600	1800	260
204	8800	1810	260
204	9000	1810	260
204	9200	1810	260
204	9400	1810	260
204	9600	1810	260
204	9800	1820	260
204	10000	1820	260
205	400	1710	240
205	600	1710	240
205	800	1710	240
205	1000	1720	240
205	1200	1720	240
205	1400	1720	240
205	1600	1720	240
205	1800	1720	240
205	2000	1730	240
205	2200	1730	240
205	2400	1730	240
205	2600	1730	240
205	2800	1730	240
205	3000	1740	240
205	3200	1740	250
205	3400	1740	250
205	3600	1740	250
205	3800	1740	250
205	4000	1740	250
205	4200	1750	250
205	4400	1750	250
205	4600	1750	250
205	4800	1750	250
205	5000	1750	250
205	5200	1760	250
205	5400	1760	250
205	5600	1760	250
205	5800	1760	250
205	6000	1760	250
205	6200	1770	250
205	6400	1770	250
205	6600	1770	250
205	6800	1770	250
205	7000	1770	250
205	7200	1770	250
205	7400	1780	250
205	7600	1780	250
205	7800	1780	250
205	8000	1780	250
205	8200	1780	260
205	8400	1790	260
205	8600	1790	260
205	8800	1790	260
205	9000	1790	260
205	9200	1790	260
205	9400	1790	260
205	9600	1800	260
205	9800	1800	260
205	10000	1800	260
206	400	1690	230
206	600	1690	240
206	800	1700	240
206	1000	1700	240
206	1200	1700	240
206	1400	1700	240
206	1600	1700	240
206	1800	1710	240
206	2000	1710	240
206	2200	1710	240
206	2400	1710	240
206	2600	1710	240
206	2800	1720	240
206	3000	1720	240
206	3200	1720	240
206	3400	1720	240
206	3600	1720	240
206	3800	1720	240
206	4000	1730	240
206	4200	1730	240
206	4400	1730	240
206	4600	1730	240
206	4800	1730	240
206	5000	1740	240
206	5200	1740	240
206	5400	1740	250
206	5600	1740	250
206	5800	1740	250
206	6000	1750	250
206	6200	1750	250
206	6400	1750	250
206	6600	1750	250
206	6800	1750	250
206	7000	1750	250
206	7200	1760	250
206	7400	1760	250
206	7600	1760	250
206	7800	1760	250
206	8000	1760	250
206	8200	1770	250
206	8400	1770	250
206	8600	1770	250
206	8800	1770	250
206	9000	1770	250
206	9200	1770	250
206	9400	1780	250
206	9600	1780	250
206	9800	1780	250
206	10000	1780	250
207	400	1670	230
207	600	1680	230
207	800	1680	230
207	1000	1680	230
207	1200	1680	230
207	1400	1680	230
207	1600	1690	230
207	1800	1690	230
207	2000	1690	230
207	2200	1690	230
207	2400	1690	230
207	2600	1700	230
207	2800	1700	240
207	3000	1700	240
207	3200	1700	240
207	3400	1700	240
207	3600	1700	240
207	3800	1710	240
207	4000	1710	240
207	4200	1710	240
207	4400	1710	240
207	4600	1710	240
207	4800	1720	240
207	5000	1720	240
207	5200	1720	240
207	5400	1720	240
207	5600	1720	240
207	5800	1730	240
207	6000	1730	240
207	6200	1730	240
207	6400	1730	240
207	6600	1730	240
207	6800	1730	240
207	7000	1740	240
207	7200	1740	240
207	7400	1740	240
207	7600	1740	240
207	7800	1740	250
207	8000	1750	250
207	8200	1750	250
207	8400	1750	250
207	8600	1750	250
207	8800	1750	250
207	9000	1750	250
207	9200	1760	250
207	9400	1760	250
207	9600	1760	250
207	9800	1760	250
207	10000	1760	250
208	400	1660	230
208	600	1660	230
208	800	1660	230
208	1000	1660	230
208	1200	1660	230
208	1400	1670	230
208	1600	1670	230
208	1800	1670	230
208	2000	1670	230
208	2200	1670	230
208	2400	1680	230
208	2600	1680	230
208	2800	1680	230
208	3000	1680	230
208	3200	1680	230
208	3400	1690	230
208	3600	1690	230
208	3800	1690	230
208	4000	1690	230
208	4200	1690	230
208	4400	1690	230
208	4600	1700	230
208	4800	1700	230
208	5000	1700	240
208	5200	1700	240
208	5400	1700	240
208	5600	1710	240
208	5800	1710	240
208	6000	1710	240
208	6200	1710	240
208	6400	1710	240
208	6600	1720	240
208	6800	1720	240
208	7000	1720	240
208	7200	1720	240
208	7400	1720	240
208	7600	1720	240
208	7800	1730	240
208	8000	1730	240
208	8200	1730	240
208	8400	1730	240
208	8600	1730	240
208	8800	1740	240
208	9000	1740	240
208	9200	1740	240
208	9400	1740	240
208	9600	1740	240
208	9800	1740	240
208	10000	1750	250
209	400	1640	220
209	600	1640	220
209	800	1640	220
209	1000	1640	220
209	1200	1650	220
209	1400	1650	220
209	1600	1650	220
209	1800	1650	220
209	2000	1650	220
209	2200	1660	220
209	2400	1660	230
209	2600	1660	230
209	2800	1660	230
209	3000	1660	230
209	3200	1670	230
209	3400	1670	230
209	3600	1670	230
209	3800	1670	230
209	4000	1670	230
209	4200	1670	230
209	4400	1680	230
209	4600	1680	230
209	4800	1680	230
209	5000	1680	230
209	5200	1680	230
209	5400	1690	230
209	5600	1690	230
209	5800	1690	230
209	6000	1690	230
209	6200	1690	230
209	6400	1700	230
209	6600	1700	230
209	6800	1700	230
209	7000	1700	230
209	7200	1700	240
209	7400	1700	240
209	7600	1710	240
209	7800	1710	240
209	8000	1710	240
209	8200	1710	240
209	8400	1710	240
209	8600	1720	240
209	8800	1720	240
209	9000	1720	240
209	9200	1720	240
209	9400	1720	240
209	9600	1720	240
209	9800	1730	240
209	10000	1730	240
210	400	1620	220
210	600	1620	220
210	800	1620	220
210	1000	1630	220
210	1200	1630	220
210	1400	1630	220
210	1600	1630	220
210	1800	1630	220
210	2000	1640	220
210	2200	1640	220
210	2400	1640	220
210	2600	1640	220
210	2800	1640	220
210	3000	1650	220
210	3200	1650	220
210	3400	1650	220
210	3600	1650	220
210	3800	1650	220
210	4000	1660	220
210	4200	1660	220
210	4400	1660	230
210	4600	1660	230
210	4800	1660	230
210	5000	1670	230
210	5200	1670	230
210	5400	1670	230
210	5600	1670	230
210	5800	1670	230
210	6000	1670	230
210	6200	1680	230
210	6400	1680	230
210	6600	1680	230
210	6800	1680	230
210	7000	1680	230
210	7200	1690	230
210	7400	1690	230
210	7600	1690	230
210	7800	1690	230
210	8000	1690	230
210	8200	1690	230
210	8400	1700	230
210	8600	1700	230
210	8800	1700	230
210	9000	1700	230
210	9200	1700	230
210	9400	1710	240
210	9600	1710	240
210	9800	1710	240
210	10000	1710	240
211	400	1600	210
211	600	1600	210
211	800	1610	210
211	1000	1610	210
211	1200	1610	210
211	1400	1610	210
211	1600	1610	210
211	1800	1620	220
211	2000	1620	220
211	2200	1620	220
211	2400	1620	220
211	2600	1620	220
211	2800	1630	220
211	3000	1630	220
211	3200	1630	220
211	3400	1630	220
211	3600	1630	220
211	3800	1640	220
211	4000	1640	220
211	4200	1640	220
211	4400	1640	220
211	4600	1640	220
211	4800	1650	220
211	5000	1650	220
211	5200	1650	220
211	5400	1650	220
211	5600	1650	220
211	5800	1660	220
211	6000	1660	220
211	6200	1660	220
211	6400	1660	230
211	6600	1660	230
211	6800	1660	230
211	7000	1670	230
211	7200	1670	230
211	7400	1670	230
211	7600	1670	230
211	7800	1670	230
211	8000	1680	230
211	8200	1680	230
211	8400	1680	230
211	8600	1680	230
211	8800	1680	230
211	9000	1680	230
211	9200	1690	230
211	9400	1690	230
211	9600	1690	230
211	9800	1690	230
211	10000	1690	230
212	600	1590	210
212	800	1590	210
212	1000	1590	210
212	1200	1590	210
212	1400	1600	210
212	1600	1600	210
212	1800	1600	210
212	2000	1600	210
212	2200	1600	210
212	2400	1610	210
212	2600	1610	210
212	2800	1610	210
212	3000	1610	210
212	3200	1610	210
212	3400	1610	210
212	3600	1620	210
212	3800	1620	220
212	4000	1620	220
212	4200	1620	220
212	4400	1620	220
212	4600	1630	220
212	4800	1630	220
212	5000	1630	220
212	5200	1630	220
212	5400	1630	220
212	5600	1640	220
212	5800	1640	220
212	6000	1640	220
212	6200	1640	220
212	6400	1640	220
212	6600	1650	220
212	6800	1650	220
212	7000	1650	220
212	7200	1650	220
212	7400	1650	220
212	7600	1650	220
212	7800	1660	220
212	8000	1660	220
212	8200	1660	220
212	8400	1660	220
212	8600	1660	230
212	8800	1670	230
212	9000	1670	230
212	9200	1670	230
212	9400	1670	230
212	9600	1670	230
212	9800	1680	230
212	10000	1680	230
213	600	1570	200
213	800	1570	200
213	1000	1570	210
213	1200	1580	210
213	1400	1580	210
213	1600	1580	210
213	1800	1580	210
213	2000	1580	210
213	2200	1590	210
213	2400	1590	210
213	2600	1590	210
213	2800	1590	210
213	3000	1590	210
213	3200	1600	210
213	3400	1600	210
213	3600	1600	210
213	3800	1600	210
213	4000	1600	210
213	4200	1610	210
213	4400	1610	210
213	4600	1610	210
213	4800	1610	210
213	5000	1610	210
213	5200	1620	210
213	5400	1620	210
213	5600	1620	210
213	5800	1620	220
213	6000	1620	220
213	6200	1620	220
213	6400	1630	220
213	6600	1630	220
213	6800	1630	220
213	7000	1630	220
213	7200	1630	220
213	7400	1640	220
213	7600	1640	220
213	7800	1640	220
213	8000	1640	220
213	8200	1640	220
213	8400	1650	220
213	8600	1650	220
213	8800	1650	220
213	9000	1650	220
213	9200	1650	220
213	9400	1650	220
213	9600	1660	220
213	9800	1660	220
213	10000	1660	220
214	600	1550	200
214	800	1550	200
214	1000	1560	200
214	1200	1560	200
214	1400	1560	200
214	1600	1560	200
214	1800	1560	200
214	2000	1570	200
214	2200	1570	200
214	2400	1570	200
214	2600	1570	200
214	2800	1570	200
214	3000	1580	210
214	3200	1580	210
214	3400	1580	210
214	3600	1580	210
214	3800	1580	210
214	4000	1590	210
214	4200	1590	210
214	4400	1590	210
214	4600	1590	210
214	4800	1590	210
214	5000	1600	210
214	5200	1600	210
214	5400	1600	210
214	5600	1600	210
214	5800	1600	210
214	6000	1610	210
214	6200	1610	210
214	6400	1610	210
214	6600	1610	210
214	6800	1610	210
214	7000	1620	210
214	7200	1620	210
214	7400	1620	210
214	7600	1620	210
214	7800	1620	220
214	8000	1620	220
214	8200	1630	220
214	8400	1630	220
214	8600	1630	220
214	8800	1630	220
214	9000	1630	220
214	9200	1640	220
214	9400	1640	220
214	9600	1640	220
214	9800	1640	220
214	10000	1640	220
215	600	1540	200
215	800	1540	200
215	1000	1540	200
215	1200	1540	200
215	1400	1540	200
215	1600	1550	200
215	1800	1550	200
215	2000	1550	200
215	2200	1550	200
215	2400	1550	200
215	2600	1560	200
215	2800	1560	200
215	3000	1560	200
215	3200	1560	200
215	3400	1560	200
215	3600	1570	200
215	3800	1570	200
215	4000	1570	200
215	4200	1570	200
215	4400	1570	200
215	4600	1580	200
215	4800	1580	200
215	5000	1580	210
215	5200	1580	210
215	5400	1580	210
215	5600	1590	210
215	5800	1590	210
215	6000	1590	210
215	6200	1590	210
215	6400	1590	210
215	6600	1590	210
215	6800	1600	210
215	7000	1600	210
215	7200	1600	210
215	7400	1600	210
215	7600	1600	210
215	7800	1610	210
215	8000	1610	210
215	8200	1610	210
215	8400	1610	210
215	8600	1610	210
215	8800	1620	210
215	9000	1620	210
215	9200	1620	210
215	9400	1620	210
215	9600	1620	210
215	9800	1620	220
215	10000	1630	220
216	600	1520	190
216	800	1520	190
216	1000	1520	190
216	1200	1520	190
216	1400	1530	190
216	1600	1530	190
216	1800	1530	190
216	2000	1530	190
216	2200	1530	200
216	2400	1540	200
216	2600	1540	200
216	2800	1540	200
216	3000	1540	200
216	3200	1540	200
216	3400	1550	200
216	3600	1550	200
216	3800	1550	200
216	4000	1550	200
216	4200	1550	200
216	4400	1560	200
216	4600	1560	200
216	4800	1560	200
216	5000	1560	200
216	5200	1560	200
216	5400	1570	200
216	5600	1570	200
216	5800	1570	200
216	6000	1570	200
216	6200	1570	200
216	6400	1580	200
216	6600	1580	200
216	6800	1580	210
216	7000	1580	210
216	7200	1580	210
216	7400	1590	210
216	7600	1590	210
216	7800	1590	210
216	8000	1590	210
216	8200	1590	210
216	8400	1600	210
216	8600	1600	210
216	8800	1600	210
216	9000	1600	210
216	9200	1600	210
216	9400	1600	210
216	9600	1610	210
216	9800	1610	210
216	10000	1610	210
217	600	1500	190
217	800	1500	190
217	1000	1510	190
217	1200	1510	190
217	1400	1510	190
217	1600	1510	190
217	1800	1510	190
217	2000	1520	190
217	2200	1520	190
217	2400	1520	190
217	2600	1520	190
217	2800	1520	190
217	3000	1530	190
217	3200	1530	190
217	3400	1530	190
217	3600	1530	190
217	3800	1530	190
217	4000	1540	200
217	4200	1540	200
217	4400	1540	200
217	4600	1540	200
217	4800	1540	200
217	5000	1550	200
217	5200	1550	200
217	5400	1550	200
217	5600	1550	200
217	5800	1550	200
217	6000	1560	200
217	6200	1560	200
217	6400	1560	200
217	6600	1560	200
217	6800	1560	200
217	7000	1570	200
217	7200	1570	200
217	7400	1570	200
217	7600	1570	200
217	7800	1570	200
217	8000	1580	200
217	8200	1580	200
217	8400	1580	200
217	8600	1580	200
217	8800	1580	210
217	9000	1580	210
217	9200	1590	210
217	9400	1590	210
217	9600	1590	210
217	9800	1590	210
217	10000	1590	210
218	600	1480	180
218	800	1490	180
218	1000	1490	180
218	1200	1490	190
218	1400	1490	190
218	1600	1500	190
218	1800	1500	190
218	2000	1500	190
218	2200	1500	190
218	2400	1500	190
218	2600	1510	190
218	2800	1510	190
218	3000	1510	190
218	3200	1510	190
218	3400	1510	190
218	3600	1520	190
218	3800	1520	190
218	4000	1520	190
218	4200	1520	190
218	4400	1520	190
218	4600	1530	190
218	4800	1530	190
218	5000	1530	190
218	5200	1530	190
218	5400	1530	190
218	5600	1540	190
218	5800	1540	200
218	6000	1540	200
218	6200	1540	200
218	6400	1540	200
218	6600	1550	200
218	6800	1550	200
218	7000	1550	200
218	7200	1550	200
218	7400	1550	200
218	7600	1550	200
218	7800	1560	200
218	8000	1560	200
218	8200	1560	200
218	8400	1560	200
218	8600	1560	200
218	8800	1570	200
218	9000	1570	200
218	9200	1570	200
218	9400	1570	200
218	9600	1570	200
218	9800	1580	200
218	10000	1580	200
219	600	1470	180
219	800	1470	180
219	1000	1470	180
219	1200	1470	180
219	1400	1480	180
219	1600	1480	180
219	1800	1480	180
219	2000	1480	180
219	2200	1480	180
219	2400	1490	180
219	2600	1490	180
219	2800	1490	180
219	3000	1490	190
219	3200	1500	190
219	3400	1500	190
219	3600	1500	190
219	3800	1500	190
219	4000	1500	190
219	4200	1510	190
219	4400	1510	190
219	4600	1510	190
219	4800	1510	190
219	5000	1510	190
219	5200	1520	190
219	5400	1520	190
219	5600	1520	190
219	5800	1520	190
219	6000	1520	190
219	6200	1530	190
219	6400	1530	190
219	6600	1530	190
219	6800	1530	190
219	7000	1530	190
219	7200	1530	190
219	7400	1540	190
219	7600	1540	190
219	7800	1540	200
219	8000	1540	200
219	8200	1540	200
219	8400	1550	200
219	8600	1550	200
219	8800	1550	200
219	9000	1550	200
219	9200	1550	200
219	9400	1560	200
219	9600	1560	200
219	9800	1560	200
219	10000	1560	200
220	600	1450	180
220	800	1450	180
220	1000	1460	180
220	1200	1460	180
220	1400	1460	180
220	1600	1460	180
220	1800	1460	180
220	2000	1470	180
220	2200	1470	180
220	2400	1470	180
220	2600	1470	180
220	2800	1470	180
220	3000	1480	180
220	3200	1480	180
220	3400	1480	180
220	3600	1480	180
220	3800	1480	180
220	4000	1490	180
220	4200	1490	180
220	4400	1490	180
220	4600	1490	180
220	4800	1490	190
220	5000	1500	190
220	5200	1500	190
220	5400	1500	190
220	5600	1500	190
220	5800	1500	190
220	6000	1510	190
220	6200	1510	190
220	6400	1510	190
220	6600	1510	190
220	6800	1510	190
220	7000	1520	190
220	7200	1520	190
220	7400	1520	190
220	7600	1520	190
220	7800	1520	190
220	8000	1530	190
220	8200	1530	190
220	8400	1530	190
220	8600	1530	190
220	8800	1530	190
220	9000	1540	190
220	9200	1540	190
220	9400	1540	190
220	9600	1540	200
220	9800	1540	200
220	10000	1550	200
221	600	1440	170
221	800	1440	170
221	1000	1440	170
221	1200	1440	170
221	1400	1440	170
221	1600	1450	170
221	1800	1450	170
221	2000	1450	180
221	2200	1450	180
221	2400	1450	180
221	2600	1460	180
221	2800	1460	180
221	3000	1460	180
221	3200	1460	180
221	3400	1460	180
221	3600	1470	180
221	3800	1470	180
221	4000	1470	180
221	4200	1470	180
221	4400	1470	180
221	4600	1480	180
221	4800	1480	180
221	5000	1480	180
221	5200	1480	180
221	5400	1480	180
221	5600	1490	180
221	5800	1490	180
221	6000	1490	180
221	6200	1490	180
221	6400	1490	180
221	6600	1500	190
221	6800	1500	190
221	7000	1500	190
221	7200	1500	190
221	7400	1500	190
221	7600	1510	190
221	7800	1510	190
221	8000	1510	190
221	8200	1510	190
221	8400	1510	190
221	8600	1520	190
221	8800	1520	190
221	9000	1520	190
221	9200	1520	190
221	9400	1520	190
221	9600	1530	190
221	9800	1530	190
221	10000	1530	190
222	800	1420	170
222	1000	1420	170
222	1200	1430	170
222	1400	1430	170
222	1600	1430	170
222	1800	1430	170
222	2000	1430	170
222	2200	1440	170
222	2400	1440	170
222	2600	1440	170
222	2800	1440	170
222	3000	1440	170
222	3200	1450	170
222	3400	1450	170
222	3600	1450	170
222	3800	1450	180
222	4000	1450	180
222	4200	1460	180
222	4400	1460	180
222	4600	1460	180
222	4800	1460	180
222	5000	1460	180
222	5200	1470	180
222	5400	1470	180
222	5600	1470	180
222	5800	1470	180
222	6000	1470	180
222	6200	1480	180
222	6400	1480	180
222	6600	1480	180
222	6800	1480	180
222	7000	1480	180
222	7200	1490	180
222	7400	1490	180
222	7600	1490	180
222	7800	1490	180
222	8000	1490	180
222	8200	1500	180
222	8400	1500	190
222	8600	1500	190
222	8800	1500	190
222	9000	1500	190
222	9200	1510	190
222	9400	1510	190
222	9600	1510	190
222	9800	1510	190
222	10000	1510	190
223	800	1400	160
223	1000	1410	170
223	1200	1410	170
223	1400	1410	170
223	1600	1410	170
223	1800	1420	170
223	2000	1420	170
223	2200	1420	170
223	2400	1420	170
223	2600	1420	170
223	2800	1430	170
223	3000	1430	170
223	3200	1430	170
223	3400	1430	170
223	3600	1430	170
223	3800	1440	170
223	4000	1440	170
223	4200	1440	170
223	4400	1440	170
223	4600	1440	170
223	4800	1450	170
223	5000	1450	170
223	5200	1450	170
223	5400	1450	180
223	5600	1460	180
223	5800	1460	180
223	6000	1460	180
223	6200	1460	180
223	6400	1460	180
223	6600	1470	180
223	6800	1470	180
223	7000	1470	180
223	7200	1470	180
223	7400	1470	180
223	7600	1480	180
223	7800	1480	180
223	8000	1480	180
223	8200	1480	180
223	8400	1480	180
223	8600	1480	180
223	8800	1490	180
223	9000	1490	180
223	9200	1490	180
223	9400	1490	180
223	9600	1490	180
223	9800	1500	180
223	10000	1500	180
224	800	1390	160
224	1000	1390	160
224	1200	1390	160
224	1400	1400	160
224	1600	1400	160
224	1800	1400	160
224	2000	1400	160
224	2200	1400	160
224	2400	1410	160
224	2600	1410	170
224	2800	1410	170
224	3000	1410	170
224	3200	1410	170
224	3400	1420	170
224	3600	1420	170
224	3800	1420	170
224	4000	1420	170
224	4200	1420	170
224	4400	1430	170
224	4600	1430	170
224	4800	1430	170
224	5000	1430	170
224	5200	1440	170
224	5400	1440	170
224	5600	1440	170
224	5800	1440	170
224	6000	1440	170
224	6200	1450	170
224	6400	1450	170
224	6600	1450	170
224	6800	1450	170
224	7000	1450	170
224	7200	1460	180
224	7400	1460	180
224	7600	1460	180
224	7800	1460	180
224	8000	1460	180
224	8200	1470	180
224	8400	1470	180
224	8600	1470	180
224	8800	1470	180
224	9000	1470	180
224	9200	1480	180
224	9400	1480	180
224	9600	1480	180
224	9800	1480	180
224	10000	1480	180
225	800	1370	160
225	1000	1370	160
225	1200	1380	160
225	1400	1380	160
225	1600	1380	160
225	1800	1380	160
225	2000	1390	160
225	2200	1390	160
225	2400	1390	160
225	2600	1390	160
225	2800	1390	160
225	3000	1400	160
225	3200	1400	160
225	3400	1400	160
225	3600	1400	160
225	3800	1400	160
225	4000	1410	160
225	4200	1410	170
225	4400	1410	170
225	4600	1410	170
225	4800	1420	170
225	5000	1420	170
225	5200	1420	170
225	5400	1420	170
225	5600	1420	170
225	5800	1430	170
225	6000	1430	170
225	6200	1430	170
225	6400	1430	170
225	6600	1430	170
225	6800	1440	170
225	7000	1440	170
225	7200	1440	170
225	7400	1440	170
225	7600	1440	170
225	7800	1450	170
225	8000	1450	170
225	8200	1450	170
225	8400	1450	170
225	8600	1450	170
225	8800	1460	180
225	9000	1460	180
225	9200	1460	180
225	9400	1460	180
225	9600	1460	180
225	9800	1470	180
225	10000	1470	180
226	800	1360	150
226	1000	1360	150
226	1200	1360	150
226	1400	1360	160
226	1600	1370	160
226	1800	1370	160
226	2000	1370	160
226	2200	1370	160
226	2400	1370	160
226	2600	1380	160
226	2800	1380	160
226	3000	1380	160
226	3200	1380	160
226	3400	1390	160
226	3600	1390	160
226	3800	1390	160
226	4000	1390	160
226	4200	1390	160
226	4400	1400	160
226	4600	1400	160
226	4800	1400	160
226	5000	1400	160
226	5200	1400	160
226	5400	1410	160
226	5600	1410	160
226	5800	1410	170
226	6000	1410	170
226	6200	1410	170
226	6400	1420	170
226	6600	1420	170
226	6800	1420	170
226	7000	1420	170
226	7200	1420	170
226	7400	1430	170
226	7600	1430	170
226	7800	1430	170
226	8000	1430	170
226	8200	1430	170
226	8400	1440	170
226	8600	1440	170
226	8800	1440	170
226	9000	1440	170
226	9200	1440	170
226	9400	1450	170
226	9600	1450	170
226	9800	1450	170
226	10000	1450	170
227	800	1340	150
227	1000	1340	150
227	1200	1350	150
227	1400	1350	150
227	1600	1350	150
227	1800	1350	150
227	2000	1350	150
227	2200	1360	150
227	2400	1360	150
227	2600	1360	150
227	2800	1360	150
227	3000	1370	160
227	3200	1370	160
227	3400	1370	160
227	3600	1370	160
227	3800	1370	160
227	4000	1380	160
227	4200	1380	160
227	4400	1380	160
227	4600	1380	160
227	4800	1380	160
227	5000	1390	160
227	5200	1390	160
227	5400	1390	160
227	5600	1390	160
227	5800	1390	160
227	6000	1400	160
227	6200	1400	160
227	6400	1400	160
227	6600	1400	160
227	6800	1410	160
227	7000	1410	160
227	7200	1410	160
227	7400	1410	160
227	7600	1410	170
227	7800	1420	170
227	8000	1420	170
227	8200	1420	170
227	8400	1420	170
227	8600	1420	170
227	8800	1430	170
227	9000	1430	170
227	9200	1430	170
227	9400	1430	170
227	9600	1430	170
227	9800	1430	170
227	10000	1440	170
228	800	1330	150
228	1000	1330	150
228	1200	1330	150
228	1400	1330	150
228	1600	1330	150
228	1800	1340	150
228	2000	1340	150
228	2200	1340	150
228	2400	1340	150
228	2600	1350	150
228	2800	1350	150
228	3000	1350	150
228	3200	1350	150
228	3400	1350	150
228	3600	1360	150
228	3800	1360	150
228	4000	1360	150
228	4200	1360	150
228	4400	1360	150
228	4600	1370	160
228	4800	1370	160
228	5000	1370	160
228	5200	1370	160
228	5400	1380	160
228	5600	1380	160
228	5800	1380	160
228	6000	1380	160
228	6200	1380	160
228	6400	1390	160
228	6600	1390	160
228	6800	1390	160
228	7000	1390	160
228	7200	1390	160
228	7400	1400	160
228	7600	1400	160
228	7800	1400	160
228	8000	1400	160
228	8200	1400	160
228	8400	1410	160
228	8600	1410	160
228	8800	1410	160
228	9000	1410	160
228	9200	1410	170
228	9400	1420	170
228	9600	1420	170
228	9800	1420	170
228	10000	1420	170
229	1000	1310	140
229	1200	1310	140
229	1400	1320	140
229	1600	1320	150
229	1800	1320	150
229	2000	1320	150
229	2200	1330	150
229	2400	1330	150
229	2600	1330	150
229	2800	1330	150
229	3000	1330	150
229	3200	1340	150
229	3400	1340	150
229	3600	1340	150
229	3800	1340	150
229	4000	1350	150
229	4200	1350	150
229	4400	1350	150
229	4600	1350	150
229	4800	1350	150
229	5000	1360	150
229	5200	1360	150
229	5400	1360	150
229	5600	1360	150
229	5800	1360	150
229	6000	1370	150
229	6200	1370	160
229	6400	1370	160
229	6600	1370	160
229	6800	1370	160
229	7000	1380	160
229	7200	1380	160
229	7400	1380	160
229	7600	1380	160
229	7800	1380	160
229	8000	1390	160
229	8200	1390	160
229	8400	1390	160
229	8600	1390	160
229	8800	1390	160
229	9000	1400	160
229	9200	1400	160
229	9400	1400	160
229	9600	1400	160
229	9800	1400	160
229	10000	1410	160
230	1000	1300	140
230	1200	1300	140
230	1400	1300	140
230	1600	1300	140
230	1800	1310	140
230	2000	1310	140
230	2200	1310	140
230	2400	1310	140
230	2600	1310	140
230	2800	1320	140
230	3000	1320	140
230	3200	1320	150
230	3400	1320	150
230	3600	1330	150
230	3800	1330	150
230	4000	1330	150
230	4200	1330	150
230	4400	1330	150
230	4600	1340	150
230	4800	1340	150
230	5000	1340	150
230	5200	1340	150
230	5400	1340	150
230	5600	1350	150
230	5800	1350	150
230	6000	1350	150
230	6200	1350	150
230	6400	1360	150
230	6600	1360	150
230	6800	1360	150
230	7000	1360	150
230	7200	1360	150
230	7400	1370	150
230	7600	1370	160
230	7800	1370	160
230	8000	1370	160
230	8200	1370	160
230	8400	1380	160
230	8600	1380	160
230	8800	1380	160
230	9000	1380	160
230	9200	1380	160
230	9400	1390	160
230	9600	1390	160
230	9800	1390	160
230	10000	1390	160
231	1000	1280	140
231	1200	1280	140
231	1400	1290	140
231	1600	1290	140
231	1800	1290	140
231	2000	1290	140
231	2200	1290	140
231	2400	1300	140
231	2600	1300	140
231	2800	1300	140
231	3000	1300	140
231	3200	1310	140
231	3400	1310	140
231	3600	1310	140
231	3800	1310	140
231	4000	1310	140
231	4200	1320	140
231	4400	1320	140
231	4600	1320	150
231	4800	1320	150
231	5000	1330	150
231	5200	1330	150
231	5400	1330	150
231	5600	1330	150
231	5800	1330	150
231	6000	1340	150
231	6200	1340	150
231	6400	1340	150
231	6600	1340	150
231	6800	1340	150
231	7000	1350	150
231	7200	1350	150
231	7400	1350	150
231	7600	1350	150
231	7800	1350	150
231	8000	1360	150
231	8200	1360	150
231	8400	1360	150
231	8600	1360	150
231	8800	1370	150
231	9000	1370	150
231	9200	1370	160
231	9400	1370	160
231	9600	1370	160
231	9800	1380	160
231	10000	1380	160
232	1000	1270	130
232	1200	1270	130
232	1400	1270	130
232	1600	1270	130
232	1800	1270	140
232	2000	1280	140
232	2200	1280	140
232	2400	1280	140
232	2600	1280	140
232	2800	1290	140
232	3000	1290	140
232	3200	1290	140
232	3400	1290	140
232	3600	1300	140
232	3800	1300	140
232	4000	1300	140
232	4200	1300	140
232	4400	1300	140
232	4600	1310	140
232	4800	1310	140
232	5000	1310	140
232	5200	1310	140
232	5400	1310	140
232	5600	1320	140
232	5800	1320	140
232	6000	1320	140
232	6200	1320	150
232	6400	1330	150
232	6600	1330	150
232	6800	1330	150
232	7000	1330	150
232	7200	1330	150
232	7400	1340	150
232	7600	1340	150
232	7800	1340	150
232	8000	1340	150
232	8200	1340	150
232	8400	1350	150
232	8600	1350	150
232	8800	1350	150
232	9000	1350	150
232	9200	1350	150
232	9400	1360	150
232	9600	1360	150
232	9800	1360	150
232	10000	1360	150
233	1000	1250	130
233	1200	1250	130
233	1400	1260	130
233	1600	1260	130
233	1800	1260	130
233	2000	1260	130
233	2200	1260	130
233	2400	1270	130
233	2600	1270	130
233	2800	1270	130
233	3000	1270	130
233	3200	1280	140
233	3400	1280	140
233	3600	1280	140
233	3800	1280	140
233	4000	1280	140
233	4200	1290	140
233	4400	1290	140
233	4600	1290	140
233	4800	1290	140
233	5000	1300	140
233	5200	1300	140
233	5400	1300	140
233	5600	1300	140
233	5800	1300	140
233	6000	1310	140
233	6200	1310	140
233	6400	1310	140
233	6600	1310	140
233	6800	1320	140
233	7000	1320	140
233	7200	1320	140
233	7400	1320	140
233	7600	1320	150
233	7800	1330	150
233	8000	1330	150
233	8200	1330	150
233	8400	1330	150
233	8600	1330	150
233	8800	1340	150
233	9000	1340	150
233	9200	1340	150
233	9400	1340	150
233	9600	1340	150
233	9800	1350	150
233	10000	1350	150
234	1000	1240	130
234	1200	1240	130
234	1400	1240	130
234	1600	1240	130
234	1800	1240	130
234	2000	1250	130
234	2200	1250	130
234	2400	1250	130
234	2600	1250	130
234	2800	1260	130
234	3000	1260	130
234	3200	1260	130
234	3400	1260	130
234	3600	1270	130
234	3800	1270	130
234	4000	1270	130
234	4200	1270	130
234	4400	1270	130
234	4600	1280	140
234	4800	1280	140
234	5000	1280	140
234	5200	1280	140
234	5400	1290	140
234	5600	1290	140
234	5800	1290	140
234	6000	1290	140
234	6200	1290	140
234	6400	1300	140
234	6600	1300	140
234	6800	1300	140
234	7000	1300	140
234	7200	1300	140
234	7400	1310	140
234	7600	1310	140
234	7800	1310	140
234	8000	1310	140
234	8200	1320	140
234	8400	1320	140
234	8600	1320	140
234	8800	1320	140
234	9000	1320	140
234	9200	1330	150
234	9400	1330	150
234	9600	1330	150
234	9800	1330	150
234	10000	1330	150
235	1200	1220	120
235	1400	1220	120
235	1600	1230	120
235	1800	1230	130
235	2000	1230	130
235	2200	1230	130
235	2400	1240	130
235	2600	1240	130
235	2800	1240	130
235	3000	1240	130
235	3200	1250	130
235	3400	1250	130
235	3600	1250	130
235	3800	1250	130
235	4000	1250	130
235	4200	1260	130
235	4400	1260	130
235	4600	1260	130
235	4800	1260	130
235	5000	1270	130
235	5200	1270	130
235	5400	1270	130
235	5600	1270	130
235	5800	1270	130
235	6000	1280	140
235	6200	1280	140
235	6400	1280	140
235	6600	1280	140
235	6800	1290	140
235	7000	1290	140
235	7200	1290	140
235	7400	1290	140
235	7600	1290	140
235	7800	1300	140
235	8000	1300	140
235	8200	1300	140
235	8400	1300	140
235	8600	1300	140
235	8800	1310	140
235	9000	1310	140
235	9200	1310	140
235	9400	1310	140
235	9600	1320	140
235	9800	1320	140
235	10000	1320	140
236	1200	1210	120
236	1400	1210	120
236	1600	1210	120
236	1800	1210	120
236	2000	1220	120
236	2200	1220	120
236	2400	1220	120
236	2600	1220	120
236	2800	1230	120
236	3000	1230	130
236	3200	1230	130
236	3400	1230	130
236	3600	1240	130
236	3800	1240	130
236	4000	1240	130
236	4200	1240	130
236	4400	1240	130
236	4600	1250	130
236	4800	1250	130
236	5000	1250	130
236	5200	1250	130
236	5400	1260	130
236	5600	1260	130
236	5800	1260	130
236	6000	1260	130
236	6200	1260	130
236	6400	1270	130
236	6600	1270	130
236	6800	1270	130
236	7000	1270	130
236	7200	1280	130
236	7400	1280	140
236	7600	1280	140
236	7800	1280	140
236	8000	1280	140
236	8200	1290	140
236	8400	1290	140
236	8600	1290	140
236	8800	1290	140
236	9000	1290	140
236	9200	1300	140
236	9400	1300	140
236	9600	1300	140
236	9800	1300	140
236	10000	1300	140
237	1200	1190	120
237	1400	1190	120
237	1600	1200	120
237	1800	1200	120
237	2000	1200	120
237	2200	1200	120
237	2400	1210	120
237	2600	1210	120
237	2800	1210	120
237	3000	1210	120
237	3200	1220	120
237	3400	1220	120
237	3600	1220	120
237	3800	1220	120
237	4000	1230	120
237	4200	1230	120
237	4400	1230	130
237	4600	1230	130
237	4800	1230	130
237	5000	1240	130
237	5200	1240	130
237	5400	1240	130
237	5600	1240	130
237	5800	1250	130
237	6000	1250	130
237	6200	1250	130
237	6400	1250	130
237	6600	1250	130
237	6800	1260	130
237	7000	1260	130
237	7200	1260	130
237	7400	1260	130
237	7600	1270	130
237	7800	1270	130
237	8000	1270	130
237	8200	1270	130
237	8400	1270	130
237	8600	1280	130
237	8800	1280	140
237	9000	1280	140
237	9200	1280	140
237	9400	1280	140
237	9600	1290	140
237	9800	1290	140
237	10000	1290	140
238	1200	1180	110
238	1400	1180	120
238	1600	1180	120
238	1800	1190	120
238	2000	1190	120
238	2200	1190	120
238	2400	1190	120
238	2600	1190	120
238	2800	1200	120
238	3000	1200	120
238	3200	1200	120
238	3400	1200	120
238	3600	1210	120
238	3800	1210	120
238	4000	1210	120
238	4200	1210	120
238	4400	1220	120
238	4600	1220	120
238	4800	1220	120
238	5000	1220	120
238	5200	1220	120
238	5400	1230	120
238	5600	1230	120
238	5800	1230	130
238	6000	1230	130
238	6200	1240	130
238	6400	1240	130
238	6600	1240	130
238	6800	1240	130
238	7000	1240	130
238	7200	1250	130
238	7400	1250	130
238	7600	1250	130
238	7800	1250	130
238	8000	1260	130
238	8200	1260	130
238	8400	1260	130
238	8600	1260	130
238	8800	1260	130
238	9000	1270	130
238	9200	1270	130
238	9400	1270	130
238	9600	1270	130
238	9800	1270	130
238	10000	1280	130
239	1200	1160	110
239	1400	1170	110
239	1600	1170	110
239	1800	1170	110
239	2000	1170	110
239	2200	1180	110
239	2400	1180	110
239	2600	1180	110
239	2800	1180	120
239	3000	1180	120
239	3200	1190	120
239	3400	1190	120
239	3600	1190	120
239	3800	1190	120
239	4000	1200	120
239	4200	1200	120
239	4400	1200	120
239	4600	1200	120
239	4800	1210	120
239	5000	1210	120
239	5200	1210	120
239	5400	1210	120
239	5600	1220	120
239	5800	1220	120
239	6000	1220	120
239	6200	1220	120
239	6400	1220	120
239	6600	1230	120
239	6800	1230	120
239	7000	1230	120
239	7200	1230	130
239	7400	1240	130
239	7600	1240	130
239	7800	1240	130
239	8000	1240	130
239	8200	1240	130
239	8400	1250	130
239	8600	1250	130
239	8800	1250	130
239	9000	1250	130
239	9200	1250	130
239	9400	1260	130
239	9600	1260	130
239	9800	1260	130
239	10000	1260	130
240	1200	1150	110
240	1400	1150	110
240	1600	1150	110
240	1800	1160	110
240	2000	1160	110
240	2200	1160	110
240	2400	1160	110
240	2600	1170	110
240	2800	1170	110
240	3000	1170	110
240	3200	1170	110
240	3400	1180	110
240	3600	1180	110
240	3800	1180	110
240	4000	1180	120
240	4200	1180	120
240	4400	1190	120
240	4600	1190	120
240	4800	1190	120
240	5000	1190	120
240	5200	1200	120
240	5400	1200	120
240	5600	1200	120
240	5800	1200	120
240	6000	1210	120
240	6200	1210	120
240	6400	1210	120
240	6600	1210	120
240	6800	1210	120
240	7000	1220	120
240	7200	1220	120
240	7400	1220	120
240	7600	1220	120
240	7800	1230	120
240	8000	1230	120
240	8200	1230	120
240	8400	1230	130
240	8600	1230	130
240	8800	1240	130
240	9000	1240	130
240	9200	1240	130
240	9400	1240	130
240	9600	1240	130
240	9800	1250	130
240	10000	1250	130
241	1400	1140	110
241	1600	1140	110
241	1800	1140	110
241	2000	1140	110
241	2200	1150	110
241	2400	1150	110
241	2600	1150	110
241	2800	1150	110
241	3000	1160	110
241	3200	1160	110
241	3400	1160	110
241	3600	1160	110
241	3800	1170	110
241	4000	1170	110
241	4200	1170	110
241	4400	1170	110
241	4600	1180	110
241	4800	1180	110
241	5000	1180	110
241	5200	1180	110
241	5400	1180	120
241	5600	1190	120
241	5800	1190	120
241	6000	1190	120
241	6200	1190	120
241	6400	1200	120
241	6600	1200	120
241	6800	1200	120
241	7000	1200	120
241	7200	1200	120
241	7400	1210	120
241	7600	1210	120
241	7800	1210	120
241	8000	1210	120
241	8200	1220	120
241	8400	1220	120
241	8600	1220	120
241	8800	1220	120
241	9000	1220	120
241	9200	1230	120
241	9400	1230	120
241	9600	1230	120
241	9800	1230	130
241	10000	1240	130
242	1400	1120	100
242	1600	1120	100
242	1800	1130	100
242	2000	1130	100
242	2200	1130	100
242	2400	1130	110
242	2600	1140	110
242	2800	1140	110
242	3000	1140	110
242	3200	1140	110
242	3400	1150	110
242	3600	1150	110
242	3800	1150	110
242	4000	1150	110
242	4200	1160	110
242	4400	1160	110
242	4600	1160	110
242	4800	1160	110
242	5000	1170	110
242	5200	1170	110
242	5400	1170	110
242	5600	1170	110
242	5800	1170	110
242	6000	1180	110
242	6200	1180	110
242	6400	1180	110
242	6600	1180	120
242	6800	1190	120
242	7000	1190	120
242	7200	1190	120
242	7400	1190	120
242	7600	1200	120
242	7800	1200	120
242	8000	1200	120
242	8200	1200	120
242	8400	1200	120
242	8600	1210	120
242	8800	1210	120
242	9000	1210	120
242	9200	1210	120
242	9400	1210	120
242	9600	1220	120
242	9800	1220	120
242	10000	1220	120
243	1400	1110	100
243	1600	1110	100
243	1800	1110	100
243	2000	1110	100
243	2200	1120	100
243	2400	1120	100
243	2600	1120	100
243	2800	1120	100
243	3000	1130	100
243	3200	1130	100
243	3400	1130	100
243	3600	1130	110
243	3800	1140	110
243	4000	1140	110
243	4200	1140	110
243	4400	1140	110
243	4600	1150	110
243	4800	1150	110
243	5000	1150	110
243	5200	1150	110
243	5400	1160	110
243	5600	1160	110
243	5800	1160	110
243	6000	1160	110
243	6200	1170	110
243	6400	1170	110
243	6600	1170	110
243	6800	1170	110
243	7000	1170	110
243	7200	1180	110
243	7400	1180	110
243	7600	1180	110
243	7800	1180	120
243	8000	1190	120
243	8200	1190	120
243	8400	1190	120
243	8600	1190	120
243	8800	1190	120
243	9000	1200	120
243	9200	1200	120
243	9400	1200	120
243	9600	1200	120
243	9800	1210	120
243	10000	1210	120
244	1400	1093	97
244	1600	1095	98
244	1800	1098	98
244	2000	1100	99
244	2200	1103	99
244	2400	1106	100
244	2600	1110	100
244	2800	1110	100
244	3000	1110	100
244	3200	1120	100
244	3400	1120	100
244	3600	1120	100
244	3800	1120	100
244	4000	1130	100
244	4200	1130	100
244	4400	1130	100
244	4600	1130	100
244	4800	1140	110
244	5000	1140	110
244	5200	1140	110
244	5400	1140	110
244	5600	1140	110
244	5800	1150	110
244	6000	1150	110
244	6200	1150	110
244	6400	1150	110
244	6600	1160	110
244	6800	1160	110
244	7000	1160	110
244	7200	1160	110
244	7400	1170	110
244	7600	1170	110
244	7800	1170	110
244	8000	1170	110
244	8200	1170	110
244	8400	1180	110
244	8600	1180	110
244	8800	1180	110
244	9000	1180	110
244	9200	1190	120
244	9400	1190	120
244	9600	1190	120
244	9800	1190	120
244	10000	1190	120
245	1400	1078	94
245	1600	1081	95
245	1800	1084	95
245	2000	1086	96
245	2200	1089	96
245	2400	1091	97
245	2600	1094	97
245	2800	1096	98
245	3000	1099	98
245	3200	1101	99
245	3400	1104	99
245	3600	1106	100
245	3800	1110	100
245	4000	1110	100
245	4200	1110	100
245	4400	1120	100
245	4600	1120	100
245	4800	1120	100
245	5000	1120	100
245	5200	1130	100
245	5400	1130	100
245	5600	1130	100
245	5800	1130	100
245	6000	1140	110
245	6200	1140	110
245	6400	1140	110
245	6600	1140	110
245	6800	1140	110
245	7000	1150	110
245	7200	1150	110
245	7400	1150	110
245	7600	1150	110
245	7800	1160	110
245	8000	1160	110
245	8200	1160	110
245	8400	1160	110
245	8600	1170	110
245	8800	1170	110
245	9000	1170	110
245	9200	1170	110
245	9400	1170	110
245	9600	1180	110
245	9800	1180	110
245	10000	1180	110
246	1600	1067	92
246	1800	1069	92
246	2000	1072	93
246	2200	1074	93
246	2400	1077	94
246	2600	1080	94
246	2800	1082	95
246	3000	1085	95
246	3200	1087	96
246	3400	1090	96
246	3600	1092	97
246	3800	1095	97
246	4000	1097	98
246	4200	1100	98
246	4400	1102	99
246	4600	1105	99
246	4800	1107	100
246	5000	1110	100
246	5200	1110	100
246	5400	1110	100
246	5600	1120	100
246	5800	1120	100
246	6000	1120	100
246	6200	1120	100
246	6400	1130	100
246	6600	1130	100
246	6800	1130	100
246	7000	1130	100
246	7200	1140	110
246	7400	1140	110
246	7600	1140	110
246	7800	1140	110
246	8000	1150	110
246	8200	1150	110
246	8400	1150	110
246	8600	1150	110
246	8800	1150	110
246	9000	1160	110
246	9200	1160	110
246	9400	1160	110
246	9600	1160	110
246	9800	1170	110
246	10000	1170	110
247	1600	1052	89
247	1800	1055	90
247	2000	1058	90
247	2200	1060	91
247	2400	1063	91
247	2600	1066	92
247	2800	1068	92
247	3000	1071	93
247	3200	1073	93
247	3400	1076	94
247	3600	1078	94
247	3800	1081	95
247	4000	1084	95
247	4200	1086	96
247	4400	1089	96
247	4600	1091	96
247	4800	1094	97
247	5000	1096	97
247	5200	1098	98
247	5400	1101	98
247	5600	1103	99
247	5800	1106	99
247	6000	1108	100
247	6200	1110	100
247	6400	1110	100
247	6600	1120	100
247	6800	1120	100
247	7000	1120	100
247	7200	1120	100
247	7400	1120	100
247	7600	1130	100
247	7800	1130	100
247	8000	1130	100
247	8200	1130	100
247	8400	1140	110
247	8600	1140	110
247	8800	1140	110
247	9000	1140	110
247	9200	1150	110
247	9400	1150	110
247	9600	1150	110
247	9800	1150	110
247	10000	1150	110
248	1600	1038	87
248	1800	1041	87
248	2000	1044	88
248	2200	1046	88
248	2400	1049	88
248	2600	1052	89
248	2800	1054	89
248	3000	1057	90
248	3200	1059	90
248	3400	1062	91
248	3600	1065	91
248	3800	1067	92
248	4000	1070	92
248	4200	1072	93
248	4400	1075	93
248	4600	1077	94
248	4800	1080	94
248	5000	1082	95
248	5200	1085	95
248	5400	1087	96
248	5600	1090	96
248	5800	1092	97
248	6000	1095	97
248	6200	1097	97
248	6400	1099	98
248	6600	1102	98
248	6800	1104	99
248	7000	1106	99
248	7200	1109	100
248	7400	1110	100
248	7600	1110	100
248	7800	1120	100
248	8000	1120	100
248	8200	1120	100
248	8400	1120	100
248	8600	1130	100
248	8800	1130	100
248	9000	1130	100
248	9200	1130	100
248	9400	1130	100
248	9600	1140	110
248	9800	1140	110
248	10000	1140	110
249	1600	1024	84
249	1800	1027	84
249	2000	1029	85
249	2200	1032	85
249	2400	1035	86
249	2600	1038	86
249	2800	1040	87
249	3000	1043	87
249	3200	1046	88
249	3400	1048	88
249	3600	1051	89
249	3800	1053	89
249	4000	1056	90
249	4200	1058	90
249	4400	1061	91
249	4600	1064	91
249	4800	1066	92
249	5000	1069	92
249	5200	1071	92
249	5400	1074	93
249	5600	1076	93
249	5800	1079	94
249	6000	1081	94
249	6200	1083	95
249	6400	1086	95
249	6600	1088	96
249	6800	1091	96
249	7000	1093	97
249	7200	1095	97
249	7400	1098	98
249	7600	1100	98
249	7800	1103	99
249	8000	1105	99
249	8200	1107	99
249	8400	1110	100
249	8600	1110	100
249	8800	1110	100
249	9000	1120	100
249	9200	1120	100
249	9400	1120	100
249	9600	1120	100
249	9800	1130	100
249	10000	1130	100
250	1800	1013	82
250	2000	1015	82
250	2200	1018	83
250	2400	1021	83
250	2600	1024	84
250	2800	1026	84
250	3000	1029	85
250	3200	1032	85
250	3400	1034	86
250	3600	1037	86
250	3800	1040	87
250	4000	1042	87
250	4200	1045	87
250	4400	1047	88
250	4600	1050	88
250	4800	1052	89
250	5000	1055	89
250	5200	1058	90
250	5400	1060	90
250	5600	1063	91
250	5800	1065	91
250	6000	1068	92
250	6200	1070	92
250	6400	1072	93
250	6600	1075	93
250	6800	1077	94
250	7000	1080	94
250	7200	1082	95
250	7400	1085	95
250	7600	1087	95
250	7800	1089	96
250	8000	1092	96
250	8200	1094	97
250	8400	1096	97
250	8600	1099	98
250	8800	1101	98
250	9000	1103	99
250	9200	1106	99
250	9400	1108	100
250	9600	1110	100
250	9800	1110	100
250	10000	1110	100
251	1800	999	79
251	2000	1001	80
251	2200	1004	80
251	2400	1007	81
251	2600	1010	81
251	2800	1012	82
251	3000	1015	82
251	3200	1018	82
251	3400	1021	83
251	3600	1023	83
251	3800	1026	84
251	4000	1029	84
251	4200	1031	85
251	4400	1034	85
251	4600	1036	86
251	4800	1039	86
251	5000	1041	87
251	5200	1044	87
251	5400	1047	88
251	5600	1049	88
251	5800	1052	89
251	6000	1054	89
251	6200	1057	90
251	6400	1059	90
251	6600	1062	91
251	6800	1064	91
251	7000	1066	91
251	7200	1069	92
251	7400	1071	92
251	7600	1074	93
251	7800	1076	93
251	8000	1078	94
251	8200	1081	94
251	8400	1083	95
251	8600	1086	95
251	8800	1088	96
251	9000	1090	96
251	9200	1093	96
251	9400	1095	97
251	9600	1097	97
251	9800	1099	98
251	10000	1102	98
252	1800	985	77
252	2000	987	77
252	2200	990	78
252	2400	993	78
252	2600	996	78
252	2800	999	79
252	3000	1001	79
252	3200	1004	80
252	3400	1007	80
252	3600	1010	81
252	3800	1012	81
252	4000	1015	82
252	4200	1018	82
252	4400	1020	83
252	4600	1023	83
252	4800	1025	84
252	5000	1028	84
252	5200	1031	85
252	5400	1033	85
252	5600	1036	86
252	5800	1038	86
252	6000	1041	87
252	6200	1043	87
252	6400	1046	88
252	6600	1048	88
252	6800	1051	88
252	7000	1053	89
252	7200	1056	89
252	7400	1058	90
252	7600	1061	90
252	7800	1063	91
252	8000	1065	91
252	8200	1068	92
252	8400	1070	92
252	8600	1072	93
252	8800	1075	93
252	9000	1077	93
252	9200	1080	94
252	9400	1082	94
252	9600	1084	95
252	9800	1087	95
252	10000	1089	96
253	1800	971	74
253	2000	974	75
253	2200	976	75
253	2400	979	75
253	2600	982	76
253	2800	985	76
253	3000	988	77
253	3200	990	77
253	3400	993	78
253	3600	996	78
253	3800	999	79
253	4000	1001	79
253	4200	1004	80
253	4400	1007	80
253	4600	1009	81
253	4800	1012	81
253	5000	1015	82
253	5200	1017	82
253	5400	1020	83
253	5600	1022	83
253	5800	1025	84
253	6000	1027	84
253	6200	1030	85
253	6400	1033	85
253	6600	1035	85
253	6800	1038	86
253	7000	1040	86
253	7200	1043	87
253	7400	1045	87
253	7600	1047	88
253	7800	1050	88
253	8000	1052	89
253	8200	1055	89
253	8400	1057	90
253	8600	1060	90
253	8800	1062	91
253	9000	1064	91
253	9200	1067	91
253	9400	1069	92
253	9600	1071	92
253	9800	1074	93
253	10000	1076	93
254	2000	960	72
254	2200	963	73
254	2400	965	73
254	2600	968	73
254	2800	971	74
254	3000	974	74
254	3200	977	75
254	3400	980	75
254	3600	982	76
254	3800	985	76
254	4000	988	77
254	4200	991	77
254	4400	993	78
254	4600	996	78
254	4800	999	79
254	5000	1001	79
254	5200	1004	80
254	5400	1006	80
254	5600	1009	81
254	5800	1012	81
254	6000	1014	82
254	6200	1017	82
254	6400	1019	83
254	6600	1022	83
254	6800	1024	83
254	7000	1027	84
254	7200	1029	84
254	7400	1032	85
254	7600	1034	85
254	7800	1037	86
254	8000	1039	86
254	8200	1042	87
254	8400	1044	87
254	8600	1047	88
254	8800	1049	88
254	9000	1051	89
254	9200	1054	89
254	9400	1056	89
254	9600	1058	90
254	9800	1061	90
254	10000	1063	91
255	2000	946	70
255	2200	949	70
255	2400	952	71
255	2600	955	71
255	2800	957	72
255	3000	960	72
255	3200	963	72
255	3400	966	73
255	3600	969	73
255	3800	972	74
255	4000	974	74
255	4200	977	75
255	4400	980	75
255	4600	983	76
255	4800	985	76
255	5000	988	77
255	5200	991	77
255	5400	993	78
255	5600	996	78
255	5800	998	79
255	6000	1001	79
255	6200	1004	80
255	6400	1006	80
255	6600	1009	81
255	6800	1011	81
255	7000	1014	81
255	7200	1016	82
255	7400	1019	82
255	7600	1021	83
255	7800	1024	83
255	8000	1026	84
255	8200	1029	84
255	8400	1031	85
255	8600	1034	85
255	8800	1036	86
255	9000	1039	86
255	9200	1041	87
255	9400	1043	87
255	9600	1046	87
255	9800	1048	88
255	10000	1050	88
256	2000	932	67
256	2200	935	68
256	2400	938	68
256	2600	941	69
256	2800	944	69
256	3000	947	70
256	3200	950	70
256	3400	952	71
256	3600	955	71
256	3800	958	72
256	4000	961	72
256	4200	964	72
256	4400	966	73
256	4600	969	73
256	4800	972	74
256	5000	975	74
256	5200	977	75
256	5400	980	75
256	5600	983	76
256	5800	985	76
256	6000	988	77
256	6200	991	77
256	6400	993	78
256	6600	996	78
256	6800	998	79
256	7000	1001	79
256	7200	1003	80
256	7400	1006	80
256	7600	1009	80
256	7800	1011	81
256	8000	1014	81
256	8200	1016	82
256	8400	1019	82
256	8600	1021	83
256	8800	1023	83
256	9000	1026	84
256	9200	1028	84
256	9400	1031	85
256	9600	1033	85
256	9800	1035	85
256	10000	1038	86
257	2200	921	65
257	2400	924	66
257	2600	927	66
257	2800	930	67
257	3000	933	67
257	3200	936	68
257	3400	939	68
257	3600	942	69
257	3800	945	69
257	4000	947	70
257	4200	950	70
257	4400	953	71
257	4600	956	71
257	4800	959	72
257	5000	961	72
257	5200	964	72
257	5400	967	73
257	5600	970	73
257	5800	972	74
257	6000	975	74
257	6200	978	75
257	6400	980	75
257	6600	983	76
257	6800	985	76
257	7000	988	77
257	7200	991	77
257	7400	993	78
257	7600	996	78
257	7800	998	79
257	8000	1001	79
257	8200	1003	79
257	8400	1006	80
257	8600	1008	80
257	8800	1011	81
257	9000	1013	81
257	9200	1016	82
257	9400	1018	82
257	9600	1020	83
257	9800	1023	83
257	10000	1025	84
258	2200	907	63
258	2400	911	64
258	2600	914	64
258	2800	917	64
258	3000	920	65
258	3200	922	65
258	3400	925	66
258	3600	928	66
258	3800	931	67
258	4000	934	67
258	4200	937	68
258	4400	940	68
258	4600	943	69
258	4800	945	69
258	5000	948	70
258	5200	951	70
258	5400	954	71
258	5600	956	71
258	5800	959	72
258	6000	962	72
258	6200	965	72
258	6400	967	73
258	6600	970	73
258	6800	973	74
258	7000	975	74
258	7200	978	75
258	7400	980	75
258	7600	983	76
258	7800	985	76
258	8000	988	77
258	8200	991	77
258	8400	993	78
258	8600	996	78
258	8800	998	79
258	9000	1001	79
258	9200	1003	79
258	9400	1005	80
258	9600	1008	80
258	9800	1010	81
258	10000	1013	81
259	2200	894	61
259	2400	897	61
259	2600	900	62
259	2800	903	62
259	3000	906	63
259	3200	909	63
259	3400	912	64
259	3600	915	64
259	3800	918	65
259	4000	921	65
259	4200	924	65
259	4400	927	66
259	4600	929	66
259	4800	932	67
259	5000	935	67
259	5200	938	68
259	5400	941	68
259	5600	943	69
259	5800	946	69
259	6000	949	70
259	6200	952	70
259	6400	954	71
259	6600	957	71
259	6800	960	72
259	7000	962	72
259	7200	965	73
259	7400	968	73
259	7600	970	73
259	7800	973	74
259	8000	975	74
259	8200	978	75
259	8400	980	75
259	8600	983	76
259	8800	985	76
259	9000	988	77
259	9200	990	77
259	9400	993	78
259	9600	995	78
259	9800	998	78
259	10000	1000	79
260	2200	880	59
260	2400	883	59
260	2600	886	60
260	2800	889	60
260	3000	892	60
260	3200	896	61
260	3400	899	61
260	3600	902	62
260	3800	905	62
260	4000	907	63
260	4200	910	63
260	4400	913	64
260	4600	916	64
260	4800	919	65
260	5000	922	65
260	5200	925	66
260	5400	928	66
260	5600	930	67
260	5800	933	67
260	6000	936	67
260	6200	939	68
260	6400	941	68
260	6600	944	69
260	6800	947	69
260	7000	950	70
260	7200	952	70
260	7400	955	71
260	7600	957	71
260	7800	960	72
260	8000	963	72
260	8200	965	73
260	8400	968	73
260	8600	970	73
260	8800	973	74
260	9000	975	74
260	9200	978	75
260	9400	981	75
260	9600	983	76
260	9800	985	76
260	10000	988	77
261	2400	869	57
261	2600	873	57
261	2800	876	58
261	3000	879	58
261	3200	882	59
261	3400	885	59
261	3600	888	60
261	3800	891	60
261	4000	894	61
261	4200	897	61
261	4400	900	61
261	4600	903	62
261	4800	906	62
261	5000	909	63
261	5200	912	63
261	5400	915	64
261	5600	917	64
261	5800	920	65
261	6000	923	65
261	6200	926	66
261	6400	929	66
261	6600	931	67
261	6800	934	67
261	7000	937	68
261	7200	940	68
261	7400	942	68
261	7600	945	69
261	7800	947	69
261	8000	950	70
261	8200	953	70
261	8400	955	71
261	8600	958	71
261	8800	960	72
261	9000	963	72
261	9200	966	73
261	9400	968	73
261	9600	971	74
261	9800	973	74
261	10000	976	74
262	2400	856	55
262	2600	859	55
262	2800	862	56
262	3000	865	56
262	3200	869	57
262	3400	872	57
262	3600	875	57
262	3800	878	58
262	4000	881	58
262	4200	884	59
262	4400	887	59
262	4600	890	60
262	4800	893	60
262	5000	896	61
262	5200	899	61
262	5400	902	62
262	5600	905	62
262	5800	907	63
262	6000	910	63
262	6200	913	64
262	6400	916	64
262	6600	919	64
262	6800	921	65
262	7000	924	65
262	7200	927	66
262	7400	930	66
262	7600	932	67
262	7800	935	67
262	8000	938	68
262	8200	940	68
262	8400	943	69
262	8600	945	69
262	8800	948	70
262	9000	951	70
262	9200	953	70
262	9400	956	71
262	9600	958	71
262	9800	961	72
262	10000	963	72
263	2400	842	53
263	2600	845	53
263	2800	849	54
263	3000	852	54
263	3200	855	54
263	3400	858	55
263	3600	861	55
263	3800	865	56
263	4000	868	56
263	4200	871	57
263	4400	874	57
263	4600	877	58
263	4800	880	58
263	5000	883	59
263	5200	886	59
263	5400	889	60
263	5600	892	60
263	5800	895	60
263	6000	897	61
263	6200	900	61
263	6400	903	62
263	6600	906	62
263	6800	909	63
263	7000	911	63
263	7200	914	64
263	7400	917	64
263	7600	920	65
263	7800	922	65
263	8000	925	66
263	8200	928	66
263	8400	930	66
263	8600	933	67
263	8800	936	67
263	9000	938	68
263	9200	941	68
263	9400	943	69
263	9600	946	69
263	9800	949	70
263	10000	951	70
264	2600	832	51
264	2800	835	52
264	3000	838	52
264	3200	842	52
264	3400	845	53
264	3600	848	53
264	3800	851	54
264	4000	854	54
264	4200	858	55
264	4400	861	55
264	4600	864	56
264	4800	867	56
264	5000	870	56
264	5200	873	57
264	5400	876	57
264	5600	879	58
264	5800	882	58
264	6000	885	59
264	6200	888	59
264	6400	890	60
264	6600	893	60
264	6800	896	61
264	7000	899	61
264	7200	902	62
264	7400	904	62
264	7600	907	62
264	7800	910	63
264	8000	913	63
264	8200	915	64
264	8400	918	64
264	8600	921	65
264	8800	923	65
264	9000	926	66
264	9200	929	66
264	9400	931	67
264	9600	934	67
264	9800	936	67
264	10000	939	68
265	2600	818	49
265	2800	822	50
265	3000	825	50
265	3200	828	50
265	3400	832	51
265	3600	835	51
265	3800	838	52
265	4000	841	52
265	4200	844	53
265	4400	848	53
265	4600	851	54
265	4800	854	54
265	5000	857	54
265	5200	860	55
265	5400	863	55
265	5600	866	56
265	5800	869	56
265	6000	872	57
265	6200	875	57
265	6400	878	58
265	6600	881	58
265	6800	883	59
265	7000	886	59
265	7200	889	59
265	7400	892	60
265	7600	895	60
265	7800	898	61
265	8000	900	61
265	8200	903	62
265	8400	906	62
265	8600	908	63
265	8800	911	63
265	9000	914	64
265	9200	916	64
265	9400	919	64
265	9600	922	65
265	9800	924	65
265	10000	927	66
266	2600	805	47
266	2800	808	48
266	3000	811	48
266	3200	815	48
266	3400	818	49
266	3600	821	49
266	3800	825	50
266	4000	828	50
266	4200	831	51
266	4400	834	51
266	4600	838	52
266	4800	841	52
266	5000	844	52
266	5200	847	53
266	5400	850	53
266	5600	853	54
266	5800	856	54
266	6000	859	55
266	6200	862	55
266	6400	865	56
266	6600	868	56
266	6800	871	57
266	7000	874	57
266	7200	877	57
266	7400	880	58
266	7600	882	58
266	7800	885	59
266	8000	888	59
266	8200	891	60
266	8400	893	60
266	8600	896	61
266	8800	899	61
266	9000	902	62
266	9200	904	62
266	9400	907	62
266	9600	910	63
266	9800	912	63
266	10000	915	64
267	2800	794	46
267	3000	798	46
267	3200	801	47
267	3400	805	47
267	3600	808	47
267	3800	812	48
267	4000	815	48
267	4200	818	49
267	4400	821	49
267	4600	825	50
267	4800	828	50
267	5000	831	50
267	5200	834	51
267	5400	837	51
267	5600	840	52
267	5800	843	52
267	6000	846	53
267	6200	849	53
267	6400	852	54
267	6600	855	54
267	6800	858	55
267	7000	861	55
267	7200	864	55
267	7400	867	56
267	7600	870	56
267	7800	873	57
267	8000	876	57
267	8200	878	58
267	8400	881	58
267	8600	884	59
267	8800	887	59
267	9000	889	60
267	9200	892	60
267	9400	895	60
267	9600	898	61
267	9800	900	61
267	10000	903	62
268	2800	781	44
268	3000	784	44
268	3200	788	45
268	3400	791	45
268	3600	795	46
268	3800	798	46
268	4000	802	46
268	4200	805	47
268	4400	808	47
268	4600	812	48
268	4800	815	48
268	5000	818	49
268	5200	821	49
268	5400	824	49
268	5600	828	50
268	5800	831	50
268	6000	834	51
268	6200	837	51
268	6400	840	52
268	6600	843	52
268	6800	846	53
268	7000	849	53
268	7200	852	53
268	7400	855	54
268	7600	858	54
268	7800	861	55
268	8000	863	55
268	8200	866	56
268	8400	869	56
268	8600	872	57
268	8800	875	57
268	9000	877	58
268	9200	880	58
268	9400	883	58
268	9600	886	59
268	9800	888	59
268	10000	891	60
269	3000	771	43
269	3200	774	43
269	3400	778	43
269	3600	781	44
269	3800	785	44
269	4000	788	45
269	4200	792	45
269	4400	795	45
269	4600	799	46
269	4800	802	46
269	5000	805	47
269	5200	808	47
269	5400	812	48
269	5600	815	48
269	5800	818	48
269	6000	821	49
269	6200	824	49
269	6400	827	50
269	6600	830	50
269	6800	833	51
269	7000	836	51
269	7200	839	52
269	7400	842	52
269	7600	845	52
269	7800	848	53
269	8000	851	53
269	8200	854	54
269	8400	857	54
269	8600	860	55
269	8800	863	55
269	9000	865	56
269	9200	868	56
269	9400	871	56
269	9600	874	57
269	9800	876	57
269	10000	879	58
270	3000	757	41
270	3200	761	41
270	3400	764	42
270	3600	768	42
270	3800	772	42
270	4000	775	43
270	4200	779	43
270	4400	782	44
270	4600	785	44
270	4800	789	44
270	5000	792	45
270	5200	796	45
270	5400	799	46
270	5600	802	46
270	5800	805	47
270	6000	808	47
270	6200	812	47
270	6400	815	48
270	6600	818	48
270	6800	821	49
270	7000	824	49
270	7200	827	50
270	7400	830	50
270	7600	833	51
270	7800	836	51
270	8000	839	51
270	8200	842	52
270	8400	845	52
270	8600	848	53
270	8800	850	53
270	9000	853	54
270	9200	856	54
270	9400	859	55
270	9600	862	55
270	9800	864	55
270	10000	867	56
271	3000	743	39
271	3200	747	39
271	3400	751	40
271	3600	755	40
271	3800	758	41
271	4000	762	41
271	4200	765	41
271	4400	769	42
271	4600	772	42
271	4800	776	43
271	5000	779	43
271	5200	783	43
271	5400	786	44
271	5600	789	44
271	5800	793	45
271	6000	796	45
271	6200	799	46
271	6400	802	46
271	6600	805	46
271	6800	809	47
271	7000	812	47
271	7200	815	48
271	7400	818	48
271	7600	821	49
271	7800	824	49
271	8000	827	50
271	8200	830	50
271	8400	833	50
271	8600	836	51
271	8800	838	51
271	9000	841	52
271	9200	844	52
271	9400	847	53
271	9600	850	53
271	9800	853	54
271	10000	855	54
272	3200	734	38
272	3400	737	38
272	3600	741	39
272	3800	745	39
272	4000	749	39
272	4200	752	40
272	4400	756	40
272	4600	759	40
272	4800	763	41
272	5000	766	41
272	5200	770	42
272	5400	773	42
272	5600	777	43
272	5800	780	43
272	6000	783	43
272	6200	786	44
272	6400	790	44
272	6600	793	45
272	6800	796	45
272	7000	799	46
272	7200	802	46
272	7400	805	46
272	7600	809	47
272	7800	812	47
272	8000	815	48
272	8200	818	48
272	8400	821	49
272	8600	824	49
272	8800	826	49
272	9000	829	50
272	9200	832	50
272	9400	835	51
272	9600	838	51
272	9800	841	52
272	10000	844	52
273	3200	720	36
273	3400	724	37
273	3600	728	37
273	3800	731	37
273	4000	735	38
273	4200	739	38
273	4400	743	38
273	4600	746	39
273	4800	750	39
273	5000	753	40
273	5200	757	40
273	5400	760	40
273	5600	764	41
273	5800	767	41
273	6000	771	42
273	6200	774	42
273	6400	777	42
273	6600	780	43
273	6800	784	43
273	7000	787	44
273	7200	790	44
273	7400	793	45
273	7600	796	45
273	7800	799	45
273	8000	803	46
273	8200	806	46
273	8400	809	47
273	8600	812	47
273	8800	815	48
273	9000	817	48
273	9200	820	49
273	9400	823	49
273	9600	826	49
273	9800	829	50
273	10000	832	50
274	3200	706	35
274	3400	710	35
274	3600	714	35
274	3800	718	36
274	4000	722	36
274	4200	726	36
274	4400	729	37
274	4600	733	37
274	4800	737	38
274	5000	740	38
274	5200	744	38
274	5400	748	39
274	5600	751	39
274	5800	755	40
274	6000	758	40
274	6200	761	40
274	6400	765	41
274	6600	768	41
274	6800	771	42
274	7000	775	42
274	7200	778	42
274	7400	781	43
274	7600	784	43
274	7800	787	44
274	8000	790	44
274	8200	794	45
274	8400	797	45
274	8600	800	45
274	8800	803	46
274	9000	806	46
274	9200	809	47
274	9400	811	47
274	9600	814	48
274	9800	817	48
274	10000	820	49
275	3400	696	34
275	3600	700	34
275	3800	704	34
275	4000	708	35
275	4200	712	35
275	4400	716	35
275	4600	720	36
275	4800	724	36
275	5000	727	36
275	5200	731	37
275	5400	735	37
275	5600	738	37
275	5800	742	38
275	6000	745	38
275	6200	749	39
275	6400	752	39
275	6600	756	39
275	6800	759	40
275	7000	762	40
275	7200	766	41
275	7400	769	41
275	7600	772	42
275	7800	775	42
275	8000	778	42
275	8200	781	43
275	8400	785	43
275	8600	788	44
275	8800	791	44
275	9000	794	45
275	9200	797	45
275	9400	800	45
275	9600	803	46
275	9800	806	46
275	10000	809	47
276	3400	682	32
276	3600	687	33
276	3800	691	33
276	4000	695	33
276	4200	699	33
276	4400	703	34
276	4600	707	34
276	4800	711	34
276	5000	714	35
276	5200	718	35
276	5400	722	36
276	5600	725	36
276	5800	729	36
276	6000	733	37
276	6200	736	37
276	6400	740	37
276	6600	743	38
276	6800	747	38
276	7000	750	39
276	7200	753	39
276	7400	757	40
276	7600	760	40
276	7800	763	40
276	8000	766	41
276	8200	769	41
276	8400	773	42
276	8600	776	42
276	8800	779	42
276	9000	782	43
276	9200	785	43
276	9400	788	44
276	9600	791	44
276	9800	794	45
276	10000	797	45
277	3600	673	31
277	3800	677	32
277	4000	681	32
277	4200	685	32
277	4400	689	32
277	4600	693	33
277	4800	697	33
277	5000	701	33
277	5200	705	34
277	5400	709	34
277	5600	713	34
277	5800	716	35
277	6000	720	35
277	6200	724	35
277	6400	727	36
277	6600	731	36
277	6800	734	37
277	7000	738	37
277	7200	741	37
277	7400	744	38
277	7600	748	38
277	7800	751	39
277	8000	754	39
277	8200	757	40
277	8400	761	40
277	8600	764	40
277	8800	767	41
277	9000	770	41
277	9200	773	42
277	9400	776	42
277	9600	779	43
277	9800	782	43
277	10000	785	43
278	3600	659	30
278	3800	663	30
278	4000	667	30
278	4200	672	31
278	4400	676	31
278	4600	680	31
278	4800	684	32
278	5000	688	32
278	5200	692	32
278	5400	696	33
278	5600	700	33
278	5800	704	33
278	6000	707	34
278	6200	711	34
278	6400	715	34
278	6600	718	35
278	6800	722	35
278	7000	725	36
278	7200	729	36
278	7400	732	36
278	7600	736	37
278	7800	739	37
278	8000	742	38
278	8200	746	38
278	8400	749	38
278	8600	752	39
278	8800	755	39
278	9000	758	40
278	9200	761	40
278	9400	765	40
278	9600	768	41
278	9800	771	41
278	10000	774	42
279	3800	649	29
279	4000	654	29
279	4200	658	29
279	4400	662	30
279	4600	667	30
279	4800	671	30
279	5000	675	31
279	5200	679	31
279	5400	683	31
279	5600	687	31
279	5800	691	32
279	6000	695	32
279	6200	698	33
279	6400	702	33
279	6600	706	33
279	6800	709	34
279	7000	713	34
279	7200	716	34
279	7400	720	35
279	7600	723	35
279	7800	727	36
279	8000	730	36
279	8200	734	36
279	8400	737	37
279	8600	740	37
279	8800	743	38
279	9000	747	38
279	9200	750	38
279	9400	753	39
279	9600	756	39
279	9800	759	40
279	10000	762	40
280	3800	635	28
280	4000	640	28
280	4200	644	28
280	4400	649	29
280	4600	653	29
280	4800	657	29
280	5000	662	29
280	5200	666	30
280	5400	670	30
280	5600	674	30
280	5800	678	30
280	6000	682	31
280	6200	686	31
280	6400	689	31
280	6600	693	32
280	6800	697	32
280	7000	700	33
280	7200	704	33
280	7400	708	33
280	7600	711	34
280	7800	715	34
280	8000	718	34
280	8200	722	35
280	8400	725	35
280	8600	728	36
280	8800	732	36
280	9000	735	36
280	9200	738	37
280	9400	741	37
280	9600	744	38
280	9800	748	38
280	10000	751	39
281	3800	621	27
281	4000	626	27
281	4200	630	27
281	4400	635	27
281	4600	639	28
281	4800	644	28
281	5000	648	28
281	5200	652	28
281	5400	657	29
281	5600	661	29
281	5800	665	29
281	6000	669	29
281	6200	673	30
281	6400	677	30
281	6600	681	30
281	6800	684	31
281	7000	688	31
281	7200	692	31
281	7400	695	32
281	7600	699	32
281	7800	703	33
281	8000	706	33
281	8200	710	33
281	8400	713	34
281	8600	716	34
281	8800	720	35
281	9000	723	35
281	9200	726	35
281	9400	730	36
281	9600	733	36
281	9800	736	37
281	10000	739	37
282	4000	611	26
282	4200	616	26
282	4400	621	26
282	4600	626	27
282	4800	630	27
282	5000	635	27
282	5200	639	27
282	5400	643	27
282	5600	648	28
282	5800	652	28
282	6000	656	28
282	6200	660	28
282	6400	664	29
282	6600	668	29
282	6800	672	29
282	7000	676	30
282	7200	679	30
282	7400	683	30
282	7600	687	31
282	7800	690	31
282	8000	694	32
282	8200	698	32
282	8400	701	32
282	8600	705	33
282	8800	708	33
282	9000	711	34
282	9200	715	34
282	9400	718	34
282	9600	721	35
282	9800	725	35
282	10000	728	36
283	4000	597	25
283	4200	602	25
283	4400	607	25
283	4600	612	26
283	4800	616	26
283	5000	621	26
283	5200	626	26
283	5400	630	26
283	5600	634	26
283	5800	639	27
283	6000	643	27
283	6200	647	27
283	6400	651	28
283	6600	655	28
283	6800	659	28
283	7000	663	28
283	7200	667	29
283	7400	671	29
283	7600	675	29
283	7800	678	30
283	8000	682	30
283	8200	686	31
283	8400	689	31
283	8600	693	31
283	8800	696	32
283	9000	700	32
283	9200	703	32
283	9400	706	33
283	9600	710	33
283	9800	713	34
283	10000	716	34
284	4200	587	24
284	4400	592	25
284	4600	598	25
284	4800	602	25
284	5000	607	25
284	5200	612	25
284	5400	617	25
284	5600	621	25
284	5800	626	26
284	6000	630	26
284	6200	634	26
284	6400	638	26
284	6600	643	27
284	6800	647	27
284	7000	651	27
284	7200	655	28
284	7400	659	28
284	7600	662	28
284	7800	666	29
284	8000	670	29
284	8200	674	29
284	8400	677	30
284	8600	681	30
284	8800	684	30
284	9000	688	31
284	9200	691	31
284	9400	695	31
284	9600	698	32
284	9800	702	32
284	10000	705	33
285	4200	573	24
285	4400	578	24
285	4600	583	24
285	4800	588	24
285	5000	593	24
285	5200	598	24
285	5400	603	24
285	5600	608	24
285	5800	612	24
285	6000	617	25
285	6200	621	25
285	6400	626	25
285	6600	630	25
285	6800	634	26
285	7000	638	26
285	7200	642	26
285	7400	646	27
285	7600	650	27
285	7800	654	27
285	8000	658	28
285	8200	662	28
285	8400	665	28
285	8600	669	29
285	8800	673	29
285	9000	676	29
285	9200	680	30
285	9400	683	30
285	9600	687	31
285	9800	690	31
285	10000	694	31
286	4400	563	23
286	4600	569	23
286	4800	574	23
286	5000	579	23
286	5200	584	23
286	5400	589	23
286	5600	594	23
286	5800	599	24
286	6000	604	24
286	6200	608	24
286	6400	613	24
286	6600	617	24
286	6800	621	25
286	7000	626	25
286	7200	630	25
286	7400	634	25
286	7600	638	26
286	7800	642	26
286	8000	646	26
286	8200	650	27
286	8400	653	27
286	8600	657	27
286	8800	661	28
286	9000	665	28
286	9200	668	28
286	9400	672	29
286	9600	675	29
286	9800	679	30
286	10000	682	30
287	4400	548	23
287	4600	554	22
287	4800	559	22
287	5000	565	22
287	5200	570	22
287	5400	575	22
287	5600	580	22
287	5800	585	23
287	6000	590	23
287	6200	595	23
287	6400	599	23
287	6600	604	23
287	6800	608	24
287	7000	613	24
287	7200	617	24
287	7400	621	24
287	7600	625	25
287	7800	630	25
287	8000	634	25
287	8200	638	25
287	8400	641	26
287	8600	645	26
287	8800	649	26
287	9000	653	27
287	9200	656	27
287	9400	660	28
287	9600	664	28
287	9800	667	28
287	10000	671	29
288	4600	539	22
288	4800	544	22
288	5000	550	22
288	5200	556	22
288	5400	561	22
288	5600	566	22
288	5800	572	22
288	6000	577	22
288	6200	582	22
288	6400	586	22
288	6600	591	22
288	6800	596	22
288	7000	600	23
288	7200	604	23
288	7400	609	23
288	7600	613	23
288	7800	617	24
288	8000	621	24
288	8200	625	24
288	8400	629	25
288	8600	633	25
288	8800	637	25
288	9000	641	26
288	9200	645	26
288	9400	648	26
288	9600	652	27
288	9800	656	27
288	10000	659	27
289	4600	523	22
289	4800	529	21
289	5000	535	21
289	5200	541	21
289	5400	547	21
289	5600	552	21
289	5800	558	21
289	6000	563	21
289	6200	568	21
289	6400	573	21
289	6600	578	21
289	6800	583	22
289	7000	587	22
289	7200	592	22
289	7400	596	22
289	7600	601	22
289	7800	605	23
289	8000	609	23
289	8200	613	23
289	8400	617	23
289	8600	621	24
289	8800	625	24
289	9000	629	24
289	9200	633	25
289	9400	637	25
289	9600	641	25
289	9800	644	26
289	10000	648	26
290	4800	514	21
290	5000	520	21
290	5200	526	21
290	5400	532	20
290	5600	538	20
290	5800	544	20
290	6000	549	20
290	6200	554	20
290	6400	559	20
290	6600	564	21
290	6800	569	21
290	7000	574	21
290	7200	579	21
290	7400	583	21
290	7600	588	21
290	7800	592	22
290	8000	597	22
290	8200	601	22
290	8400	605	22
290	8600	609	23
290	8800	613	23
290	9000	617	23
290	9200	621	24
290	9400	625	24
290	9600	629	24
290	9800	633	25
290	10000	637	25
291	5000	504	20
291	5200	511	20
291	5400	517	20
291	5600	523	20
291	5800	529	20
291	6000	535	20
291	6200	540	20
291	6400	546	20
291	6600	551	20
291	6800	556	20
291	7000	561	20
291	7200	566	20
291	7400	571	20
291	7600	575	20
291	7800	580	21
291	8000	584	21
291	8200	589	21
291	8400	593	21
291	8600	597	22
291	8800	601	22
291	9000	606	22
291	9200	610	23
291	9400	614	23
291	9600	617	23
291	9800	621	23
291	10000	625	24
292	5000	488	20
292	5200	495	20
292	5400	502	20
292	5600	508	19
292	5800	514	19
292	6000	520	19
292	6200	526	19
292	6400	532	19
292	6600	537	19
292	6800	543	19
292	7000	548	19
292	7200	553	19
292	7400	558	19
292	7600	563	20
292	7800	567	20
292	8000	572	20
292	8200	576	20
292	8400	581	20
292	8600	585	21
292	8800	590	21
292	9000	594	21
292	9200	598	21
292	9400	602	22
292	9600	606	22
292	9800	610	22
292	10000	614	23
293	5200	479	20
293	5400	486	19
293	5600	493	19
293	5800	499	19
293	6000	506	19
293	6200	512	19
293	6400	518	18
293	6600	523	18
293	6800	529	18
293	7000	534	19
293	7200	540	19
293	7400	545	19
293	7600	550	19
293	7800	555	19
293	8000	559	19
293	8200	564	19
293	8400	569	20
293	8600	573	20
293	8800	577	20
293	9000	582	20
293	9200	586	20
293	9400	590	21
293	9600	594	21
293	9800	598	21
293	10000	602	22
294	5200	462	20
294	5400	469	19
294	5600	477	19
294	5800	484	18
294	6000	491	18
294	6200	497	18
294	6400	503	18
294	6600	509	18
294	6800	515	18
294	7000	521	18
294	7200	526	18
294	7400	532	18
294	7600	537	18
294	7800	542	18
294	8000	547	18
294	8200	552	18
294	8400	556	19
294	8600	561	19
294	8800	565	19
294	9000	570	19
294	9200	574	20
294	9400	578	20
294	9600	583	20
294	9800	587	20
294	10000	591	21
295	5400	452	19
295	5600	460	19
295	5800	468	18
295	6000	475	18
295	6200	482	18
295	6400	488	18
295	6600	495	17
295	6800	501	17
295	7000	507	17
295	7200	513	17
295	7400	518	17
295	7600	524	17
295	7800	529	17
295	8000	534	18
295	8200	539	18
295	8400	544	18
295	8600	549	18
295	8800	553	18
295	9000	558	18
295	9200	562	19
295	9400	567	19
295	9600	571	19
295	9800	575	19
295	10000	579	20
296	5400	434	19
296	5600	443	19
296	5800	451	18
296	6000	459	18
296	6200	466	17
296	6400	473	17
296	6600	480	17
296	6800	486	17
296	7000	493	17
296	7200	499	17
296	7400	505	17
296	7600	510	17
296	7800	516	17
296	8000	521	17
296	8200	526	17
296	8400	531	17
296	8600	536	17
296	8800	541	17
296	9000	546	18
296	9200	550	18
296	9400	555	18
296	9600	559	18
296	9800	564	18
296	10000	568	19
297	5600	425	19
297	5800	434	18
297	6000	442	18
297	6200	450	17
297	6400	458	17
297	6600	465	17
297	6800	472	16
297	7000	478	16
297	7200	485	16
297	7400	491	16
297	7600	497	16
297	7800	502	16
297	8000	508	16
297	8200	513	16
297	8400	518	16
297	8600	524	16
297	8800	529	17
297	9000	533	17
297	9200	538	17
297	9400	543	17
297	9600	547	17
297	9800	552	18
297	10000	556	18
298	5800	415	18
298	6000	424	17
298	6200	433	17
298	6400	441	17
298	6600	449	16
298	6800	456	16
298	7000	463	16
298	7200	470	16
298	7400	477	16
298	7600	483	16
298	7800	489	16
298	8000	495	16
298	8200	500	16
298	8400	506	16
298	8600	511	16
298	8800	516	16
298	9000	521	16
298	9200	526	16
298	9400	531	16
298	9600	536	17
298	9800	540	17
298	10000	545	17
299	5800	395	18
299	6000	406	18
299	6200	415	17
299	6400	424	16
299	6600	433	16
299	6800	441	16
299	7000	448	16
299	7200	455	15
299	7400	462	15
299	7600	469	15
299	7800	475	15
299	8000	481	15
299	8200	487	15
299	8400	493	15
299	8600	498	15
299	8800	503	15
299	9000	509	15
299	9200	514	15
299	9400	519	16
299	9600	524	16
299	9800	528	16
299	10000	533	16
300	6000	386	18
300	6200	397	17
300	6400	407	16
300	6600	416	16
300	6800	424	16
300	7000	432	15
300	7200	440	15
300	7400	447	15
300	7600	454	15
300	7800	461	15
300	8000	467	15
300	8200	473	15
300	8400	479	15
300	8600	485	15
300	8800	491	15
300	9000	496	15
300	9200	501	15
300	9400	507	15
300	9600	512	15
300	9800	516	15
300	10000	521	15
301	6200	376	17
301	6400	387	16
301	6600	398	16
301	6800	407	15
301	7000	416	15
301	7200	424	15
301	7400	432	14
301	7600	440	14
301	7800	447	14
301	8000	453	14
301	8200	460	14
301	8400	466	14
301	8600	472	14
301	8800	478	14
301	9000	483	14
301	9200	489	14
301	9400	494	14
301	9600	499	14
301	9800	504	15
301	10000	509	15
302	6200	353	17
302	6400	367	16
302	6600	378	16
302	6800	389	15
302	7000	399	15
302	7200	408	14
302	7400	416	14
302	7600	424	14
302	7800	432	14
302	8000	439	14
302	8200	446	14
302	8400	452	14
302	8600	459	13
302	8800	465	13
302	9000	471	14
302	9200	476	14
302	9400	482	14
302	9600	487	14
302	9800	492	14
302	10000	498	14
303	6400	343	17
303	6600	357	16
303	6800	370	15
303	7000	381	15
303	7200	391	14
303	7400	400	14
303	7600	408	14
303	7800	417	13
303	8000	424	13
303	8200	431	13
303	8400	438	13
303	8600	445	13
303	8800	451	13
303	9000	458	13
303	9200	464	13
303	9400	469	13
303	9600	475	13
303	9800	480	13
303	10000	486	13
304	6600	334	16
304	6800	348	15
304	7000	361	14
304	7200	372	14
304	7400	383	14
304	7600	392	13
304	7800	401	13
304	8000	409	13
304	8200	417	13
304	8400	424	13
304	8600	431	13
304	8800	438	13
304	9000	444	12
304	9200	451	13
304	9400	457	13
304	9600	462	13
304	9800	468	13
304	10000	473	13
305	6600	305	16
305	6800	324	15
305	7000	340	14
305	7200	353	14
305	7400	364	13
305	7600	375	13
305	7800	384	13
305	8000	393	12
305	8200	402	12
305	8400	410	12
305	8600	417	12
305	8800	424	12
305	9000	431	12
305	9200	437	12
305	9400	444	12
305	9600	450	12
305	9800	456	12
305	10000	461	12
306	6800	295	15
306	7000	315	14
306	7200	331	13
306	7400	344	13
306	7600	356	12
306	7800	367	12
306	8000	377	12
306	8200	386	12
306	8400	394	12
306	8600	402	12
306	8800	410	12
306	9000	417	12
306	9200	424	12
306	9400	431	12
306	9600	437	12
306	9800	443	12
306	10000	449	12
307	7000	285	14
307	7200	306	13
307	7400	323	12
307	7600	337	12
307	7800	349	12
307	8000	360	12
307	8200	370	11
307	8400	379	11
307	8600	387	11
307	8800	396	11
307	9000	403	11
307	9200	410	11
307	9400	417	11
307	9600	424	11
307	9800	430	11
307	10000	437	11
308	7200	276	12
308	7400	298	12
308	7600	315	11
308	7800	329	11
308	8000	341	11
308	8200	352	11
308	8400	363	11
308	8600	372	11
308	8800	381	11
308	9000	389	11
308	9200	396	11
308	9400	404	11
308	9600	411	11
308	9800	418	11
308	10000	424	11
309	7200	226	17
309	7400	267	11
309	7600	290	11
309	7800	307	10
309	8000	322	10
309	8200	334	10
309	8400	346	10
309	8600	356	10
309	8800	365	10
309	9000	374	10
309	9200	382	10
309	9400	390	10
309	9600	397	10
309	9800	404	10
309	10000	411	10
309.521	7400	246	11
309.521	7600	275	10
309.521	7800	294.9	9.9
309.521	8000	310.8	9.9
309.521	8200	324.3	9.9
309.521	8400	336.3	9.8
309.521	8600	347.0	9.8
309.521	8800	356.9	9.8
309.521	9000	366.1	9.8
309.521	9200	374.6	9.8
309.521	9400	382.7	9.8
309.521	9600	390.3	9.8
309.521	9800	397.5	9.8
309.521	10000	404.4	9.9