Table: Density [L]
Temperature {K} 	Pressure {kPa} 	Density {kg/m^3} 	Uncertainty {kg/m^3} 
182.33	200	1238	21
182.33	400	1238	21
182.33	600	1238	21
182.33	800	1238	21
182.33	1000	1239	21
182.33	1200	1239	21
182.33	1400	1239	21
182.33	1600	1239	21
182.33	1800	1240	21
182.33	2000	1240	21
182.33	2200	1240	21
182.33	2400	1240	21
182.33	2600	1241	21
182.33	2800	1241	21
182.33	3000	1241	21
182.33	3200	1242	21
182.33	3400	1242	21
182.33	3600	1242	21
182.33	3800	1242	21
182.33	4000	1243	21
182.33	4200	1243	21
182.33	4400	1243	21
182.33	4600	1243	21
182.33	4800	1244	21
182.33	5000	1244	21
182.33	5200	1244	21
182.33	5400	1244	21
182.33	5600	1245	20
182.33	5800	1245	20
182.33	6000	1245	20
182.33	6200	1245	20
182.33	6400	1246	20
182.33	6600	1246	20
182.33	6800	1246	20
182.33	7000	1246	20
182.33	7200	1247	20
182.33	7400	1247	20
182.33	7600	1247	20
182.33	7800	1247	20
182.33	8000	1248	20
182.33	8200	1248	20
182.33	8400	1248	20
182.33	8600	1248	20
182.33	8800	1249	20
182.33	9000	1249	20
182.33	9200	1249	20
182.33	9400	1249	20
182.33	9600	1250	20
182.33	9800	1250	20
182.33	10000	1250	20
183    91.44    1220.996    0
183	200	1236	21
183	400	1236	21
183	600	1236	21
183	800	1236	21
183	1000	1237	21
183	1200	1237	21
183	1400	1237	21
183	1600	1237	21
183	1800	1238	21
183	2000	1238	21
183	2200	1238	20
183	2400	1239	20
183	2600	1239	20
183	2800	1239	20
183	3000	1239	20
183	3200	1240	20
183	3400	1240	20
183	3600	1240	20
183	3800	1240	20
183	4000	1241	20
183	4200	1241	20
183	4400	1241	20
183	4600	1241	20
183	4800	1242	20
183	5000	1242	20
183	5200	1242	20
183	5400	1242	20
183	5600	1243	20
183	5800	1243	20
183	6000	1243	20
183	6200	1243	20
183	6400	1244	20
183	6600	1244	20
183	6800	1244	20
183	7000	1245	20
183	7200	1245	20
183	7400	1245	20
183	7600	1245	20
183	7800	1246	20
183	8000	1246	20
183	8200	1246	20
183	8400	1246	20
183	8600	1247	20
183	8800	1247	20
183	9000	1247	20
183	9200	1247	20
183	9400	1248	20
183	9600	1248	20
183	9800	1248	20
183	10000	1248	20
184    97.202    1218.245    0
184	200	1233	20
184	400	1233	20
184	600	1233	20
184	800	1233	20
184	1000	1234	20
184	1200	1234	20
184	1400	1234	20
184	1600	1235	20
184	1800	1235	20
184	2000	1235	20
184	2200	1235	20
184	2400	1236	20
184	2600	1236	20
184	2800	1236	20
184	3000	1236	20
184	3200	1237	20
184	3400	1237	20
184	3600	1237	20
184	3800	1237	20
184	4000	1238	20
184	4200	1238	20
184	4400	1238	20
184	4600	1239	20
184	4800	1239	20
184	5000	1239	20
184	5200	1239	20
184	5400	1240	20
184	5600	1240	20
184	5800	1240	20
184	6000	1240	20
184	6200	1241	20
184	6400	1241	20
184	6600	1241	20
184	6800	1241	20
184	7000	1242	20
184	7200	1242	20
184	7400	1242	20
184	7600	1242	20
184	7800	1243	20
184	8000	1243	20
184	8200	1243	20
184	8400	1243	20
184	8600	1244	20
184	8800	1244	20
184	9000	1244	20
184	9200	1244	20
184	9400	1245	20
184	9600	1245	20
184	9800	1245	20
184	10000	1246	20
185    103.245    1215.486    0
185	200	1230	20
185	400	1230	20
185	600	1230	20
185	800	1230	20
185	1000	1231	20
185	1200	1231	20
185	1400	1231	20
185	1600	1232	20
185	1800	1232	20
185	2000	1232	20
185	2200	1232	20
185	2400	1233	20
185	2600	1233	20
185	2800	1233	20
185	3000	1234	20
185	3200	1234	20
185	3400	1234	20
185	3600	1234	20
185	3800	1235	20
185	4000	1235	20
185	4200	1235	20
185	4400	1235	20
185	4600	1236	20
185	4800	1236	20
185	5000	1236	20
185	5200	1236	20
185	5400	1237	20
185	5600	1237	20
185	5800	1237	20
185	6000	1238	20
185	6200	1238	20
185	6400	1238	20
185	6600	1238	20
185	6800	1239	20
185	7000	1239	20
185	7200	1239	20
185	7400	1239	20
185	7600	1240	20
185	7800	1240	20
185	8000	1240	20
185	8200	1240	20
185	8400	1241	20
185	8600	1241	20
185	8800	1241	20
185	9000	1241	20
185	9200	1242	20
185	9400	1242	20
185	9600	1242	20
185	9800	1242	20
185	10000	1243	20
186    109.58    1212.718    0
186	200	1227	20
186	400	1227	20
186	600	1227	20
186	800	1228	20
186	1000	1228	20
186	1200	1228	20
186	1400	1228	20
186	1600	1229	20
186	1800	1229	20
186	2000	1229	20
186	2200	1230	20
186	2400	1230	20
186	2600	1230	20
186	2800	1230	20
186	3000	1231	20
186	3200	1231	20
186	3400	1231	20
186	3600	1231	20
186	3800	1232	20
186	4000	1232	20
186	4200	1232	20
186	4400	1233	20
186	4600	1233	20
186	4800	1233	20
186	5000	1233	20
186	5200	1234	20
186	5400	1234	20
186	5600	1234	20
186	5800	1234	20
186	6000	1235	20
186	6200	1235	20
186	6400	1235	20
186	6600	1235	20
186	6800	1236	20
186	7000	1236	20
186	7200	1236	20
186	7400	1237	20
186	7600	1237	20
186	7800	1237	20
186	8000	1237	20
186	8200	1238	20
186	8400	1238	20
186	8600	1238	20
186	8800	1238	20
186	9000	1239	20
186	9200	1239	20
186	9400	1239	20
186	9600	1239	20
186	9800	1240	20
186	10000	1240	20
187    116.216    1209.94    0
187	200	1224	20
187	400	1224	20
187	600	1224	20
187	800	1225	20
187	1000	1225	20
187	1200	1225	20
187	1400	1225	20
187	1600	1226	20
187	1800	1226	20
187	2000	1226	20
187	2200	1227	20
187	2400	1227	20
187	2600	1227	20
187	2800	1227	20
187	3000	1228	20
187	3200	1228	20
187	3400	1228	20
187	3600	1229	20
187	3800	1229	20
187	4000	1229	20
187	4200	1229	20
187	4400	1230	20
187	4600	1230	20
187	4800	1230	20
187	5000	1230	20
187	5200	1231	20
187	5400	1231	20
187	5600	1231	20
187	5800	1232	19
187	6000	1232	19
187	6200	1232	19
187	6400	1232	19
187	6600	1233	19
187	6800	1233	19
187	7000	1233	19
187	7200	1233	19
187	7400	1234	19
187	7600	1234	19
187	7800	1234	19
187	8000	1235	19
187	8200	1235	19
187	8400	1235	19
187	8600	1235	19
187	8800	1236	19
187	9000	1236	19
187	9200	1236	19
187	9400	1236	19
187	9600	1237	19
187	9800	1237	19
187	10000	1237	19
188    123.163    1207.153    0
188	200	1221	20
188	400	1221	20
188	600	1221	20
188	800	1222	20
188	1000	1222	19
188	1200	1222	19
188	1400	1223	19
188	1600	1223	19
188	1800	1223	19
188	2000	1223	19
188	2200	1224	19
188	2400	1224	19
188	2600	1224	19
188	2800	1224	19
188	3000	1225	19
188	3200	1225	19
188	3400	1225	19
188	3600	1226	19
188	3800	1226	19
188	4000	1226	19
188	4200	1226	19
188	4400	1227	19
188	4600	1227	19
188	4800	1227	19
188	5000	1228	19
188	5200	1228	19
188	5400	1228	19
188	5600	1228	19
188	5800	1229	19
188	6000	1229	19
188	6200	1229	19
188	6400	1230	19
188	6600	1230	19
188	6800	1230	19
188	7000	1230	19
188	7200	1231	19
188	7400	1231	19
188	7600	1231	19
188	7800	1231	19
188	8000	1232	19
188	8200	1232	19
188	8400	1232	19
188	8600	1232	19
188	8800	1233	19
188	9000	1233	19
188	9200	1233	19
188	9400	1234	19
188	9600	1234	19
188	9800	1234	19
188	10000	1234	19
189    130.43    1204.357    0
189	200	1218	19
189	400	1218	19
189	600	1218	19
189	800	1219	19
189	1000	1219	19
189	1200	1219	19
189	1400	1220	19
189	1600	1220	19
189	1800	1220	19
189	2000	1220	19
189	2200	1221	19
189	2400	1221	19
189	2600	1221	19
189	2800	1222	19
189	3000	1222	19
189	3200	1222	19
189	3400	1222	19
189	3600	1223	19
189	3800	1223	19
189	4000	1223	19
189	4200	1224	19
189	4400	1224	19
189	4600	1224	19
189	4800	1224	19
189	5000	1225	19
189	5200	1225	19
189	5400	1225	19
189	5600	1226	19
189	5800	1226	19
189	6000	1226	19
189	6200	1226	19
189	6400	1227	19
189	6600	1227	19
189	6800	1227	19
189	7000	1227	19
189	7200	1228	19
189	7400	1228	19
189	7600	1228	19
189	7800	1229	19
189	8000	1229	19
189	8200	1229	19
189	8400	1229	19
189	8600	1230	19
189	8800	1230	19
189	9000	1230	19
189	9200	1230	19
189	9400	1231	19
189	9600	1231	19
189	9800	1231	19
189	10000	1232	19
190    138.027    1201.552    0
190	200	1215	19
190	400	1215	19
190	600	1215	19
190	800	1216	19
190	1000	1216	19
190	1200	1216	19
190	1400	1217	19
190	1600	1217	19
190	1800	1217	19
190	2000	1217	19
190	2200	1218	19
190	2400	1218	19
190	2600	1218	19
190	2800	1219	19
190	3000	1219	19
190	3200	1219	19
190	3400	1219	19
190	3600	1220	19
190	3800	1220	19
190	4000	1220	19
190	4200	1221	19
190	4400	1221	19
190	4600	1221	19
190	4800	1222	19
190	5000	1222	19
190	5200	1222	19
190	5400	1222	19
190	5600	1223	19
190	5800	1223	19
190	6000	1223	19
190	6200	1223	19
190	6400	1224	19
190	6600	1224	19
190	6800	1224	19
190	7000	1225	19
190	7200	1225	19
190	7400	1225	19
190	7600	1225	19
190	7800	1226	19
190	8000	1226	19
190	8200	1226	19
190	8400	1227	19
190	8600	1227	19
190	8800	1227	19
190	9000	1227	19
190	9200	1228	19
190	9400	1228	19
190	9600	1228	19
190	9800	1228	19
190	10000	1229	19
191    145.966    1198.736    0
191	200	1212	19
191	400	1212	19
191	600	1212	19
191	800	1213	19
191	1000	1213	19
191	1200	1213	19
191	1400	1214	19
191	1600	1214	19
191	1800	1214	19
191	2000	1214	19
191	2200	1215	19
191	2400	1215	19
191	2600	1215	19
191	2800	1216	19
191	3000	1216	19
191	3200	1216	19
191	3400	1217	19
191	3600	1217	19
191	3800	1217	19
191	4000	1217	19
191	4200	1218	19
191	4400	1218	19
191	4600	1218	19
191	4800	1219	19
191	5000	1219	19
191	5200	1219	19
191	5400	1219	19
191	5600	1220	19
191	5800	1220	19
191	6000	1220	19
191	6200	1221	19
191	6400	1221	19
191	6600	1221	19
191	6800	1221	19
191	7000	1222	19
191	7200	1222	19
191	7400	1222	19
191	7600	1223	19
191	7800	1223	19
191	8000	1223	19
191	8200	1223	19
191	8400	1224	19
191	8600	1224	19
191	8800	1224	19
191	9000	1225	19
191	9200	1225	19
191	9400	1225	19
191	9600	1225	19
191	9800	1226	19
191	10000	1226	19
192    154.255    1195.911    0
192	200	1209	19
192	400	1209	19
192	600	1209	19
192	800	1210	19
192	1000	1210	19
192	1200	1210	19
192	1400	1211	19
192	1600	1211	19
192	1800	1211	19
192	2000	1212	19
192	2200	1212	19
192	2400	1212	19
192	2600	1212	19
192	2800	1213	19
192	3000	1213	19
192	3200	1213	19
192	3400	1214	19
192	3600	1214	19
192	3800	1214	19
192	4000	1214	19
192	4200	1215	18
192	4400	1215	18
192	4600	1215	18
192	4800	1216	18
192	5000	1216	18
192	5200	1216	18
192	5400	1217	18
192	5600	1217	18
192	5800	1217	18
192	6000	1217	18
192	6200	1218	18
192	6400	1218	18
192	6600	1218	18
192	6800	1219	18
192	7000	1219	18
192	7200	1219	18
192	7400	1219	18
192	7600	1220	18
192	7800	1220	18
192	8000	1220	18
192	8200	1221	18
192	8400	1221	18
192	8600	1221	18
192	8800	1221	18
192	9000	1222	18
192	9200	1222	18
192	9400	1222	18
192	9600	1223	18
192	9800	1223	18
192	10000	1223	18
193    162.905    1193.076    0
193	200	1206	18
193	400	1206	18
193	600	1206	18
193	800	1207	18
193	1000	1207	18
193	1200	1207	18
193	1400	1208	18
193	1600	1208	18
193	1800	1208	18
193	2000	1209	18
193	2200	1209	18
193	2400	1209	18
193	2600	1209	18
193	2800	1210	18
193	3000	1210	18
193	3200	1210	18
193	3400	1211	18
193	3600	1211	18
193	3800	1211	18
193	4000	1212	18
193	4200	1212	18
193	4400	1212	18
193	4600	1212	18
193	4800	1213	18
193	5000	1213	18
193	5200	1213	18
193	5400	1214	18
193	5600	1214	18
193	5800	1214	18
193	6000	1215	18
193	6200	1215	18
193	6400	1215	18
193	6600	1215	18
193	6800	1216	18
193	7000	1216	18
193	7200	1216	18
193	7400	1217	18
193	7600	1217	18
193	7800	1217	18
193	8000	1217	18
193	8200	1218	18
193	8400	1218	18
193	8600	1218	18
193	8800	1219	18
193	9000	1219	18
193	9200	1219	18
193	9400	1219	18
193	9600	1220	18
193	9800	1220	18
193	10000	1220	18
194    171.927    1190.231    0
194	200	1203	18
194	400	1203	18
194	600	1203	18
194	800	1204	18
194	1000	1204	18
194	1200	1204	18
194	1400	1205	18
194	1600	1205	18
194	1800	1205	18
194	2000	1206	18
194	2200	1206	18
194	2400	1206	18
194	2600	1206	18
194	2800	1207	18
194	3000	1207	18
194	3200	1207	18
194	3400	1208	18
194	3600	1208	18
194	3800	1208	18
194	4000	1209	18
194	4200	1209	18
194	4400	1209	18
194	4600	1210	18
194	4800	1210	18
194	5000	1210	18
194	5200	1210	18
194	5400	1211	18
194	5600	1211	18
194	5800	1211	18
194	6000	1212	18
194	6200	1212	18
194	6400	1212	18
194	6600	1212	18
194	6800	1213	18
194	7000	1213	18
194	7200	1213	18
194	7400	1214	18
194	7600	1214	18
194	7800	1214	18
194	8000	1215	18
194	8200	1215	18
194	8400	1215	18
194	8600	1215	18
194	8800	1216	18
194	9000	1216	18
194	9200	1216	18
194	9400	1217	18
194	9600	1217	18
194	9800	1217	18
194	10000	1217	18
195    181.331    1187.376    0
195	200	1200	18
195	400	1200	18
195	600	1200	18
195	800	1201	18
195	1000	1201	18
195	1200	1201	18
195	1400	1202	18
195	1600	1202	18
195	1800	1202	18
195	2000	1203	18
195	2200	1203	18
195	2400	1203	18
195	2600	1203	18
195	2800	1204	18
195	3000	1204	18
195	3200	1204	18
195	3400	1205	18
195	3600	1205	18
195	3800	1205	18
195	4000	1206	18
195	4200	1206	18
195	4400	1206	18
195	4600	1207	18
195	4800	1207	18
195	5000	1207	18
195	5200	1207	18
195	5400	1208	18
195	5600	1208	18
195	5800	1208	18
195	6000	1209	18
195	6200	1209	18
195	6400	1209	18
195	6600	1210	18
195	6800	1210	18
195	7000	1210	18
195	7200	1210	18
195	7400	1211	18
195	7600	1211	18
195	7800	1211	18
195	8000	1212	18
195	8200	1212	18
195	8400	1212	18
195	8600	1213	18
195	8800	1213	18
195	9000	1213	18
195	9200	1213	18
195	9400	1214	18
195	9600	1214	18
195	9800	1214	18
195	10000	1215	18
196    191.128    1184.51    0
196	200	1197	18
196	400	1197	18
196	600	1197	18
196	800	1198	18
196	1000	1198	18
196	1200	1198	18
196	1400	1199	18
196	1600	1199	18
196	1800	1199	18
196	2000	1200	18
196	2200	1200	18
196	2400	1200	18
196	2600	1200	18
196	2800	1201	18
196	3000	1201	18
196	3200	1201	18
196	3400	1202	18
196	3600	1202	18
196	3800	1202	18
196	4000	1203	18
196	4200	1203	18
196	4400	1203	18
196	4600	1204	18
196	4800	1204	18
196	5000	1204	18
196	5200	1205	18
196	5400	1205	18
196	5600	1205	18
196	5800	1205	18
196	6000	1206	18
196	6200	1206	18
196	6400	1206	18
196	6600	1207	18
196	6800	1207	18
196	7000	1207	18
196	7200	1208	18
196	7400	1208	18
196	7600	1208	18
196	7800	1208	18
196	8000	1209	18
196	8200	1209	18
196	8400	1209	18
196	8600	1210	17
196	8800	1210	17
196	9000	1210	17
196	9200	1211	17
196	9400	1211	17
196	9600	1211	17
196	9800	1211	17
196	10000	1212	17
197    201.329    1181.634    0
197	400	1194	18
197	600	1194	18
197	800	1195	18
197	1000	1195	18
197	1200	1195	18
197	1400	1196	18
197	1600	1196	18
197	1800	1196	18
197	2000	1197	18
197	2200	1197	18
197	2400	1197	18
197	2600	1197	18
197	2800	1198	18
197	3000	1198	18
197	3200	1198	17
197	3400	1199	17
197	3600	1199	17
197	3800	1199	17
197	4000	1200	17
197	4200	1200	17
197	4400	1200	17
197	4600	1201	17
197	4800	1201	17
197	5000	1201	17
197	5200	1202	17
197	5400	1202	17
197	5600	1202	17
197	5800	1203	17
197	6000	1203	17
197	6200	1203	17
197	6400	1203	17
197	6600	1204	17
197	6800	1204	17
197	7000	1204	17
197	7200	1205	17
197	7400	1205	17
197	7600	1205	17
197	7800	1206	17
197	8000	1206	17
197	8200	1206	17
197	8400	1206	17
197	8600	1207	17
197	8800	1207	17
197	9000	1207	17
197	9200	1208	17
197	9400	1208	17
197	9600	1208	17
197	9800	1209	17
197	10000	1209	17
198    211.944    1178.747    0
198	400	1191	17
198	600	1191	17
198	800	1192	17
198	1000	1192	17
198	1200	1192	17
198	1400	1192	17
198	1600	1193	17
198	1800	1193	17
198	2000	1193	17
198	2200	1194	17
198	2400	1194	17
198	2600	1194	17
198	2800	1195	17
198	3000	1195	17
198	3200	1195	17
198	3400	1196	17
198	3600	1196	17
198	3800	1196	17
198	4000	1197	17
198	4200	1197	17
198	4400	1197	17
198	4600	1198	17
198	4800	1198	17
198	5000	1198	17
198	5200	1199	17
198	5400	1199	17
198	5600	1199	17
198	5800	1200	17
198	6000	1200	17
198	6200	1200	17
198	6400	1200	17
198	6600	1201	17
198	6800	1201	17
198	7000	1201	17
198	7200	1202	17
198	7400	1202	17
198	7600	1202	17
198	7800	1203	17
198	8000	1203	17
198	8200	1203	17
198	8400	1204	17
198	8600	1204	17
198	8800	1204	17
198	9000	1204	17
198	9200	1205	17
198	9400	1205	17
198	9600	1205	17
198	9800	1206	17
198	10000	1206	17
199    222.985    1175.849    0
199	400	1188	17
199	600	1188	17
199	800	1188	17
199	1000	1189	17
199	1200	1189	17
199	1400	1189	17
199	1600	1190	17
199	1800	1190	17
199	2000	1190	17
199	2200	1191	17
199	2400	1191	17
199	2600	1191	17
199	2800	1192	17
199	3000	1192	17
199	3200	1192	17
199	3400	1193	17
199	3600	1193	17
199	3800	1193	17
199	4000	1194	17
199	4200	1194	17
199	4400	1194	17
199	4600	1195	17
199	4800	1195	17
199	5000	1195	17
199	5200	1196	17
199	5400	1196	17
199	5600	1196	17
199	5800	1197	17
199	6000	1197	17
199	6200	1197	17
199	6400	1198	17
199	6600	1198	17
199	6800	1198	17
199	7000	1198	17
199	7200	1199	17
199	7400	1199	17
199	7600	1199	17
199	7800	1200	17
199	8000	1200	17
199	8200	1200	17
199	8400	1201	17
199	8600	1201	17
199	8800	1201	17
199	9000	1202	17
199	9200	1202	17
199	9400	1202	17
199	9600	1202	17
199	9800	1203	17
199	10000	1203	17
200    234.464    1172.94    0
200	400	1185	17
200	600	1185	17
200	800	1185	17
200	1000	1186	17
200	1200	1186	17
200	1400	1186	17
200	1600	1187	17
200	1800	1187	17
200	2000	1187	17
200	2200	1188	17
200	2400	1188	17
200	2600	1188	17
200	2800	1189	17
200	3000	1189	17
200	3200	1189	17
200	3400	1190	17
200	3600	1190	17
200	3800	1190	17
200	4000	1191	17
200	4200	1191	17
200	4400	1191	17
200	4600	1192	17
200	4800	1192	17
200	5000	1192	17
200	5200	1193	17
200	5400	1193	17
200	5600	1193	17
200	5800	1194	17
200	6000	1194	17
200	6200	1194	17
200	6400	1195	17
200	6600	1195	17
200	6800	1195	17
200	7000	1196	17
200	7200	1196	17
200	7400	1196	17
200	7600	1196	17
200	7800	1197	17
200	8000	1197	17
200	8200	1197	17
200	8400	1198	17
200	8600	1198	17
200	8800	1198	17
200	9000	1199	17
200	9200	1199	17
200	9400	1199	17
200	9600	1200	17
200	9800	1200	17
200	10000	1200	17
201    246.39    1170.02    0
201	400	1182	17
201	600	1182	17
201	800	1182	17
201	1000	1183	17
201	1200	1183	17
201	1400	1183	17
201	1600	1184	17
201	1800	1184	17
201	2000	1184	17
201	2200	1185	17
201	2400	1185	17
201	2600	1185	17
201	2800	1186	17
201	3000	1186	17
201	3200	1186	17
201	3400	1187	17
201	3600	1187	17
201	3800	1187	17
201	4000	1188	17
201	4200	1188	17
201	4400	1188	17
201	4600	1189	17
201	4800	1189	17
201	5000	1189	17
201	5200	1190	17
201	5400	1190	17
201	5600	1190	17
201	5800	1191	17
201	6000	1191	17
201	6200	1191	17
201	6400	1192	17
201	6600	1192	17
201	6800	1192	17
201	7000	1193	17
201	7200	1193	16
201	7400	1193	16
201	7600	1194	16
201	7800	1194	16
201	8000	1194	16
201	8200	1194	16
201	8400	1195	16
201	8600	1195	16
201	8800	1195	16
201	9000	1196	16
201	9200	1196	16
201	9400	1196	16
201	9600	1197	16
201	9800	1197	16
201	10000	1197	16
202    258.775    1167.089    0
202	400	1178	17
202	600	1179	17
202	800	1179	17
202	1000	1180	17
202	1200	1180	17
202	1400	1180	17
202	1600	1181	17
202	1800	1181	17
202	2000	1181	17
202	2200	1182	17
202	2400	1182	16
202	2600	1182	16
202	2800	1183	16
202	3000	1183	16
202	3200	1183	16
202	3400	1184	16
202	3600	1184	16
202	3800	1184	16
202	4000	1185	16
202	4200	1185	16
202	4400	1185	16
202	4600	1186	16
202	4800	1186	16
202	5000	1186	16
202	5200	1187	16
202	5400	1187	16
202	5600	1187	16
202	5800	1188	16
202	6000	1188	16
202	6200	1188	16
202	6400	1189	16
202	6600	1189	16
202	6800	1189	16
202	7000	1190	16
202	7200	1190	16
202	7400	1190	16
202	7600	1191	16
202	7800	1191	16
202	8000	1191	16
202	8200	1192	16
202	8400	1192	16
202	8600	1192	16
202	8800	1193	16
202	9000	1193	16
202	9200	1193	16
202	9400	1193	16
202	9600	1194	16
202	9800	1194	16
202	10000	1194	16
203    271.632    1164.145    0
203	400	1175	16
203	600	1176	16
203	800	1176	16
203	1000	1176	16
203	1200	1177	16
203	1400	1177	16
203	1600	1177	16
203	1800	1178	16
203	2000	1178	16
203	2200	1179	16
203	2400	1179	16
203	2600	1179	16
203	2800	1180	16
203	3000	1180	16
203	3200	1180	16
203	3400	1181	16
203	3600	1181	16
203	3800	1181	16
203	4000	1182	16
203	4200	1182	16
203	4400	1182	16
203	4600	1183	16
203	4800	1183	16
203	5000	1183	16
203	5200	1184	16
203	5400	1184	16
203	5600	1184	16
203	5800	1185	16
203	6000	1185	16
203	6200	1185	16
203	6400	1186	16
203	6600	1186	16
203	6800	1186	16
203	7000	1187	16
203	7200	1187	16
203	7400	1187	16
203	7600	1188	16
203	7800	1188	16
203	8000	1188	16
203	8200	1189	16
203	8400	1189	16
203	8600	1189	16
203	8800	1190	16
203	9000	1190	16
203	9200	1190	16
203	9400	1191	16
203	9600	1191	16
203	9800	1191	16
203	10000	1191	16
204    284.971    1161.191    0
204	400	1172	16
204	600	1173	16
204	800	1173	16
204	1000	1173	16
204	1200	1174	16
204	1400	1174	16
204	1600	1174	16
204	1800	1175	16
204	2000	1175	16
204	2200	1175	16
204	2400	1176	16
204	2600	1176	16
204	2800	1176	16
204	3000	1177	16
204	3200	1177	16
204	3400	1178	16
204	3600	1178	16
204	3800	1178	16
204	4000	1179	16
204	4200	1179	16
204	4400	1179	16
204	4600	1180	16
204	4800	1180	16
204	5000	1180	16
204	5200	1181	16
204	5400	1181	16
204	5600	1181	16
204	5800	1182	16
204	6000	1182	16
204	6200	1182	16
204	6400	1183	16
204	6600	1183	16
204	6800	1183	16
204	7000	1184	16
204	7200	1184	16
204	7400	1184	16
204	7600	1185	16
204	7800	1185	16
204	8000	1185	16
204	8200	1186	16
204	8400	1186	16
204	8600	1186	16
204	8800	1187	16
204	9000	1187	16
204	9200	1187	16
204	9400	1188	16
204	9600	1188	16
204	9800	1188	16
204	10000	1189	16
205    298.804    1158.224    0
205	400	1169	16
205	600	1169	16
205	800	1170	16
205	1000	1170	16
205	1200	1170	16
205	1400	1171	16
205	1600	1171	16
205	1800	1172	16
205	2000	1172	16
205	2200	1172	16
205	2400	1173	16
205	2600	1173	16
205	2800	1173	16
205	3000	1174	16
205	3200	1174	16
205	3400	1174	16
205	3600	1175	16
205	3800	1175	16
205	4000	1176	16
205	4200	1176	16
205	4400	1176	16
205	4600	1177	16
205	4800	1177	16
205	5000	1177	16
205	5200	1178	16
205	5400	1178	16
205	5600	1178	16
205	5800	1179	16
205	6000	1179	16
205	6200	1179	16
205	6400	1180	16
205	6600	1180	16
205	6800	1180	16
205	7000	1181	16
205	7200	1181	16
205	7400	1181	16
205	7600	1182	16
205	7800	1182	16
205	8000	1182	16
205	8200	1183	16
205	8400	1183	16
205	8600	1183	16
205	8800	1184	16
205	9000	1184	16
205	9200	1184	16
205	9400	1185	16
205	9600	1185	16
205	9800	1185	16
205	10000	1186	16
206    313.143    1155.244    0
206	400	1166	16
206	600	1166	16
206	800	1167	16
206	1000	1167	16
206	1200	1167	16
206	1400	1168	16
206	1600	1168	16
206	1800	1168	16
206	2000	1169	16
206	2200	1169	16
206	2400	1170	16
206	2600	1170	16
206	2800	1170	16
206	3000	1171	16
206	3200	1171	16
206	3400	1171	16
206	3600	1172	16
206	3800	1172	16
206	4000	1172	16
206	4200	1173	16
206	4400	1173	16
206	4600	1174	16
206	4800	1174	16
206	5000	1174	16
206	5200	1175	16
206	5400	1175	16
206	5600	1175	16
206	5800	1176	16
206	6000	1176	16
206	6200	1176	15
206	6400	1177	15
206	6600	1177	15
206	6800	1177	15
206	7000	1178	15
206	7200	1178	15
206	7400	1178	15
206	7600	1179	15
206	7800	1179	15
206	8000	1179	15
206	8200	1180	15
206	8400	1180	15
206	8600	1180	15
206	8800	1181	15
206	9000	1181	15
206	9200	1181	15
206	9400	1182	15
206	9600	1182	15
206	9800	1182	15
206	10000	1183	15
207    328    1152.253    0
207	400	1163	16
207	600	1163	16
207	800	1163	16
207	1000	1164	16
207	1200	1164	16
207	1400	1165	16
207	1600	1165	16
207	1800	1165	16
207	2000	1166	15
207	2200	1166	15
207	2400	1166	15
207	2600	1167	15
207	2800	1167	15
207	3000	1168	15
207	3200	1168	15
207	3400	1168	15
207	3600	1169	15
207	3800	1169	15
207	4000	1169	15
207	4200	1170	15
207	4400	1170	15
207	4600	1170	15
207	4800	1171	15
207	5000	1171	15
207	5200	1172	15
207	5400	1172	15
207	5600	1172	15
207	5800	1173	15
207	6000	1173	15
207	6200	1173	15
207	6400	1174	15
207	6600	1174	15
207	6800	1174	15
207	7000	1175	15
207	7200	1175	15
207	7400	1175	15
207	7600	1176	15
207	7800	1176	15
207	8000	1176	15
207	8200	1177	15
207	8400	1177	15
207	8600	1177	15
207	8800	1178	15
207	9000	1178	15
207	9200	1178	15
207	9400	1179	15
207	9600	1179	15
207	9800	1179	15
207	10000	1180	15
208    343.386    1149.249    0
208	400	1159	15
208	600	1160	15
208	800	1160	15
208	1000	1161	15
208	1200	1161	15
208	1400	1161	15
208	1600	1162	15
208	1800	1162	15
208	2000	1163	15
208	2200	1163	15
208	2400	1163	15
208	2600	1164	15
208	2800	1164	15
208	3000	1164	15
208	3200	1165	15
208	3400	1165	15
208	3600	1166	15
208	3800	1166	15
208	4000	1166	15
208	4200	1167	15
208	4400	1167	15
208	4600	1167	15
208	4800	1168	15
208	5000	1168	15
208	5200	1168	15
208	5400	1169	15
208	5600	1169	15
208	5800	1170	15
208	6000	1170	15
208	6200	1170	15
208	6400	1171	15
208	6600	1171	15
208	6800	1171	15
208	7000	1172	15
208	7200	1172	15
208	7400	1172	15
208	7600	1173	15
208	7800	1173	15
208	8000	1173	15
208	8200	1174	15
208	8400	1174	15
208	8600	1174	15
208	8800	1175	15
208	9000	1175	15
208	9200	1175	15
208	9400	1176	15
208	9600	1176	15
208	9800	1176	15
208	10000	1177	15
209    359.314    1146.232    0
209	400	1156	15
209	600	1157	15
209	800	1157	15
209	1000	1157	15
209	1200	1158	15
209	1400	1158	15
209	1600	1159	15
209	1800	1159	15
209	2000	1159	15
209	2200	1160	15
209	2400	1160	15
209	2600	1161	15
209	2800	1161	15
209	3000	1161	15
209	3200	1162	15
209	3400	1162	15
209	3600	1162	15
209	3800	1163	15
209	4000	1163	15
209	4200	1164	15
209	4400	1164	15
209	4600	1164	15
209	4800	1165	15
209	5000	1165	15
209	5200	1165	15
209	5400	1166	15
209	5600	1166	15
209	5800	1166	15
209	6000	1167	15
209	6200	1167	15
209	6400	1168	15
209	6600	1168	15
209	6800	1168	15
209	7000	1169	15
209	7200	1169	15
209	7400	1169	15
209	7600	1170	15
209	7800	1170	15
209	8000	1170	15
209	8200	1171	15
209	8400	1171	15
209	8600	1171	15
209	8800	1172	15
209	9000	1172	15
209	9200	1172	15
209	9400	1173	15
209	9600	1173	15
209	9800	1174	15
209	10000	1174	15
210    375.796    1143.202    0
210	400	1153	15
210	600	1153	15
210	800	1154	15
210	1000	1154	15
210	1200	1155	15
210	1400	1155	15
210	1600	1155	15
210	1800	1156	15
210	2000	1156	15
210	2200	1157	15
210	2400	1157	15
210	2600	1157	15
210	2800	1158	15
210	3000	1158	15
210	3200	1159	15
210	3400	1159	15
210	3600	1159	15
210	3800	1160	15
210	4000	1160	15
210	4200	1160	15
210	4400	1161	15
210	4600	1161	15
210	4800	1162	15
210	5000	1162	15
210	5200	1162	15
210	5400	1163	15
210	5600	1163	15
210	5800	1163	15
210	6000	1164	15
210	6200	1164	15
210	6400	1164	15
210	6600	1165	15
210	6800	1165	15
210	7000	1166	15
210	7200	1166	15
210	7400	1166	15
210	7600	1167	15
210	7800	1167	15
210	8000	1167	15
210	8200	1168	15
210	8400	1168	15
210	8600	1168	15
210	8800	1169	15
210	9000	1169	15
210	9200	1169	15
210	9400	1170	15
210	9600	1170	15
210	9800	1171	15
210	10000	1171	15
211    392.844    1140.159    0
211	400	1150	15
211	600	1150	15
211	800	1151	15
211	1000	1151	15
211	1200	1151	15
211	1400	1152	15
211	1600	1152	15
211	1800	1153	15
211	2000	1153	15
211	2200	1153	15
211	2400	1154	15
211	2600	1154	15
211	2800	1155	15
211	3000	1155	15
211	3200	1155	15
211	3400	1156	15
211	3600	1156	15
211	3800	1157	15
211	4000	1157	15
211	4200	1157	15
211	4400	1158	15
211	4600	1158	15
211	4800	1158	15
211	5000	1159	15
211	5200	1159	15
211	5400	1160	15
211	5600	1160	14
211	5800	1160	14
211	6000	1161	14
211	6200	1161	14
211	6400	1161	14
211	6600	1162	14
211	6800	1162	14
211	7000	1163	14
211	7200	1163	14
211	7400	1163	14
211	7600	1164	14
211	7800	1164	14
211	8000	1164	14
211	8200	1165	14
211	8400	1165	14
211	8600	1165	14
211	8800	1166	14
211	9000	1166	14
211	9200	1166	14
211	9400	1167	14
211	9600	1167	14
211	9800	1168	14
211	10000	1168	14
212    410.47    1137.102    0
212	600	1147	15
212	800	1147	15
212	1000	1148	15
212	1200	1148	15
212	1400	1149	15
212	1600	1149	15
212	1800	1149	14
212	2000	1150	14
212	2200	1150	14
212	2400	1151	14
212	2600	1151	14
212	2800	1151	14
212	3000	1152	14
212	3200	1152	14
212	3400	1153	14
212	3600	1153	14
212	3800	1153	14
212	4000	1154	14
212	4200	1154	14
212	4400	1155	14
212	4600	1155	14
212	4800	1155	14
212	5000	1156	14
212	5200	1156	14
212	5400	1156	14
212	5600	1157	14
212	5800	1157	14
212	6000	1158	14
212	6200	1158	14
212	6400	1158	14
212	6600	1159	14
212	6800	1159	14
212	7000	1159	14
212	7200	1160	14
212	7400	1160	14
212	7600	1161	14
212	7800	1161	14
212	8000	1161	14
212	8200	1162	14
212	8400	1162	14
212	8600	1162	14
212	8800	1163	14
212	9000	1163	14
212	9200	1163	14
212	9400	1164	14
212	9600	1164	14
212	9800	1165	14
212	10000	1165	14
213    428.686    1134.031    0
213	600	1144	14
213	800	1144	14
213	1000	1145	14
213	1200	1145	14
213	1400	1145	14
213	1600	1146	14
213	1800	1146	14
213	2000	1147	14
213	2200	1147	14
213	2400	1147	14
213	2600	1148	14
213	2800	1148	14
213	3000	1149	14
213	3200	1149	14
213	3400	1149	14
213	3600	1150	14
213	3800	1150	14
213	4000	1151	14
213	4200	1151	14
213	4400	1151	14
213	4600	1152	14
213	4800	1152	14
213	5000	1153	14
213	5200	1153	14
213	5400	1153	14
213	5600	1154	14
213	5800	1154	14
213	6000	1154	14
213	6200	1155	14
213	6400	1155	14
213	6600	1156	14
213	6800	1156	14
213	7000	1156	14
213	7200	1157	14
213	7400	1157	14
213	7600	1158	14
213	7800	1158	14
213	8000	1158	14
213	8200	1159	14
213	8400	1159	14
213	8600	1159	14
213	8800	1160	14
213	9000	1160	14
213	9200	1160	14
213	9400	1161	14
213	9600	1161	14
213	9800	1162	14
213	10000	1162	14
214    447.506    1130.947    0
214	600	1140	14
214	800	1141	14
214	1000	1141	14
214	1200	1142	14
214	1400	1142	14
214	1600	1143	14
214	1800	1143	14
214	2000	1143	14
214	2200	1144	14
214	2400	1144	14
214	2600	1145	14
214	2800	1145	14
214	3000	1145	14
214	3200	1146	14
214	3400	1146	14
214	3600	1147	14
214	3800	1147	14
214	4000	1147	14
214	4200	1148	14
214	4400	1148	14
214	4600	1149	14
214	4800	1149	14
214	5000	1149	14
214	5200	1150	14
214	5400	1150	14
214	5600	1151	14
214	5800	1151	14
214	6000	1151	14
214	6200	1152	14
214	6400	1152	14
214	6600	1153	14
214	6800	1153	14
214	7000	1153	14
214	7200	1154	14
214	7400	1154	14
214	7600	1154	14
214	7800	1155	14
214	8000	1155	14
214	8200	1156	14
214	8400	1156	14
214	8600	1156	14
214	8800	1157	14
214	9000	1157	14
214	9200	1157	14
214	9400	1158	14
214	9600	1158	14
214	9800	1159	14
214	10000	1159	14
215    466.941    1127.848    0
215	600	1137	14
215	800	1138	14
215	1000	1138	14
215	1200	1138	14
215	1400	1139	14
215	1600	1139	14
215	1800	1140	14
215	2000	1140	14
215	2200	1141	14
215	2400	1141	14
215	2600	1141	14
215	2800	1142	14
215	3000	1142	14
215	3200	1143	14
215	3400	1143	14
215	3600	1143	14
215	3800	1144	14
215	4000	1144	14
215	4200	1145	14
215	4400	1145	14
215	4600	1145	14
215	4800	1146	14
215	5000	1146	14
215	5200	1147	14
215	5400	1147	14
215	5600	1147	14
215	5800	1148	14
215	6000	1148	14
215	6200	1149	14
215	6400	1149	14
215	6600	1149	14
215	6800	1150	14
215	7000	1150	14
215	7200	1151	14
215	7400	1151	14
215	7600	1151	14
215	7800	1152	14
215	8000	1152	14
215	8200	1153	14
215	8400	1153	14
215	8600	1153	14
215	8800	1154	14
215	9000	1154	14
215	9200	1154	14
215	9400	1155	14
215	9600	1155	14
215	9800	1156	14
215	10000	1156	14
216    487.004    1124.735    0
216	600	1134	14
216	800	1134	14
216	1000	1135	14
216	1200	1135	14
216	1400	1136	14
216	1600	1136	14
216	1800	1136	14
216	2000	1137	14
216	2200	1137	14
216	2400	1138	14
216	2600	1138	14
216	2800	1139	14
216	3000	1139	14
216	3200	1139	14
216	3400	1140	14
216	3600	1140	14
216	3800	1141	14
216	4000	1141	14
216	4200	1141	14
216	4400	1142	14
216	4600	1142	14
216	4800	1143	14
216	5000	1143	14
216	5200	1143	13
216	5400	1144	13
216	5600	1144	13
216	5800	1145	13
216	6000	1145	13
216	6200	1145	13
216	6400	1146	13
216	6600	1146	13
216	6800	1147	13
216	7000	1147	13
216	7200	1147	13
216	7400	1148	13
216	7600	1148	13
216	7800	1149	13
216	8000	1149	13
216	8200	1149	13
216	8400	1150	13
216	8600	1150	13
216	8800	1151	13
216	9000	1151	13
216	9200	1151	13
216	9400	1152	13
216	9600	1152	13
216	9800	1152	13
216	10000	1153	13
217    507.708    1121.607    0
217	600	1130	14
217	800	1131	14
217	1000	1131	14
217	1200	1132	14
217	1400	1132	14
217	1600	1133	14
217	1800	1133	13
217	2000	1134	13
217	2200	1134	13
217	2400	1134	13
217	2600	1135	13
217	2800	1135	13
217	3000	1136	13
217	3200	1136	13
217	3400	1137	13
217	3600	1137	13
217	3800	1137	13
217	4000	1138	13
217	4200	1138	13
217	4400	1139	13
217	4600	1139	13
217	4800	1139	13
217	5000	1140	13
217	5200	1140	13
217	5400	1141	13
217	5600	1141	13
217	5800	1142	13
217	6000	1142	13
217	6200	1142	13
217	6400	1143	13
217	6600	1143	13
217	6800	1144	13
217	7000	1144	13
217	7200	1144	13
217	7400	1145	13
217	7600	1145	13
217	7800	1146	13
217	8000	1146	13
217	8200	1146	13
217	8400	1147	13
217	8600	1147	13
217	8800	1148	13
217	9000	1148	13
217	9200	1148	13
217	9400	1149	13
217	9600	1149	13
217	9800	1149	13
217	10000	1150	13
218    529.066    1118.464    0
218	600	1127	13
218	800	1128	13
218	1000	1128	13
218	1200	1128	13
218	1400	1129	13
218	1600	1129	13
218	1800	1130	13
218	2000	1130	13
218	2200	1131	13
218	2400	1131	13
218	2600	1132	13
218	2800	1132	13
218	3000	1132	13
218	3200	1133	13
218	3400	1133	13
218	3600	1134	13
218	3800	1134	13
218	4000	1135	13
218	4200	1135	13
218	4400	1135	13
218	4600	1136	13
218	4800	1136	13
218	5000	1137	13
218	5200	1137	13
218	5400	1138	13
218	5600	1138	13
218	5800	1138	13
218	6000	1139	13
218	6200	1139	13
218	6400	1140	13
218	6600	1140	13
218	6800	1140	13
218	7000	1141	13
218	7200	1141	13
218	7400	1142	13
218	7600	1142	13
218	7800	1142	13
218	8000	1143	13
218	8200	1143	13
218	8400	1144	13
218	8600	1144	13
218	8800	1144	13
218	9000	1145	13
218	9200	1145	13
218	9400	1146	13
218	9600	1146	13
218	9800	1146	13
218	10000	1147	13
219    551.09    1115.306    0
219	600	1124	13
219	800	1124	13
219	1000	1125	13
219	1200	1125	13
219	1400	1126	13
219	1600	1126	13
219	1800	1126	13
219	2000	1127	13
219	2200	1127	13
219	2400	1128	13
219	2600	1128	13
219	2800	1129	13
219	3000	1129	13
219	3200	1130	13
219	3400	1130	13
219	3600	1130	13
219	3800	1131	13
219	4000	1131	13
219	4200	1132	13
219	4400	1132	13
219	4600	1133	13
219	4800	1133	13
219	5000	1133	13
219	5200	1134	13
219	5400	1134	13
219	5600	1135	13
219	5800	1135	13
219	6000	1136	13
219	6200	1136	13
219	6400	1136	13
219	6600	1137	13
219	6800	1137	13
219	7000	1138	13
219	7200	1138	13
219	7400	1138	13
219	7600	1139	13
219	7800	1139	13
219	8000	1140	13
219	8200	1140	13
219	8400	1141	13
219	8600	1141	13
219	8800	1141	13
219	9000	1142	13
219	9200	1142	13
219	9400	1143	13
219	9600	1143	13
219	9800	1143	13
219	10000	1144	13
220    573.793    1112.132    0
220	600	1120	13
220	800	1121	13
220	1000	1121	13
220	1200	1122	13
220	1400	1122	13
220	1600	1123	13
220	1800	1123	13
220	2000	1124	13
220	2200	1124	13
220	2400	1124	13
220	2600	1125	13
220	2800	1125	13
220	3000	1126	13
220	3200	1126	13
220	3400	1127	13
220	3600	1127	13
220	3800	1128	13
220	4000	1128	13
220	4200	1128	13
220	4400	1129	13
220	4600	1129	13
220	4800	1130	13
220	5000	1130	13
220	5200	1131	13
220	5400	1131	13
220	5600	1132	13
220	5800	1132	13
220	6000	1132	13
220	6200	1133	13
220	6400	1133	13
220	6600	1134	13
220	6800	1134	13
220	7000	1134	13
220	7200	1135	13
220	7400	1135	13
220	7600	1136	13
220	7800	1136	13
220	8000	1137	13
220	8200	1137	13
220	8400	1137	13
220	8600	1138	13
220	8800	1138	13
220	9000	1139	13
220	9200	1139	13
220	9400	1139	13
220	9600	1140	13
220	9800	1140	13
220	10000	1141	13
221    597.189    1108.942    0
221	600	1117	13
221	800	1117	13
221	1000	1118	13
221	1200	1118	13
221	1400	1119	13
221	1600	1119	13
221	1800	1120	13
221	2000	1120	13
221	2200	1121	13
221	2400	1121	13
221	2600	1122	13
221	2800	1122	13
221	3000	1123	13
221	3200	1123	13
221	3400	1123	13
221	3600	1124	13
221	3800	1124	13
221	4000	1125	13
221	4200	1125	13
221	4400	1126	13
221	4600	1126	13
221	4800	1127	13
221	5000	1127	13
221	5200	1127	13
221	5400	1128	12
221	5600	1128	12
221	5800	1129	12
221	6000	1129	12
221	6200	1130	12
221	6400	1130	12
221	6600	1130	12
221	6800	1131	12
221	7000	1131	12
221	7200	1132	12
221	7400	1132	12
221	7600	1133	12
221	7800	1133	12
221	8000	1133	12
221	8200	1134	12
221	8400	1134	12
221	8600	1135	12
221	8800	1135	12
221	9000	1135	12
221	9200	1136	12
221	9400	1136	12
221	9600	1137	12
221	9800	1137	12
221	10000	1138	12
222    621.289    1105.736    0
222	800	1114	13
222	1000	1114	13
222	1200	1115	13
222	1400	1115	13
222	1600	1116	13
222	1800	1116	13
222	2000	1117	13
222	2200	1117	12
222	2400	1118	12
222	2600	1118	12
222	2800	1119	12
222	3000	1119	12
222	3200	1120	12
222	3400	1120	12
222	3600	1121	12
222	3800	1121	12
222	4000	1121	12
222	4200	1122	12
222	4400	1122	12
222	4600	1123	12
222	4800	1123	12
222	5000	1124	12
222	5200	1124	12
222	5400	1125	12
222	5600	1125	12
222	5800	1126	12
222	6000	1126	12
222	6200	1126	12
222	6400	1127	12
222	6600	1127	12
222	6800	1128	12
222	7000	1128	12
222	7200	1129	12
222	7400	1129	12
222	7600	1129	12
222	7800	1130	12
222	8000	1130	12
222	8200	1131	12
222	8400	1131	12
222	8600	1132	12
222	8800	1132	12
222	9000	1132	12
222	9200	1133	12
222	9400	1133	12
222	9600	1134	12
222	9800	1134	12
222	10000	1134	12
223    646.108    1102.513    0
223	800	1111	12
223	1000	1111	12
223	1200	1112	12
223	1400	1112	12
223	1600	1113	12
223	1800	1113	12
223	2000	1113	12
223	2200	1114	12
223	2400	1114	12
223	2600	1115	12
223	2800	1115	12
223	3000	1116	12
223	3200	1116	12
223	3400	1117	12
223	3600	1117	12
223	3800	1118	12
223	4000	1118	12
223	4200	1119	12
223	4400	1119	12
223	4600	1120	12
223	4800	1120	12
223	5000	1120	12
223	5200	1121	12
223	5400	1121	12
223	5600	1122	12
223	5800	1122	12
223	6000	1123	12
223	6200	1123	12
223	6400	1124	12
223	6600	1124	12
223	6800	1124	12
223	7000	1125	12
223	7200	1125	12
223	7400	1126	12
223	7600	1126	12
223	7800	1127	12
223	8000	1127	12
223	8200	1128	12
223	8400	1128	12
223	8600	1128	12
223	8800	1129	12
223	9000	1129	12
223	9200	1130	12
223	9400	1130	12
223	9600	1130	12
223	9800	1131	12
223	10000	1131	12
224    671.659    1099.273    0
224	800	1107	12
224	1000	1108	12
224	1200	1108	12
224	1400	1109	12
224	1600	1109	12
224	1800	1110	12
224	2000	1110	12
224	2200	1111	12
224	2400	1111	12
224	2600	1112	12
224	2800	1112	12
224	3000	1112	12
224	3200	1113	12
224	3400	1113	12
224	3600	1114	12
224	3800	1114	12
224	4000	1115	12
224	4200	1115	12
224	4400	1116	12
224	4600	1116	12
224	4800	1117	12
224	5000	1117	12
224	5200	1118	12
224	5400	1118	12
224	5600	1119	12
224	5800	1119	12
224	6000	1119	12
224	6200	1120	12
224	6400	1120	12
224	6600	1121	12
224	6800	1121	12
224	7000	1122	12
224	7200	1122	12
224	7400	1123	12
224	7600	1123	12
224	7800	1123	12
224	8000	1124	12
224	8200	1124	12
224	8400	1125	12
224	8600	1125	12
224	8800	1126	12
224	9000	1126	12
224	9200	1126	12
224	9400	1127	12
224	9600	1127	12
224	9800	1128	12
224	10000	1128	12
225    697.955    1096.017    0
225	800	1104	12
225	1000	1104	12
225	1200	1105	12
225	1400	1105	12
225	1600	1106	12
225	1800	1106	12
225	2000	1107	12
225	2200	1107	12
225	2400	1108	12
225	2600	1108	12
225	2800	1109	12
225	3000	1109	12
225	3200	1110	12
225	3400	1110	12
225	3600	1111	12
225	3800	1111	12
225	4000	1111	12
225	4200	1112	12
225	4400	1112	12
225	4600	1113	12
225	4800	1113	12
225	5000	1114	12
225	5200	1114	12
225	5400	1115	12
225	5600	1115	12
225	5800	1116	12
225	6000	1116	12
225	6200	1117	12
225	6400	1117	12
225	6600	1118	12
225	6800	1118	12
225	7000	1118	12
225	7200	1119	12
225	7400	1119	12
225	7600	1120	12
225	7800	1120	12
225	8000	1121	12
225	8200	1121	12
225	8400	1122	12
225	8600	1122	12
225	8800	1122	12
225	9000	1123	12
225	9200	1123	12
225	9400	1124	12
225	9600	1124	12
225	9800	1125	12
225	10000	1125	12
226    725.008    1092.742    0
226	800	1100	12
226	1000	1101	12
226	1200	1101	12
226	1400	1102	12
226	1600	1102	12
226	1800	1103	12
226	2000	1103	12
226	2200	1104	12
226	2400	1104	12
226	2600	1105	12
226	2800	1105	12
226	3000	1106	12
226	3200	1106	12
226	3400	1107	12
226	3600	1107	12
226	3800	1108	12
226	4000	1108	12
226	4200	1109	12
226	4400	1109	12
226	4600	1110	12
226	4800	1110	12
226	5000	1111	12
226	5200	1111	12
226	5400	1111	12
226	5600	1112	12
226	5800	1112	11
226	6000	1113	11
226	6200	1113	11
226	6400	1114	11
226	6600	1114	11
226	6800	1115	11
226	7000	1115	11
226	7200	1116	11
226	7400	1116	11
226	7600	1117	11
226	7800	1117	11
226	8000	1117	11
226	8200	1118	11
226	8400	1118	11
226	8600	1119	11
226	8800	1119	11
226	9000	1120	11
226	9200	1120	11
226	9400	1121	11
226	9600	1121	11
226	9800	1121	11
226	10000	1122	11
227    752.833    1089.45    0
227	800	1097	12
227	1000	1097	12
227	1200	1098	12
227	1400	1098	12
227	1600	1099	12
227	1800	1099	12
227	2000	1100	12
227	2200	1100	12
227	2400	1101	12
227	2600	1101	12
227	2800	1102	11
227	3000	1102	11
227	3200	1103	11
227	3400	1103	11
227	3600	1104	11
227	3800	1104	11
227	4000	1105	11
227	4200	1105	11
227	4400	1106	11
227	4600	1106	11
227	4800	1107	11
227	5000	1107	11
227	5200	1108	11
227	5400	1108	11
227	5600	1109	11
227	5800	1109	11
227	6000	1110	11
227	6200	1110	11
227	6400	1111	11
227	6600	1111	11
227	6800	1111	11
227	7000	1112	11
227	7200	1112	11
227	7400	1113	11
227	7600	1113	11
227	7800	1114	11
227	8000	1114	11
227	8200	1115	11
227	8400	1115	11
227	8600	1116	11
227	8800	1116	11
227	9000	1117	11
227	9200	1117	11
227	9400	1117	11
227	9600	1118	11
227	9800	1118	11
227	10000	1119	11
228    781.443    1086.139    0
228	800	1093	11
228	1000	1094	11
228	1200	1094	11
228	1400	1095	11
228	1600	1095	11
228	1800	1096	11
228	2000	1096	11
228	2200	1097	11
228	2400	1097	11
228	2600	1098	11
228	2800	1098	11
228	3000	1099	11
228	3200	1099	11
228	3400	1100	11
228	3600	1100	11
228	3800	1101	11
228	4000	1101	11
228	4200	1102	11
228	4400	1102	11
228	4600	1103	11
228	4800	1103	11
228	5000	1104	11
228	5200	1104	11
228	5400	1105	11
228	5600	1105	11
228	5800	1106	11
228	6000	1106	11
228	6200	1107	11
228	6400	1107	11
228	6600	1108	11
228	6800	1108	11
228	7000	1109	11
228	7200	1109	11
228	7400	1110	11
228	7600	1110	11
228	7800	1111	11
228	8000	1111	11
228	8200	1111	11
228	8400	1112	11
228	8600	1112	11
228	8800	1113	11
228	9000	1113	11
228	9200	1114	11
228	9400	1114	11
228	9600	1115	11
228	9800	1115	11
228	10000	1116	11
229    810.852    1082.81    0
229	1000	1090	11
229	1200	1091	11
229	1400	1091	11
229	1600	1092	11
229	1800	1092	11
229	2000	1093	11
229	2200	1093	11
229	2400	1094	11
229	2600	1094	11
229	2800	1095	11
229	3000	1095	11
229	3200	1096	11
229	3400	1096	11
229	3600	1097	11
229	3800	1097	11
229	4000	1098	11
229	4200	1098	11
229	4400	1099	11
229	4600	1099	11
229	4800	1100	11
229	5000	1100	11
229	5200	1101	11
229	5400	1101	11
229	5600	1102	11
229	5800	1102	11
229	6000	1103	11
229	6200	1103	11
229	6400	1104	11
229	6600	1104	11
229	6800	1105	11
229	7000	1105	11
229	7200	1106	11
229	7400	1106	11
229	7600	1107	11
229	7800	1107	11
229	8000	1108	11
229	8200	1108	11
229	8400	1109	11
229	8600	1109	11
229	8800	1110	11
229	9000	1110	11
229	9200	1111	11
229	9400	1111	11
229	9600	1111	11
229	9800	1112	11
229	10000	1112	11
230    841.073    1079.462    0
230	1000	1086	11
230	1200	1087	11
230	1400	1088	11
230	1600	1088	11
230	1800	1089	11
230	2000	1089	11
230	2200	1090	11
230	2400	1090	11
230	2600	1091	11
230	2800	1091	11
230	3000	1092	11
230	3200	1092	11
230	3400	1093	11
230	3600	1093	11
230	3800	1094	11
230	4000	1094	11
230	4200	1095	11
230	4400	1096	11
230	4600	1096	11
230	4800	1097	11
230	5000	1097	11
230	5200	1098	11
230	5400	1098	11
230	5600	1099	11
230	5800	1099	11
230	6000	1100	11
230	6200	1100	11
230	6400	1101	11
230	6600	1101	11
230	6800	1102	11
230	7000	1102	11
230	7200	1103	11
230	7400	1103	11
230	7600	1103	11
230	7800	1104	11
230	8000	1104	11
230	8200	1105	11
230	8400	1105	11
230	8600	1106	11
230	8800	1106	11
230	9000	1107	11
230	9200	1107	11
230	9400	1108	11
230	9600	1108	11
230	9800	1109	11
230	10000	1109	11
231    872.119    1076.094    0
231	1000	1083	11
231	1200	1083	11
231	1400	1084	11
231	1600	1084	11
231	1800	1085	11
231	2000	1086	11
231	2200	1086	11
231	2400	1087	11
231	2600	1087	11
231	2800	1088	11
231	3000	1088	11
231	3200	1089	11
231	3400	1089	11
231	3600	1090	11
231	3800	1090	11
231	4000	1091	11
231	4200	1092	11
231	4400	1092	11
231	4600	1093	11
231	4800	1093	11
231	5000	1094	11
231	5200	1094	11
231	5400	1095	11
231	5600	1095	11
231	5800	1096	11
231	6000	1096	11
231	6200	1097	11
231	6400	1097	11
231	6600	1098	11
231	6800	1098	10
231	7000	1099	10
231	7200	1099	10
231	7400	1100	10
231	7600	1100	10
231	7800	1101	10
231	8000	1101	10
231	8200	1102	10
231	8400	1102	10
231	8600	1103	10
231	8800	1103	10
231	9000	1104	10
231	9200	1104	10
231	9400	1105	10
231	9600	1105	10
231	9800	1105	10
231	10000	1106	10
232    904.005    1072.706    0
232	1000	1079	11
232	1200	1080	11
232	1400	1080	11
232	1600	1081	11
232	1800	1081	11
232	2000	1082	11
232	2200	1083	11
232	2400	1083	11
232	2600	1084	11
232	2800	1084	11
232	3000	1085	11
232	3200	1085	11
232	3400	1086	11
232	3600	1086	11
232	3800	1087	10
232	4000	1088	10
232	4200	1088	10
232	4400	1089	10
232	4600	1089	10
232	4800	1090	10
232	5000	1090	10
232	5200	1091	10
232	5400	1091	10
232	5600	1092	10
232	5800	1092	10
232	6000	1093	10
232	6200	1093	10
232	6400	1094	10
232	6600	1094	10
232	6800	1095	10
232	7000	1095	10
232	7200	1096	10
232	7400	1096	10
232	7600	1097	10
232	7800	1097	10
232	8000	1098	10
232	8200	1098	10
232	8400	1099	10
232	8600	1099	10
232	8800	1100	10
232	9000	1100	10
232	9200	1101	10
232	9400	1101	10
232	9600	1102	10
232	9800	1102	10
232	10000	1103	10
233    936.745    1069.298    0
233	1000	1075	11
233	1200	1076	11
233	1400	1077	11
233	1600	1077	10
233	1800	1078	10
233	2000	1078	10
233	2200	1079	10
233	2400	1080	10
233	2600	1080	10
233	2800	1081	10
233	3000	1081	10
233	3200	1082	10
233	3400	1082	10
233	3600	1083	10
233	3800	1083	10
233	4000	1084	10
233	4200	1085	10
233	4400	1085	10
233	4600	1086	10
233	4800	1086	10
233	5000	1087	10
233	5200	1087	10
233	5400	1088	10
233	5600	1088	10
233	5800	1089	10
233	6000	1089	10
233	6200	1090	10
233	6400	1090	10
233	6600	1091	10
233	6800	1091	10
233	7000	1092	10
233	7200	1092	10
233	7400	1093	10
233	7600	1093	10
233	7800	1094	10
233	8000	1095	10
233	8200	1095	10
233	8400	1096	10
233	8600	1096	10
233	8800	1096	10
233	9000	1097	10
233	9200	1097	10
233	9400	1098	10
233	9600	1098	10
233	9800	1099.0	10.0
233	10000	1099.4	10.0
234    970.351    1065.869    0
234	1000	1072	10
234	1200	1072	10
234	1400	1073	10
234	1600	1074	10
234	1800	1074	10
234	2000	1075	10
234	2200	1075	10
234	2400	1076	10
234	2600	1077	10
234	2800	1077	10
234	3000	1078	10
234	3200	1078	10
234	3400	1079	10
234	3600	1079	10
234	3800	1080	10
234	4000	1080	10
234	4200	1081	10
234	4400	1082	10
234	4600	1082	10
234	4800	1083	10
234	5000	1083	10
234	5200	1084	10
234	5400	1084	10
234	5600	1084.9	10.0
234	5800	1085.4	10.0
234	6000	1085.9	10.0
234	6200	1086.5	10.0
234	6400	1087.0	10.0
234	6600	1087.5	9.9
234	6800	1088.0	9.9
234	7000	1088.6	9.9
234	7200	1089.1	9.9
234	7400	1089.6	9.9
234	7600	1090.1	9.9
234	7800	1090.6	9.9
234	8000	1091.2	9.9
234	8200	1091.7	9.9
234	8400	1092.2	9.9
234	8600	1092.7	9.9
234	8800	1093.2	9.8
234	9000	1093.7	9.8
234	9200	1094.2	9.8
234	9400	1094.7	9.8
234	9600	1095.2	9.8
234	9800	1095.7	9.8
234	10000	1096.2	9.8
235    1004.839    1062.418    0
235	1200	1069	10
235	1400	1069	10
235	1600	1070	10
235	1800	1071	10
235	2000	1071	10
235	2200	1072	10
235	2400	1072	10
235	2600	1073	10
235	2800	1073	10
235	3000	1074	10
235	3200	1074.6	10.0
235	3400	1075.2	10.0
235	3600	1075.8	10.0
235	3800	1076.4	9.9
235	4000	1076.9	9.9
235	4200	1077.5	9.9
235	4400	1078.1	9.9
235	4600	1078.6	9.9
235	4800	1079.2	9.9
235	5000	1079.7	9.9
235	5200	1080.3	9.8
235	5400	1080.8	9.8
235	5600	1081.4	9.8
235	5800	1081.9	9.8
235	6000	1082.5	9.8
235	6200	1083.0	9.8
235	6400	1083.6	9.8
235	6600	1084.1	9.8
235	6800	1084.6	9.7
235	7000	1085.2	9.7
235	7200	1085.7	9.7
235	7400	1086.2	9.7
235	7600	1086.7	9.7
235	7800	1087.3	9.7
235	8000	1087.8	9.7
235	8200	1088.3	9.7
235	8400	1088.8	9.7
235	8600	1089.3	9.7
235	8800	1089.9	9.7
235	9000	1090.4	9.7
235	9200	1090.9	9.6
235	9400	1091.4	9.6
235	9600	1091.9	9.6
235	9800	1092.4	9.6
235	10000	1092.9	9.6
236    1040.222    1058.946    0
236	1200	1065	10
236	1400	1065.6	10.0
236	1600	1066.2	10.0
236	1800	1066.8	9.9
236	2000	1067.4	9.9
236	2200	1068.0	9.9
236	2400	1068.6	9.9
236	2600	1069.2	9.9
236	2800	1069.8	9.8
236	3000	1070.4	9.8
236	3200	1071.0	9.8
236	3400	1071.6	9.8
236	3600	1072.2	9.8
236	3800	1072.8	9.8
236	4000	1073.4	9.7
236	4200	1073.9	9.7
236	4400	1074.5	9.7
236	4600	1075.1	9.7
236	4800	1075.6	9.7
236	5000	1076.2	9.7
236	5200	1076.8	9.7
236	5400	1077.3	9.6
236	5600	1077.9	9.6
236	5800	1078.4	9.6
236	6000	1079.0	9.6
236	6200	1079.6	9.6
236	6400	1080.1	9.6
236	6600	1080.6	9.6
236	6800	1081.2	9.6
236	7000	1081.7	9.6
236	7200	1082.3	9.5
236	7400	1082.8	9.5
236	7600	1083.3	9.5
236	7800	1083.9	9.5
236	8000	1084.4	9.5
236	8200	1084.9	9.5
236	8400	1085.5	9.5
236	8600	1086.0	9.5
236	8800	1086.5	9.5
236	9000	1087.0	9.5
236	9200	1087.5	9.5
236	9400	1088.1	9.5
236	9600	1088.6	9.4
236	9800	1089.1	9.4
236	10000	1089.6	9.4
237    1076.514    1055.452    0
237	1200	1061.2	9.8
237	1400	1061.8	9.8
237	1600	1062.5	9.8
237	1800	1063.1	9.8
237	2000	1063.7	9.7
237	2200	1064.3	9.7
237	2400	1064.9	9.7
237	2600	1065.6	9.7
237	2800	1066.2	9.7
237	3000	1066.8	9.7
237	3200	1067.4	9.6
237	3400	1068.0	9.6
237	3600	1068.6	9.6
237	3800	1069.2	9.6
237	4000	1069.8	9.6
237	4200	1070.3	9.6
237	4400	1070.9	9.5
237	4600	1071.5	9.5
237	4800	1072.1	9.5
237	5000	1072.7	9.5
237	5200	1073.2	9.5
237	5400	1073.8	9.5
237	5600	1074.4	9.5
237	5800	1074.9	9.4
237	6000	1075.5	9.4
237	6200	1076.1	9.4
237	6400	1076.6	9.4
237	6600	1077.2	9.4
237	6800	1077.7	9.4
237	7000	1078.3	9.4
237	7200	1078.8	9.4
237	7400	1079.4	9.4
237	7600	1079.9	9.3
237	7800	1080.5	9.3
237	8000	1081.0	9.3
237	8200	1081.5	9.3
237	8400	1082.1	9.3
237	8600	1082.6	9.3
237	8800	1083.1	9.3
237	9000	1083.7	9.3
237	9200	1084.2	9.3
237	9400	1084.7	9.3
237	9600	1085.2	9.3
237	9800	1085.7	9.3
237	10000	1086.3	9.2
238    1113.73    1051.935    0
238	1200	1057.4	9.7
238	1400	1058.0	9.6
238	1600	1058.7	9.6
238	1800	1059.3	9.6
238	2000	1060.0	9.6
238	2200	1060.6	9.6
238	2400	1061.2	9.5
238	2600	1061.8	9.5
238	2800	1062.5	9.5
238	3000	1063.1	9.5
238	3200	1063.7	9.5
238	3400	1064.3	9.4
238	3600	1064.9	9.4
238	3800	1065.5	9.4
238	4000	1066.1	9.4
238	4200	1066.7	9.4
238	4400	1067.3	9.4
238	4600	1067.9	9.3
238	4800	1068.5	9.3
238	5000	1069.1	9.3
238	5200	1069.7	9.3
238	5400	1070.3	9.3
238	5600	1070.8	9.3
238	5800	1071.4	9.3
238	6000	1072.0	9.2
238	6200	1072.6	9.2
238	6400	1073.1	9.2
238	6600	1073.7	9.2
238	6800	1074.3	9.2
238	7000	1074.8	9.2
238	7200	1075.4	9.2
238	7400	1075.9	9.2
238	7600	1076.5	9.2
238	7800	1077.0	9.1
238	8000	1077.6	9.1
238	8200	1078.1	9.1
238	8400	1078.7	9.1
238	8600	1079.2	9.1
238	8800	1079.7	9.1
238	9000	1080.3	9.1
238	9200	1080.8	9.1
238	9400	1081.3	9.1
238	9600	1081.9	9.1
238	9800	1082.4	9.1
238	10000	1082.9	9.1
239    1151.883    1048.394    0
239	1200	1053.6	9.5
239	1400	1054.2	9.5
239	1600	1054.9	9.4
239	1800	1055.5	9.4
239	2000	1056.2	9.4
239	2200	1056.8	9.4
239	2400	1057.5	9.4
239	2600	1058.1	9.3
239	2800	1058.7	9.3
239	3000	1059.4	9.3
239	3200	1060.0	9.3
239	3400	1060.6	9.3
239	3600	1061.2	9.3
239	3800	1061.9	9.2
239	4000	1062.5	9.2
239	4200	1063.1	9.2
239	4400	1063.7	9.2
239	4600	1064.3	9.2
239	4800	1064.9	9.2
239	5000	1065.5	9.1
239	5200	1066.1	9.1
239	5400	1066.7	9.1
239	5600	1067.3	9.1
239	5800	1067.9	9.1
239	6000	1068.4	9.1
239	6200	1069.0	9.1
239	6400	1069.6	9.0
239	6600	1070.2	9.0
239	6800	1070.8	9.0
239	7000	1071.3	9.0
239	7200	1071.9	9.0
239	7400	1072.5	9.0
239	7600	1073.0	9.0
239	7800	1073.6	9.0
239	8000	1074.1	9.0
239	8200	1074.7	8.9
239	8400	1075.2	8.9
239	8600	1075.8	8.9
239	8800	1076.3	8.9
239	9000	1076.9	8.9
239	9200	1077.4	8.9
239	9400	1078.0	8.9
239	9600	1078.5	8.9
239	9800	1079.0	8.9
239	10000	1079.6	8.9
240    1190.988    1044.83    0
240	1200	1049.7	9.3
240	1400	1050.4	9.3
240	1600	1051.1	9.3
240	1800	1051.7	9.3
240	2000	1052.4	9.2
240	2200	1053.0	9.2
240	2400	1053.7	9.2
240	2600	1054.3	9.2
240	2800	1055.0	9.2
240	3000	1055.6	9.1
240	3200	1056.3	9.1
240	3400	1056.9	9.1
240	3600	1057.5	9.1
240	3800	1058.2	9.1
240	4000	1058.8	9.0
240	4200	1059.4	9.0
240	4400	1060.0	9.0
240	4600	1060.7	9.0
240	4800	1061.3	9.0
240	5000	1061.9	9.0
240	5200	1062.5	8.9
240	5400	1063.1	8.9
240	5600	1063.7	8.9
240	5800	1064.3	8.9
240	6000	1064.9	8.9
240	6200	1065.5	8.9
240	6400	1066.1	8.9
240	6600	1066.6	8.9
240	6800	1067.2	8.8
240	7000	1067.8	8.8
240	7200	1068.4	8.8
240	7400	1069.0	8.8
240	7600	1069.5	8.8
240	7800	1070.1	8.8
240	8000	1070.7	8.8
240	8200	1071.2	8.8
240	8400	1071.8	8.8
240	8600	1072.4	8.8
240	8800	1072.9	8.7
240	9000	1073.5	8.7
240	9200	1074.0	8.7
240	9400	1074.6	8.7
240	9600	1075.1	8.7
240	9800	1075.7	8.7
240	10000	1076.2	8.7
241    1231.06    1041.241    0
241	1400	1046.5	9.1
241	1600	1047.2	9.1
241	1800	1047.9	9.1
241	2000	1048.5	9.1
241	2200	1049.2	9.0
241	2400	1049.9	9.0
241	2600	1050.5	9.0
241	2800	1051.2	9.0
241	3000	1051.9	9.0
241	3200	1052.5	8.9
241	3400	1053.2	8.9
241	3600	1053.8	8.9
241	3800	1054.5	8.9
241	4000	1055.1	8.9
241	4200	1055.7	8.9
241	4400	1056.4	8.8
241	4600	1057.0	8.8
241	4800	1057.6	8.8
241	5000	1058.2	8.8
241	5200	1058.9	8.8
241	5400	1059.5	8.8
241	5600	1060.1	8.7
241	5800	1060.7	8.7
241	6000	1061.3	8.7
241	6200	1061.9	8.7
241	6400	1062.5	8.7
241	6600	1063.1	8.7
241	6800	1063.7	8.7
241	7000	1064.3	8.7
241	7200	1064.9	8.6
241	7400	1065.5	8.6
241	7600	1066.0	8.6
241	7800	1066.6	8.6
241	8000	1067.2	8.6
241	8200	1067.8	8.6
241	8400	1068.3	8.6
241	8600	1068.9	8.6
241	8800	1069.5	8.6
241	9000	1070.0	8.6
241	9200	1070.6	8.5
241	9400	1071.2	8.5
241	9600	1071.7	8.5
241	9800	1072.3	8.5
241	10000	1072.8	8.5
242    1272.112    1037.627    0
242	1400	1042.6	9.0
242	1600	1043.3	8.9
242	1800	1044.0	8.9
242	2000	1044.7	8.9
242	2200	1045.4	8.9
242	2400	1046.0	8.9
242	2600	1046.7	8.8
242	2800	1047.4	8.8
242	3000	1048.1	8.8
242	3200	1048.7	8.8
242	3400	1049.4	8.8
242	3600	1050.1	8.7
242	3800	1050.7	8.7
242	4000	1051.4	8.7
242	4200	1052.0	8.7
242	4400	1052.7	8.7
242	4600	1053.3	8.7
242	4800	1053.9	8.6
242	5000	1054.6	8.6
242	5200	1055.2	8.6
242	5400	1055.8	8.6
242	5600	1056.4	8.6
242	5800	1057.1	8.6
242	6000	1057.7	8.5
242	6200	1058.3	8.5
242	6400	1058.9	8.5
242	6600	1059.5	8.5
242	6800	1060.1	8.5
242	7000	1060.7	8.5
242	7200	1061.3	8.5
242	7400	1061.9	8.5
242	7600	1062.5	8.4
242	7800	1063.1	8.4
242	8000	1063.7	8.4
242	8200	1064.3	8.4
242	8400	1064.9	8.4
242	8600	1065.4	8.4
242	8800	1066.0	8.4
242	9000	1066.6	8.4
242	9200	1067.2	8.4
242	9400	1067.7	8.4
242	9600	1068.3	8.4
242	9800	1068.9	8.3
242	10000	1069.4	8.3
243    1314.16    1033.987    0
243	1400	1038.6	8.8
243	1600	1039.4	8.8
243	1800	1040.1	8.8
243	2000	1040.8	8.7
243	2200	1041.5	8.7
243	2400	1042.2	8.7
243	2600	1042.9	8.7
243	2800	1043.6	8.7
243	3000	1044.2	8.6
243	3200	1044.9	8.6
243	3400	1045.6	8.6
243	3600	1046.3	8.6
243	3800	1046.9	8.6
243	4000	1047.6	8.5
243	4200	1048.3	8.5
243	4400	1048.9	8.5
243	4600	1049.6	8.5
243	4800	1050.2	8.5
243	5000	1050.9	8.4
243	5200	1051.5	8.4
243	5400	1052.1	8.4
243	5600	1052.8	8.4
243	5800	1053.4	8.4
243	6000	1054.0	8.4
243	6200	1054.7	8.4
243	6400	1055.3	8.3
243	6600	1055.9	8.3
243	6800	1056.5	8.3
243	7000	1057.1	8.3
243	7200	1057.8	8.3
243	7400	1058.4	8.3
243	7600	1059.0	8.3
243	7800	1059.6	8.3
243	8000	1060.2	8.3
243	8200	1060.8	8.2
243	8400	1061.3	8.2
243	8600	1061.9	8.2
243	8800	1062.5	8.2
243	9000	1063.1	8.2
243	9200	1063.7	8.2
243	9400	1064.3	8.2
243	9600	1064.8	8.2
243	9800	1065.4	8.2
243	10000	1066.0	8.2
244    1357.217    1030.321    0
244	1400	1034.7	8.6
244	1600	1035.4	8.6
244	1800	1036.1	8.6
244	2000	1036.8	8.6
244	2200	1037.6	8.6
244	2400	1038.3	8.5
244	2600	1039.0	8.5
244	2800	1039.7	8.5
244	3000	1040.4	8.5
244	3200	1041.1	8.4
244	3400	1041.8	8.4
244	3600	1042.4	8.4
244	3800	1043.1	8.4
244	4000	1043.8	8.4
244	4200	1044.5	8.4
244	4400	1045.2	8.3
244	4600	1045.8	8.3
244	4800	1046.5	8.3
244	5000	1047.1	8.3
244	5200	1047.8	8.3
244	5400	1048.4	8.2
244	5600	1049.1	8.2
244	5800	1049.7	8.2
244	6000	1050.4	8.2
244	6200	1051.0	8.2
244	6400	1051.7	8.2
244	6600	1052.3	8.2
244	6800	1052.9	8.1
244	7000	1053.5	8.1
244	7200	1054.2	8.1
244	7400	1054.8	8.1
244	7600	1055.4	8.1
244	7800	1056.0	8.1
244	8000	1056.6	8.1
244	8200	1057.2	8.1
244	8400	1057.8	8.1
244	8600	1058.4	8.0
244	8800	1059.0	8.0
244	9000	1059.6	8.0
244	9200	1060.2	8.0
244	9400	1060.8	8.0
244	9600	1061.4	8.0
244	9800	1062.0	8.0
244	10000	1062.5	8.0
245    1401.3    1026.628    0
245	1400	1030.6	8.5
245	1600	1031.4	8.5
245	1800	1032.1	8.4
245	2000	1032.9	8.4
245	2200	1033.6	8.4
245	2400	1034.3	8.4
245	2600	1035.1	8.3
245	2800	1035.8	8.3
245	3000	1036.5	8.3
245	3200	1037.2	8.3
245	3400	1037.9	8.3
245	3600	1038.6	8.2
245	3800	1039.3	8.2
245	4000	1040.0	8.2
245	4200	1040.7	8.2
245	4400	1041.4	8.2
245	4600	1042.0	8.2
245	4800	1042.7	8.1
245	5000	1043.4	8.1
245	5200	1044.1	8.1
245	5400	1044.7	8.1
245	5600	1045.4	8.1
245	5800	1046.0	8.1
245	6000	1046.7	8.0
245	6200	1047.3	8.0
245	6400	1048.0	8.0
245	6600	1048.6	8.0
245	6800	1049.3	8.0
245	7000	1049.9	8.0
245	7200	1050.5	8.0
245	7400	1051.2	7.9
245	7600	1051.8	7.9
245	7800	1052.4	7.9
245	8000	1053.0	7.9
245	8200	1053.7	7.9
245	8400	1054.3	7.9
245	8600	1054.9	7.9
245	8800	1055.5	7.9
245	9000	1056.1	7.9
245	9200	1056.7	7.8
245	9400	1057.3	7.8
245	9600	1057.9	7.8
245	9800	1058.5	7.8
245	10000	1059.1	7.8
246    1446.422    1022.907    0
246	1600	1027.3	8.3
246	1800	1028.1	8.3
246	2000	1028.9	8.3
246	2200	1029.6	8.2
246	2400	1030.4	8.2
246	2600	1031.1	8.2
246	2800	1031.8	8.2
246	3000	1032.6	8.1
246	3200	1033.3	8.1
246	3400	1034.0	8.1
246	3600	1034.7	8.1
246	3800	1035.4	8.1
246	4000	1036.1	8.0
246	4200	1036.8	8.0
246	4400	1037.5	8.0
246	4600	1038.2	8.0
246	4800	1038.9	8.0
246	5000	1039.6	8.0
246	5200	1040.3	7.9
246	5400	1041.0	7.9
246	5600	1041.6	7.9
246	5800	1042.3	7.9
246	6000	1043.0	7.9
246	6200	1043.6	7.9
246	6400	1044.3	7.8
246	6600	1045.0	7.8
246	6800	1045.6	7.8
246	7000	1046.3	7.8
246	7200	1046.9	7.8
246	7400	1047.5	7.8
246	7600	1048.2	7.8
246	7800	1048.8	7.8
246	8000	1049.4	7.7
246	8200	1050.1	7.7
246	8400	1050.7	7.7
246	8600	1051.3	7.7
246	8800	1051.9	7.7
246	9000	1052.6	7.7
246	9200	1053.2	7.7
246	9400	1053.8	7.7
246	9600	1054.4	7.7
246	9800	1055.0	7.7
246	10000	1055.6	7.6
247    1492.598    1019.157    0
247	1600	1023.3	8.2
247	1800	1024.0	8.1
247	2000	1024.8	8.1
247	2200	1025.6	8.1
247	2400	1026.3	8.1
247	2600	1027.1	8.0
247	2800	1027.8	8.0
247	3000	1028.6	8.0
247	3200	1029.3	8.0
247	3400	1030.1	7.9
247	3600	1030.8	7.9
247	3800	1031.5	7.9
247	4000	1032.3	7.9
247	4200	1033.0	7.9
247	4400	1033.7	7.8
247	4600	1034.4	7.8
247	4800	1035.1	7.8
247	5000	1035.8	7.8
247	5200	1036.5	7.8
247	5400	1037.2	7.8
247	5600	1037.9	7.7
247	5800	1038.6	7.7
247	6000	1039.2	7.7
247	6200	1039.9	7.7
247	6400	1040.6	7.7
247	6600	1041.3	7.7
247	6800	1041.9	7.6
247	7000	1042.6	7.6
247	7200	1043.2	7.6
247	7400	1043.9	7.6
247	7600	1044.5	7.6
247	7800	1045.2	7.6
247	8000	1045.8	7.6
247	8200	1046.5	7.6
247	8400	1047.1	7.5
247	8600	1047.7	7.5
247	8800	1048.4	7.5
247	9000	1049.0	7.5
247	9200	1049.6	7.5
247	9400	1050.2	7.5
247	9600	1050.9	7.5
247	9800	1051.5	7.5
247	10000	1052.1	7.5
248    1539.844    1015.379    0
248	1600	1019.1	8.0
248	1800	1019.9	8.0
248	2000	1020.7	8.0
248	2200	1021.5	7.9
248	2400	1022.3	7.9
248	2600	1023.1	7.9
248	2800	1023.8	7.9
248	3000	1024.6	7.8
248	3200	1025.4	7.8
248	3400	1026.1	7.8
248	3600	1026.9	7.8
248	3800	1027.6	7.7
248	4000	1028.3	7.7
248	4200	1029.1	7.7
248	4400	1029.8	7.7
248	4600	1030.5	7.7
248	4800	1031.2	7.6
248	5000	1032.0	7.6
248	5200	1032.7	7.6
248	5400	1033.4	7.6
248	5600	1034.1	7.6
248	5800	1034.8	7.6
248	6000	1035.5	7.5
248	6200	1036.2	7.5
248	6400	1036.8	7.5
248	6600	1037.5	7.5
248	6800	1038.2	7.5
248	7000	1038.9	7.5
248	7200	1039.5	7.5
248	7400	1040.2	7.4
248	7600	1040.9	7.4
248	7800	1041.5	7.4
248	8000	1042.2	7.4
248	8200	1042.8	7.4
248	8400	1043.5	7.4
248	8600	1044.1	7.4
248	8800	1044.8	7.4
248	9000	1045.4	7.4
248	9200	1046.0	7.3
248	9400	1046.7	7.3
248	9600	1047.3	7.3
248	9800	1047.9	7.3
248	10000	1048.6	7.3
249    1588.174    1011.57    0
249	1600	1015.0	7.9
249	1800	1015.8	7.8
249	2000	1016.6	7.8
249	2200	1017.4	7.8
249	2400	1018.2	7.8
249	2600	1019.0	7.7
249	2800	1019.8	7.7
249	3000	1020.6	7.7
249	3200	1021.3	7.7
249	3400	1022.1	7.6
249	3600	1022.9	7.6
249	3800	1023.6	7.6
249	4000	1024.4	7.6
249	4200	1025.1	7.6
249	4400	1025.9	7.5
249	4600	1026.6	7.5
249	4800	1027.3	7.5
249	5000	1028.1	7.5
249	5200	1028.8	7.5
249	5400	1029.5	7.4
249	5600	1030.2	7.4
249	5800	1031.0	7.4
249	6000	1031.7	7.4
249	6200	1032.4	7.4
249	6400	1033.1	7.4
249	6600	1033.8	7.3
249	6800	1034.5	7.3
249	7000	1035.1	7.3
249	7200	1035.8	7.3
249	7400	1036.5	7.3
249	7600	1037.2	7.3
249	7800	1037.9	7.3
249	8000	1038.5	7.2
249	8200	1039.2	7.2
249	8400	1039.8	7.2
249	8600	1040.5	7.2
249	8800	1041.2	7.2
249	9000	1041.8	7.2
249	9200	1042.5	7.2
249	9400	1043.1	7.2
249	9600	1043.7	7.2
249	9800	1044.4	7.2
249	10000	1045.0	7.1
250    1637.603    1007.73    0
250	1800	1011.6	7.7
250	2000	1012.4	7.7
250	2200	1013.2	7.6
250	2400	1014.1	7.6
250	2600	1014.9	7.6
250	2800	1015.7	7.6
250	3000	1016.5	7.5
250	3200	1017.3	7.5
250	3400	1018.1	7.5
250	3600	1018.8	7.5
250	3800	1019.6	7.4
250	4000	1020.4	7.4
250	4200	1021.2	7.4
250	4400	1021.9	7.4
250	4600	1022.7	7.4
250	4800	1023.4	7.3
250	5000	1024.2	7.3
250	5200	1024.9	7.3
250	5400	1025.7	7.3
250	5600	1026.4	7.3
250	5800	1027.1	7.2
250	6000	1027.8	7.2
250	6200	1028.6	7.2
250	6400	1029.3	7.2
250	6600	1030.0	7.2
250	6800	1030.7	7.2
250	7000	1031.4	7.2
250	7200	1032.1	7.1
250	7400	1032.8	7.1
250	7600	1033.5	7.1
250	7800	1034.1	7.1
250	8000	1034.8	7.1
250	8200	1035.5	7.1
250	8400	1036.2	7.1
250	8600	1036.8	7.0
250	8800	1037.5	7.0
250	9000	1038.2	7.0
250	9200	1038.8	7.0
250	9400	1039.5	7.0
250	9600	1040.1	7.0
250	9800	1040.8	7.0
250	10000	1041.4	7.0
251    1688.148    1003.858    0
251	1800	1007.4	7.5
251	2000	1008.2	7.5
251	2200	1009.1	7.5
251	2400	1009.9	7.5
251	2600	1010.7	7.4
251	2800	1011.5	7.4
251	3000	1012.4	7.4
251	3200	1013.2	7.4
251	3400	1014.0	7.3
251	3600	1014.8	7.3
251	3800	1015.6	7.3
251	4000	1016.4	7.3
251	4200	1017.2	7.2
251	4400	1017.9	7.2
251	4600	1018.7	7.2
251	4800	1019.5	7.2
251	5000	1020.2	7.2
251	5200	1021.0	7.1
251	5400	1021.7	7.1
251	5600	1022.5	7.1
251	5800	1023.2	7.1
251	6000	1024.0	7.1
251	6200	1024.7	7.1
251	6400	1025.4	7.0
251	6600	1026.2	7.0
251	6800	1026.9	7.0
251	7000	1027.6	7.0
251	7200	1028.3	7.0
251	7400	1029.0	7.0
251	7600	1029.7	7.0
251	7800	1030.4	6.9
251	8000	1031.1	6.9
251	8200	1031.8	6.9
251	8400	1032.5	6.9
251	8600	1033.2	6.9
251	8800	1033.8	6.9
251	9000	1034.5	6.9
251	9200	1035.2	6.9
251	9400	1035.9	6.8
251	9600	1036.5	6.8
251	9800	1037.2	6.8
251	10000	1037.8	6.8
252    1739.822    999.953    0
252	1800	1003.1	7.4
252	2000	1003.9	7.4
252	2200	1004.8	7.3
252	2400	1005.7	7.3
252	2600	1006.5	7.3
252	2800	1007.4	7.3
252	3000	1008.2	7.2
252	3200	1009.0	7.2
252	3400	1009.9	7.2
252	3600	1010.7	7.2
252	3800	1011.5	7.1
252	4000	1012.3	7.1
252	4200	1013.1	7.1
252	4400	1013.9	7.1
252	4600	1014.7	7.1
252	4800	1015.5	7.0
252	5000	1016.3	7.0
252	5200	1017.0	7.0
252	5400	1017.8	7.0
252	5600	1018.6	7.0
252	5800	1019.3	6.9
252	6000	1020.1	6.9
252	6200	1020.8	6.9
252	6400	1021.6	6.9
252	6600	1022.3	6.9
252	6800	1023.0	6.9
252	7000	1023.8	6.8
252	7200	1024.5	6.8
252	7400	1025.2	6.8
252	7600	1025.9	6.8
252	7800	1026.7	6.8
252	8000	1027.4	6.8
252	8200	1028.1	6.8
252	8400	1028.8	6.7
252	8600	1029.5	6.7
252	8800	1030.2	6.7
252	9000	1030.8	6.7
252	9200	1031.5	6.7
252	9400	1032.2	6.7
252	9600	1032.9	6.7
252	9800	1033.6	6.7
252	10000	1034.2	6.7
253    1792.642    996.015    0
253	1800	998.7	7.3
253	2000	999.6	7.2
253	2200	1000.5	7.2
253	2400	1001.4	7.2
253	2600	1002.3	7.1
253	2800	1003.1	7.1
253	3000	1004.0	7.1
253	3200	1004.9	7.1
253	3400	1005.7	7.0
253	3600	1006.5	7.0
253	3800	1007.4	7.0
253	4000	1008.2	7.0
253	4200	1009.0	7.0
253	4400	1009.8	6.9
253	4600	1010.6	6.9
253	4800	1011.4	6.9
253	5000	1012.2	6.9
253	5200	1013.0	6.8
253	5400	1013.8	6.8
253	5600	1014.6	6.8
253	5800	1015.4	6.8
253	6000	1016.1	6.8
253	6200	1016.9	6.8
253	6400	1017.7	6.7
253	6600	1018.4	6.7
253	6800	1019.2	6.7
253	7000	1019.9	6.7
253	7200	1020.7	6.7
253	7400	1021.4	6.7
253	7600	1022.1	6.6
253	7800	1022.9	6.6
253	8000	1023.6	6.6
253	8200	1024.3	6.6
253	8400	1025.0	6.6
253	8600	1025.7	6.6
253	8800	1026.4	6.6
253	9000	1027.1	6.6
253	9200	1027.8	6.5
253	9400	1028.5	6.5
253	9600	1029.2	6.5
253	9800	1029.9	6.5
253	10000	1030.6	6.5
254    1846.624    992.042    0
254	2000	995.3	7.1
254	2200	996.2	7.1
254	2400	997.1	7.0
254	2600	998.0	7.0
254	2800	998.9	7.0
254	3000	999.8	7.0
254	3200	1000.6	6.9
254	3400	1001.5	6.9
254	3600	1002.4	6.9
254	3800	1003.2	6.9
254	4000	1004.1	6.8
254	4200	1004.9	6.8
254	4400	1005.7	6.8
254	4600	1006.6	6.8
254	4800	1007.4	6.7
254	5000	1008.2	6.7
254	5200	1009.0	6.7
254	5400	1009.8	6.7
254	5600	1010.6	6.7
254	5800	1011.4	6.6
254	6000	1012.2	6.6
254	6200	1013.0	6.6
254	6400	1013.7	6.6
254	6600	1014.5	6.6
254	6800	1015.3	6.6
254	7000	1016.0	6.5
254	7200	1016.8	6.5
254	7400	1017.6	6.5
254	7600	1018.3	6.5
254	7800	1019.0	6.5
254	8000	1019.8	6.5
254	8200	1020.5	6.5
254	8400	1021.2	6.4
254	8600	1022.0	6.4
254	8800	1022.7	6.4
254	9000	1023.4	6.4
254	9200	1024.1	6.4
254	9400	1024.8	6.4
254	9600	1025.5	6.4
254	9800	1026.2	6.4
254	10000	1026.9	6.4
255    1901.782    988.033    0
255	2000	990.9	7.0
255	2200	991.8	6.9
255	2400	992.7	6.9
255	2600	993.6	6.9
255	2800	994.6	6.8
255	3000	995.5	6.8
255	3200	996.4	6.8
255	3400	997.2	6.8
255	3600	998.1	6.7
255	3800	999.0	6.7
255	4000	999.9	6.7
255	4200	1000.7	6.7
255	4400	1001.6	6.6
255	4600	1002.4	6.6
255	4800	1003.3	6.6
255	5000	1004.1	6.6
255	5200	1004.9	6.6
255	5400	1005.8	6.5
255	5600	1006.6	6.5
255	5800	1007.4	6.5
255	6000	1008.2	6.5
255	6200	1009.0	6.5
255	6400	1009.8	6.4
255	6600	1010.6	6.4
255	6800	1011.4	6.4
255	7000	1012.1	6.4
255	7200	1012.9	6.4
255	7400	1013.7	6.4
255	7600	1014.4	6.3
255	7800	1015.2	6.3
255	8000	1015.9	6.3
255	8200	1016.7	6.3
255	8400	1017.4	6.3
255	8600	1018.2	6.3
255	8800	1018.9	6.3
255	9000	1019.6	6.3
255	9200	1020.4	6.2
255	9400	1021.1	6.2
255	9600	1021.8	6.2
255	9800	1022.5	6.2
255	10000	1023.2	6.2
256    1958.133    983.988    0
256	2000	986.4	6.8
256	2200	987.4	6.8
256	2400	988.3	6.8
256	2600	989.3	6.7
256	2800	990.2	6.7
256	3000	991.1	6.7
256	3200	992.0	6.7
256	3400	992.9	6.6
256	3600	993.8	6.6
256	3800	994.7	6.6
256	4000	995.6	6.6
256	4200	996.5	6.5
256	4400	997.4	6.5
256	4600	998.3	6.5
256	4800	999.1	6.5
256	5000	1000.0	6.4
256	5200	1000.8	6.4
256	5400	1001.7	6.4
256	5600	1002.5	6.4
256	5800	1003.3	6.4
256	6000	1004.2	6.3
256	6200	1005.0	6.3
256	6400	1005.8	6.3
256	6600	1006.6	6.3
256	6800	1007.4	6.3
256	7000	1008.2	6.3
256	7200	1009.0	6.2
256	7400	1009.8	6.2
256	7600	1010.5	6.2
256	7800	1011.3	6.2
256	8000	1012.1	6.2
256	8200	1012.8	6.2
256	8400	1013.6	6.1
256	8600	1014.4	6.1
256	8800	1015.1	6.1
256	9000	1015.8	6.1
256	9200	1016.6	6.1
256	9400	1017.3	6.1
256	9600	1018.1	6.1
256	9800	1018.8	6.1
256	10000	1019.5	6.1
257    2015.693    979.904    0
257	2200	982.9	6.7
257	2400	983.8	6.6
257	2600	984.8	6.6
257	2800	985.8	6.6
257	3000	986.7	6.6
257	3200	987.7	6.5
257	3400	988.6	6.5
257	3600	989.5	6.5
257	3800	990.4	6.5
257	4000	991.4	6.4
257	4200	992.3	6.4
257	4400	993.2	6.4
257	4600	994.0	6.4
257	4800	994.9	6.3
257	5000	995.8	6.3
257	5200	996.7	6.3
257	5400	997.5	6.3
257	5600	998.4	6.2
257	5800	999.2	6.2
257	6000	1000.1	6.2
257	6200	1000.9	6.2
257	6400	1001.8	6.2
257	6600	1002.6	6.1
257	6800	1003.4	6.1
257	7000	1004.2	6.1
257	7200	1005.0	6.1
257	7400	1005.8	6.1
257	7600	1006.6	6.1
257	7800	1007.4	6.0
257	8000	1008.2	6.0
257	8200	1009.0	6.0
257	8400	1009.7	6.0
257	8600	1010.5	6.0
257	8800	1011.3	6.0
257	9000	1012.0	6.0
257	9200	1012.8	6.0
257	9400	1013.5	5.9
257	9600	1014.3	5.9
257	9800	1015.0	5.9
257	10000	1015.8	5.9
258    2074.477    975.781    0
258	2200	978.3	6.5
258	2400	979.3	6.5
258	2600	980.3	6.5
258	2800	981.3	6.5
258	3000	982.3	6.4
258	3200	983.2	6.4
258	3400	984.2	6.4
258	3600	985.2	6.3
258	3800	986.1	6.3
258	4000	987.0	6.3
258	4200	988.0	6.3
258	4400	988.9	6.2
258	4600	989.8	6.2
258	4800	990.7	6.2
258	5000	991.6	6.2
258	5200	992.5	6.2
258	5400	993.4	6.1
258	5600	994.2	6.1
258	5800	995.1	6.1
258	6000	996.0	6.1
258	6200	996.8	6.0
258	6400	997.7	6.0
258	6600	998.5	6.0
258	6800	999.4	6.0
258	7000	1000.2	6.0
258	7200	1001.0	6.0
258	7400	1001.8	5.9
258	7600	1002.6	5.9
258	7800	1003.5	5.9
258	8000	1004.3	5.9
258	8200	1005.0	5.9
258	8400	1005.8	5.9
258	8600	1006.6	5.8
258	8800	1007.4	5.8
258	9000	1008.2	5.8
258	9200	1008.9	5.8
258	9400	1009.7	5.8
258	9600	1010.5	5.8
258	9800	1011.2	5.8
258	10000	1012.0	5.8
259    2134.502    971.618    0
259	2200	973.7	6.4
259	2400	974.7	6.4
259	2600	975.7	6.4
259	2800	976.8	6.3
259	3000	977.8	6.3
259	3200	978.8	6.3
259	3400	979.7	6.2
259	3600	980.7	6.2
259	3800	981.7	6.2
259	4000	982.7	6.2
259	4200	983.6	6.1
259	4400	984.5	6.1
259	4600	985.5	6.1
259	4800	986.4	6.1
259	5000	987.3	6.0
259	5200	988.2	6.0
259	5400	989.1	6.0
259	5600	990.0	6.0
259	5800	990.9	6.0
259	6000	991.8	5.9
259	6200	992.7	5.9
259	6400	993.6	5.9
259	6600	994.4	5.9
259	6800	995.3	5.9
259	7000	996.1	5.8
259	7200	997.0	5.8
259	7400	997.8	5.8
259	7600	998.6	5.8
259	7800	999.5	5.8
259	8000	1000.3	5.8
259	8200	1001.1	5.7
259	8400	1001.9	5.7
259	8600	1002.7	5.7
259	8800	1003.5	5.7
259	9000	1004.3	5.7
259	9200	1005.1	5.7
259	9400	1005.9	5.7
259	9600	1006.6	5.6
259	9800	1007.4	5.6
259	10000	1008.2	5.6
260    2195.785    967.412    0
260	2200	969.0	6.3
260	2400	970.1	6.3
260	2600	971.1	6.2
260	2800	972.2	6.2
260	3000	973.2	6.2
260	3200	974.2	6.2
260	3400	975.2	6.1
260	3600	976.2	6.1
260	3800	977.2	6.1
260	4000	978.2	6.0
260	4200	979.2	6.0
260	4400	980.2	6.0
260	4600	981.1	6.0
260	4800	982.1	5.9
260	5000	983.0	5.9
260	5200	984.0	5.9
260	5400	984.9	5.9
260	5600	985.8	5.9
260	5800	986.7	5.8
260	6000	987.6	5.8
260	6200	988.5	5.8
260	6400	989.4	5.8
260	6600	990.3	5.7
260	6800	991.2	5.7
260	7000	992.0	5.7
260	7200	992.9	5.7
260	7400	993.8	5.7
260	7600	994.6	5.7
260	7800	995.5	5.6
260	8000	996.3	5.6
260	8200	997.1	5.6
260	8400	997.9	5.6
260	8600	998.8	5.6
260	8800	999.6	5.6
260	9000	1000.4	5.5
260	9200	1001.2	5.5
260	9400	1002.0	5.5
260	9600	1002.8	5.5
260	9800	1003.6	5.5
260	10000	1004.3	5.5
261    2258.341    963.163    0
261	2400	965.4	6.2
261	2600	966.4	6.1
261	2800	967.5	6.1
261	3000	968.6	6.1
261	3200	969.6	6.0
261	3400	970.7	6.0
261	3600	971.7	6.0
261	3800	972.7	6.0
261	4000	973.7	5.9
261	4200	974.8	5.9
261	4400	975.7	5.9
261	4600	976.7	5.8
261	4800	977.7	5.8
261	5000	978.7	5.8
261	5200	979.6	5.8
261	5400	980.6	5.8
261	5600	981.5	5.7
261	5800	982.5	5.7
261	6000	983.4	5.7
261	6200	984.3	5.7
261	6400	985.2	5.6
261	6600	986.1	5.6
261	6800	987.0	5.6
261	7000	987.9	5.6
261	7200	988.8	5.6
261	7400	989.7	5.5
261	7600	990.5	5.5
261	7800	991.4	5.5
261	8000	992.3	5.5
261	8200	993.1	5.5
261	8400	993.9	5.5
261	8600	994.8	5.4
261	8800	995.6	5.4
261	9000	996.4	5.4
261	9200	997.3	5.4
261	9400	998.1	5.4
261	9600	998.9	5.4
261	9800	999.7	5.4
261	10000	1000.5	5.4
262    2322.187    958.87    0
262	2400	960.6	6.0
262	2600	961.7	6.0
262	2800	962.8	6.0
262	3000	963.9	6.0
262	3200	965.0	5.9
262	3400	966.1	5.9
262	3600	967.1	5.9
262	3800	968.2	5.8
262	4000	969.2	5.8
262	4200	970.2	5.8
262	4400	971.3	5.8
262	4600	972.3	5.7
262	4800	973.3	5.7
262	5000	974.3	5.7
262	5200	975.3	5.7
262	5400	976.2	5.6
262	5600	977.2	5.6
262	5800	978.2	5.6
262	6000	979.1	5.6
262	6200	980.0	5.5
262	6400	981.0	5.5
262	6600	981.9	5.5
262	6800	982.8	5.5
262	7000	983.7	5.5
262	7200	984.6	5.4
262	7400	985.5	5.4
262	7600	986.4	5.4
262	7800	987.3	5.4
262	8000	988.2	5.4
262	8200	989.1	5.4
262	8400	989.9	5.3
262	8600	990.8	5.3
262	8800	991.6	5.3
262	9000	992.5	5.3
262	9200	993.3	5.3
262	9400	994.1	5.3
262	9600	995.0	5.3
262	9800	995.8	5.2
262	10000	996.6	5.2
263    2387.341    954.53    0
263	2400	955.7	5.9
263	2600	956.9	5.9
263	2800	958.0	5.9
263	3000	959.1	5.8
263	3200	960.3	5.8
263	3400	961.4	5.8
263	3600	962.5	5.8
263	3800	963.5	5.7
263	4000	964.6	5.7
263	4200	965.7	5.7
263	4400	966.7	5.6
263	4600	967.8	5.6
263	4800	968.8	5.6
263	5000	969.8	5.6
263	5200	970.8	5.5
263	5400	971.8	5.5
263	5600	972.8	5.5
263	5800	973.8	5.5
263	6000	974.8	5.4
263	6200	975.7	5.4
263	6400	976.7	5.4
263	6600	977.6	5.4
263	6800	978.6	5.4
263	7000	979.5	5.3
263	7200	980.4	5.3
263	7400	981.4	5.3
263	7600	982.3	5.3
263	7800	983.2	5.3
263	8000	984.1	5.2
263	8200	985.0	5.2
263	8400	985.8	5.2
263	8600	986.7	5.2
263	8800	987.6	5.2
263	9000	988.5	5.2
263	9200	989.3	5.2
263	9400	990.2	5.1
263	9600	991.0	5.1
263	9800	991.8	5.1
263	10000	992.7	5.1
264    2453.818    950.141    0
264	2600	952.0	5.8
264	2800	953.1	5.8
264	3000	954.3	5.7
264	3200	955.5	5.7
264	3400	956.6	5.7
264	3600	957.7	5.6
264	3800	958.9	5.6
264	4000	960.0	5.6
264	4200	961.0	5.6
264	4400	962.1	5.5
264	4600	963.2	5.5
264	4800	964.3	5.5
264	5000	965.3	5.5
264	5200	966.3	5.4
264	5400	967.4	5.4
264	5600	968.4	5.4
264	5800	969.4	5.4
264	6000	970.4	5.3
264	6200	971.4	5.3
264	6400	972.4	5.3
264	6600	973.3	5.3
264	6800	974.3	5.2
264	7000	975.3	5.2
264	7200	976.2	5.2
264	7400	977.2	5.2
264	7600	978.1	5.2
264	7800	979.0	5.2
264	8000	979.9	5.1
264	8200	980.8	5.1
264	8400	981.7	5.1
264	8600	982.6	5.1
264	8800	983.5	5.1
264	9000	984.4	5.1
264	9200	985.3	5.0
264	9400	986.1	5.0
264	9600	987.0	5.0
264	9800	987.9	5.0
264	10000	988.7	5.0
265    2521.637    945.703    0
265	2600	947.0	5.7
265	2800	948.2	5.7
265	3000	949.4	5.6
265	3200	950.6	5.6
265	3400	951.8	5.6
265	3600	952.9	5.5
265	3800	954.1	5.5
265	4000	955.2	5.5
265	4200	956.4	5.5
265	4400	957.5	5.4
265	4600	958.6	5.4
265	4800	959.7	5.4
265	5000	960.7	5.3
265	5200	961.8	5.3
265	5400	962.9	5.3
265	5600	963.9	5.3
265	5800	964.9	5.3
265	6000	966.0	5.2
265	6200	967.0	5.2
265	6400	968.0	5.2
265	6600	969.0	5.2
265	6800	970.0	5.1
265	7000	971.0	5.1
265	7200	971.9	5.1
265	7400	972.9	5.1
265	7600	973.9	5.1
265	7800	974.8	5.0
265	8000	975.7	5.0
265	8200	976.7	5.0
265	8400	977.6	5.0
265	8600	978.5	5.0
265	8800	979.4	5.0
265	9000	980.3	4.9
265	9200	981.2	4.9
265	9400	982.1	4.9
265	9600	983.0	4.9
265	9800	983.9	4.9
265	10000	984.7	4.9
266    2590.814    941.214    0
266	2600	941.9	5.6
266	2800	943.2	5.6
266	3000	944.4	5.5
266	3200	945.7	5.5
266	3400	946.9	5.5
266	3600	948.1	5.4
266	3800	949.3	5.4
266	4000	950.4	5.4
266	4200	951.6	5.4
266	4400	952.7	5.3
266	4600	953.9	5.3
266	4800	955.0	5.3
266	5000	956.1	5.2
266	5200	957.2	5.2
266	5400	958.3	5.2
266	5600	959.4	5.2
266	5800	960.4	5.1
266	6000	961.5	5.1
266	6200	962.5	5.1
266	6400	963.6	5.1
266	6600	964.6	5.1
266	6800	965.6	5.0
266	7000	966.6	5.0
266	7200	967.6	5.0
266	7400	968.6	5.0
266	7600	969.6	4.9
266	7800	970.5	4.9
266	8000	971.5	4.9
266	8200	972.5	4.9
266	8400	973.4	4.9
266	8600	974.3	4.9
266	8800	975.3	4.8
266	9000	976.2	4.8
266	9200	977.1	4.8
266	9400	978.0	4.8
266	9600	978.9	4.8
266	9800	979.8	4.8
266	10000	980.7	4.8
267    2661.368    936.67    0
267	2800	938.1	5.5
267	3000	939.4	5.4
267	3200	940.6	5.4
267	3400	941.9	5.4
267	3600	943.1	5.3
267	3800	944.4	5.3
267	4000	945.6	5.3
267	4200	946.8	5.3
267	4400	948.0	5.2
267	4600	949.1	5.2
267	4800	950.3	5.2
267	5000	951.4	5.1
267	5200	952.6	5.1
267	5400	953.7	5.1
267	5600	954.8	5.1
267	5800	955.9	5.0
267	6000	957.0	5.0
267	6200	958.0	5.0
267	6400	959.1	5.0
267	6600	960.1	5.0
267	6800	961.2	4.9
267	7000	962.2	4.9
267	7200	963.2	4.9
267	7400	964.3	4.9
267	7600	965.3	4.8
267	7800	966.2	4.8
267	8000	967.2	4.8
267	8200	968.2	4.8
267	8400	969.2	4.8
267	8600	970.1	4.8
267	8800	971.1	4.7
267	9000	972.0	4.7
267	9200	973.0	4.7
267	9400	973.9	4.7
267	9600	974.8	4.7
267	9800	975.7	4.7
267	10000	976.6	4.6
268    2733.315    932.071    0
268	2800	932.9	5.4
268	3000	934.2	5.3
268	3200	935.5	5.3
268	3400	936.8	5.3
268	3600	938.1	5.3
268	3800	939.4	5.2
268	4000	940.6	5.2
268	4200	941.9	5.2
268	4400	943.1	5.1
268	4600	944.3	5.1
268	4800	945.5	5.1
268	5000	946.7	5.1
268	5200	947.8	5.0
268	5400	949.0	5.0
268	5600	950.1	5.0
268	5800	951.2	5.0
268	6000	952.4	4.9
268	6200	953.5	4.9
268	6400	954.6	4.9
268	6600	955.6	4.9
268	6800	956.7	4.8
268	7000	957.8	4.8
268	7200	958.8	4.8
268	7400	959.9	4.8
268	7600	960.9	4.7
268	7800	961.9	4.7
268	8000	962.9	4.7
268	8200	963.9	4.7
268	8400	964.9	4.7
268	8600	965.9	4.7
268	8800	966.9	4.6
268	9000	967.8	4.6
268	9200	968.8	4.6
268	9400	969.7	4.6
268	9600	970.7	4.6
268	9800	971.6	4.6
268	10000	972.5	4.5
269    2806.674    927.413    0
269	3000	929.0	5.3
269	3200	930.3	5.2
269	3400	931.7	5.2
269	3600	933.0	5.2
269	3800	934.3	5.1
269	4000	935.6	5.1
269	4200	936.9	5.1
269	4400	938.2	5.0
269	4600	939.4	5.0
269	4800	940.6	5.0
269	5000	941.8	5.0
269	5200	943.0	4.9
269	5400	944.2	4.9
269	5600	945.4	4.9
269	5800	946.6	4.9
269	6000	947.7	4.8
269	6200	948.8	4.8
269	6400	950.0	4.8
269	6600	951.1	4.8
269	6800	952.2	4.7
269	7000	953.3	4.7
269	7200	954.3	4.7
269	7400	955.4	4.7
269	7600	956.5	4.7
269	7800	957.5	4.6
269	8000	958.5	4.6
269	8200	959.6	4.6
269	8400	960.6	4.6
269	8600	961.6	4.6
269	8800	962.6	4.5
269	9000	963.6	4.5
269	9200	964.6	4.5
269	9400	965.5	4.5
269	9600	966.5	4.5
269	9800	967.5	4.5
269	10000	968.4	4.4
270    2881.462    922.695    0
270	3000	923.6	5.2
270	3200	925.1	5.1
270	3400	926.5	5.1
270	3600	927.8	5.1
270	3800	929.2	5.1
270	4000	930.5	5.0
270	4200	931.8	5.0
270	4400	933.1	5.0
270	4600	934.4	4.9
270	4800	935.7	4.9
270	5000	936.9	4.9
270	5200	938.2	4.9
270	5400	939.4	4.8
270	5600	940.6	4.8
270	5800	941.8	4.8
270	6000	943.0	4.7
270	6200	944.2	4.7
270	6400	945.3	4.7
270	6600	946.5	4.7
270	6800	947.6	4.7
270	7000	948.7	4.6
270	7200	949.8	4.6
270	7400	950.9	4.6
270	7600	952.0	4.6
270	7800	953.1	4.5
270	8000	954.1	4.5
270	8200	955.2	4.5
270	8400	956.2	4.5
270	8600	957.3	4.5
270	8800	958.3	4.4
270	9000	959.3	4.4
270	9200	960.3	4.4
270	9400	961.3	4.4
270	9600	962.3	4.4
270	9800	963.3	4.4
270	10000	964.2	4.4
271    2957.699    917.914    0
271	3000	918.2	5.1
271	3200	919.7	5.1
271	3400	921.1	5.0
271	3600	922.5	5.0
271	3800	923.9	5.0
271	4000	925.3	4.9
271	4200	926.7	4.9
271	4400	928.0	4.9
271	4600	929.4	4.9
271	4800	930.7	4.8
271	5000	932.0	4.8
271	5200	933.3	4.8
271	5400	934.5	4.7
271	5600	935.8	4.7
271	5800	937.0	4.7
271	6000	938.2	4.7
271	6200	939.4	4.6
271	6400	940.6	4.6
271	6600	941.8	4.6
271	6800	942.9	4.6
271	7000	944.1	4.5
271	7200	945.2	4.5
271	7400	946.4	4.5
271	7600	947.5	4.5
271	7800	948.6	4.5
271	8000	949.7	4.4
271	8200	950.7	4.4
271	8400	951.8	4.4
271	8600	952.9	4.4
271	8800	953.9	4.4
271	9000	955.0	4.3
271	9200	956.0	4.3
271	9400	957.0	4.3
271	9600	958.0	4.3
271	9800	959.0	4.3
271	10000	960.0	4.3
272    3035.403    913.067    0
272	3200	914.2	5.0
272	3400	915.7	5.0
272	3600	917.1	4.9
272	3800	918.6	4.9
272	4000	920.0	4.9
272	4200	921.5	4.8
272	4400	922.9	4.8
272	4600	924.2	4.8
272	4800	925.6	4.8
272	5000	926.9	4.7
272	5200	928.2	4.7
272	5400	929.5	4.7
272	5600	930.8	4.6
272	5800	932.1	4.6
272	6000	933.4	4.6
272	6200	934.6	4.6
272	6400	935.8	4.5
272	6600	937.0	4.5
272	6800	938.2	4.5
272	7000	939.4	4.5
272	7200	940.6	4.4
272	7400	941.7	4.4
272	7600	942.9	4.4
272	7800	944.0	4.4
272	8000	945.1	4.4
272	8200	946.3	4.3
272	8400	947.4	4.3
272	8600	948.4	4.3
272	8800	949.5	4.3
272	9000	950.6	4.3
272	9200	951.6	4.2
272	9400	952.7	4.2
272	9600	953.7	4.2
272	9800	954.8	4.2
272	10000	955.8	4.2
273    3114.593    908.151    0
273	3200	908.5	4.9
273	3400	910.1	4.9
273	3600	911.6	4.9
273	3800	913.2	4.8
273	4000	914.7	4.8
273	4200	916.1	4.8
273	4400	917.6	4.7
273	4600	919.0	4.7
273	4800	920.4	4.7
273	5000	921.8	4.7
273	5200	923.1	4.6
273	5400	924.5	4.6
273	5600	925.8	4.6
273	5800	927.1	4.5
273	6000	928.4	4.5
273	6200	929.7	4.5
273	6400	931.0	4.5
273	6600	932.2	4.4
273	6800	933.5	4.4
273	7000	934.7	4.4
273	7200	935.9	4.4
273	7400	937.1	4.4
273	7600	938.3	4.3
273	7800	939.4	4.3
273	8000	940.6	4.3
273	8200	941.7	4.3
273	8400	942.8	4.2
273	8600	944.0	4.2
273	8800	945.1	4.2
273	9000	946.2	4.2
273	9200	947.2	4.2
273	9400	948.3	4.2
273	9600	949.4	4.1
273	9800	950.4	4.1
273	10000	951.5	4.1
274    3195.287    903.163    0
274	3200	902.8	4.9
274	3400	904.4	4.8
274	3600	906.0	4.8
274	3800	907.6	4.8
274	4000	909.2	4.7
274	4200	910.7	4.7
274	4400	912.2	4.7
274	4600	913.7	4.6
274	4800	915.1	4.6
274	5000	916.6	4.6
274	5200	918.0	4.6
274	5400	919.4	4.5
274	5600	920.7	4.5
274	5800	922.1	4.5
274	6000	923.4	4.5
274	6200	924.8	4.4
274	6400	926.1	4.4
274	6600	927.3	4.4
274	6800	928.6	4.4
274	7000	929.9	4.3
274	7200	931.1	4.3
274	7400	932.3	4.3
274	7600	933.6	4.3
274	7800	934.8	4.2
274	8000	935.9	4.2
274	8200	937.1	4.2
274	8400	938.3	4.2
274	8600	939.4	4.2
274	8800	940.6	4.1
274	9000	941.7	4.1
274	9200	942.8	4.1
274	9400	943.9	4.1
274	9600	945.0	4.1
274	9800	946.1	4.1
274	10000	947.1	4.0
275    3277.507    898.1    0
275	3400	898.6	4.8
275	3600	900.3	4.8
275	3800	901.9	4.7
275	4000	903.5	4.7
275	4200	905.1	4.7
275	4400	906.7	4.6
275	4600	908.2	4.6
275	4800	909.7	4.6
275	5000	911.2	4.5
275	5200	912.7	4.5
275	5400	914.1	4.5
275	5600	915.6	4.4
275	5800	917.0	4.4
275	6000	918.4	4.4
275	6200	919.7	4.4
275	6400	921.1	4.3
275	6600	922.4	4.3
275	6800	923.7	4.3
275	7000	925.0	4.3
275	7200	926.3	4.2
275	7400	927.5	4.2
275	7600	928.8	4.2
275	7800	930.0	4.2
275	8000	931.3	4.2
275	8200	932.5	4.1
275	8400	933.7	4.1
275	8600	934.8	4.1
275	8800	936.0	4.1
275	9000	937.2	4.1
275	9200	938.3	4.0
275	9400	939.4	4.0
275	9600	940.5	4.0
275	9800	941.7	4.0
275	10000	942.8	4.0
276    3361.27    892.958    0
276	3400	892.7	4.7
276	3600	894.4	4.7
276	3800	896.1	4.7
276	4000	897.8	4.6
276	4200	899.5	4.6
276	4400	901.1	4.6
276	4600	902.7	4.5
276	4800	904.3	4.5
276	5000	905.8	4.5
276	5200	907.3	4.4
276	5400	908.8	4.4
276	5600	910.3	4.4
276	5800	911.8	4.4
276	6000	913.2	4.3
276	6200	914.6	4.3
276	6400	916.0	4.3
276	6600	917.4	4.3
276	6800	918.7	4.2
276	7000	920.1	4.2
276	7200	921.4	4.2
276	7400	922.7	4.2
276	7600	924.0	4.1
276	7800	925.2	4.1
276	8000	926.5	4.1
276	8200	927.7	4.1
276	8400	929.0	4.1
276	8600	930.2	4.0
276	8800	931.4	4.0
276	9000	932.6	4.0
276	9200	933.7	4.0
276	9400	934.9	4.0
276	9600	936.1	3.9
276	9800	937.2	3.9
276	10000	938.3	3.9
277    3446.599    887.733    0
277	3600	888.4	4.7
277	3800	890.2	4.6
277	4000	891.9	4.6
277	4200	893.7	4.6
277	4400	895.4	4.5
277	4600	897.0	4.5
277	4800	898.7	4.5
277	5000	900.3	4.4
277	5200	901.9	4.4
277	5400	903.4	4.4
277	5600	904.9	4.3
277	5800	906.5	4.3
277	6000	907.9	4.3
277	6200	909.4	4.3
277	6400	910.8	4.2
277	6600	912.3	4.2
277	6800	913.7	4.2
277	7000	915.0	4.2
277	7200	916.4	4.1
277	7400	917.7	4.1
277	7600	919.1	4.1
277	7800	920.4	4.1
277	8000	921.7	4.0
277	8200	923.0	4.0
277	8400	924.2	4.0
277	8600	925.5	4.0
277	8800	926.7	4.0
277	9000	927.9	3.9
277	9200	929.1	3.9
277	9400	930.3	3.9
277	9600	931.5	3.9
277	9800	932.7	3.9
277	10000	933.8	3.9
278    3533.512    882.42    0
278	3600	882.2	4.6
278	3800	884.1	4.6
278	4000	885.9	4.6
278	4200	887.7	4.5
278	4400	889.5	4.5
278	4600	891.3	4.5
278	4800	893.0	4.4
278	5000	894.6	4.4
278	5200	896.3	4.4
278	5400	897.9	4.3
278	5600	899.5	4.3
278	5800	901.0	4.3
278	6000	902.6	4.2
278	6200	904.1	4.2
278	6400	905.6	4.2
278	6600	907.1	4.2
278	6800	908.5	4.1
278	7000	909.9	4.1
278	7200	911.3	4.1
278	7400	912.7	4.1
278	7600	914.1	4.0
278	7800	915.5	4.0
278	8000	916.8	4.0
278	8200	918.1	4.0
278	8400	919.4	4.0
278	8600	920.7	3.9
278	8800	922.0	3.9
278	9000	923.2	3.9
278	9200	924.5	3.9
278	9400	925.7	3.9
278	9600	926.9	3.8
278	9800	928.1	3.8
278	10000	929.3	3.8
279    3622.032    877.016    0
279	3800	877.8	4.6
279	4000	879.8	4.5
279	4200	881.7	4.5
279	4400	883.5	4.5
279	4600	885.3	4.4
279	4800	887.1	4.4
279	5000	888.9	4.4
279	5200	890.6	4.3
279	5400	892.3	4.3
279	5600	893.9	4.3
279	5800	895.5	4.2
279	6000	897.1	4.2
279	6200	898.7	4.2
279	6400	900.3	4.2
279	6600	901.8	4.1
279	6800	903.3	4.1
279	7000	904.8	4.1
279	7200	906.2	4.1
279	7400	907.6	4.0
279	7600	909.1	4.0
279	7800	910.5	4.0
279	8000	911.8	4.0
279	8200	913.2	3.9
279	8400	914.5	3.9
279	8600	915.9	3.9
279	8800	917.2	3.9
279	9000	918.5	3.9
279	9200	919.7	3.8
279	9400	921.0	3.8
279	9600	922.2	3.8
279	9800	923.5	3.8
279	10000	924.7	3.8
280    3712.179    871.516    0
280	3800	871.4	4.5
280	4000	873.4	4.5
280	4200	875.4	4.5
280	4400	877.4	4.4
280	4600	879.3	4.4
280	4800	881.1	4.4
280	5000	883.0	4.3
280	5200	884.7	4.3
280	5400	886.5	4.3
280	5600	888.2	4.2
280	5800	889.9	4.2
280	6000	891.6	4.2
280	6200	893.2	4.1
280	6400	894.8	4.1
280	6600	896.4	4.1
280	6800	897.9	4.1
280	7000	899.5	4.0
280	7200	901.0	4.0
280	7400	902.5	4.0
280	7600	903.9	4.0
280	7800	905.4	4.0
280	8000	906.8	3.9
280	8200	908.2	3.9
280	8400	909.6	3.9
280	8600	911.0	3.9
280	8800	912.3	3.8
280	9000	913.6	3.8
280	9200	914.9	3.8
280	9400	916.2	3.8
280	9600	917.5	3.8
280	9800	918.8	3.8
280	10000	920.1	3.7
281	3800	864.8	4.5
281    3803.976    865.912    0
281	4000	866.9	4.5
281	4200	869.0	4.5
281	4400	871.0	4.4
281	4600	873.0	4.4
281	4800	875.0	4.3
281	5000	876.9	4.3
281	5200	878.8	4.3
281	5400	880.6	4.2
281	5600	882.4	4.2
281	5800	884.2	4.2
281	6000	885.9	4.1
281	6200	887.6	4.1
281	6400	889.3	4.1
281	6600	890.9	4.1
281	6800	892.5	4.0
281	7000	894.1	4.0
281	7200	895.7	4.0
281	7400	897.2	4.0
281	7600	898.7	3.9
281	7800	900.2	3.9
281	8000	901.7	3.9
281	8200	903.1	3.9
281	8400	904.6	3.9
281	8600	906.0	3.8
281	8800	907.4	3.8
281	9000	908.7	3.8
281	9200	910.1	3.8
281	9400	911.4	3.8
281	9600	912.8	3.7
281	9800	914.1	3.7
281	10000	915.3	3.7
282    3897.444    860.201    0
282	4000	860.2	4.5
282	4200	862.4	4.4
282	4400	864.5	4.4
282	4600	866.6	4.4
282	4800	868.7	4.3
282	5000	870.7	4.3
282	5200	872.7	4.3
282	5400	874.6	4.2
282	5600	876.5	4.2
282	5800	878.3	4.2
282	6000	880.1	4.1
282	6200	881.9	4.1
282	6400	883.6	4.1
282	6600	885.3	4.0
282	6800	887.0	4.0
282	7000	888.6	4.0
282	7200	890.3	4.0
282	7400	891.9	3.9
282	7600	893.4	3.9
282	7800	895.0	3.9
282	8000	896.5	3.9
282	8200	898.0	3.9
282	8400	899.5	3.8
282	8600	900.9	3.8
282	8800	902.4	3.8
282	9000	903.8	3.8
282	9200	905.2	3.8
282	9400	906.5	3.7
282	9600	907.9	3.7
282	9800	909.3	3.7
282	10000	910.6	3.7
283    3992.607    854.374    0
283	4000	853.2	4.5
283	4200	855.6	4.5
283	4400	857.8	4.4
283	4600	860.1	4.4
283	4800	862.2	4.3
283	5000	864.3	4.3
283	5200	866.4	4.2
283	5400	868.4	4.2
283	5600	870.4	4.2
283	5800	872.3	4.1
283	6000	874.2	4.1
283	6200	876.0	4.1
283	6400	877.8	4.1
283	6600	879.6	4.0
283	6800	881.4	4.0
283	7000	883.1	4.0
283	7200	884.7	4.0
283	7400	886.4	3.9
283	7600	888.0	3.9
283	7800	889.6	3.9
283	8000	891.2	3.9
283	8200	892.8	3.8
283	8400	894.3	3.8
283	8600	895.8	3.8
283	8800	897.3	3.8
283	9000	898.7	3.8
283	9200	900.2	3.7
283	9400	901.6	3.7
283	9600	903.0	3.7
283	9800	904.4	3.7
283	10000	905.8	3.7
284    4089.488    848.426    0
284	4200	848.5	4.5
284	4400	850.9	4.4
284	4600	853.3	4.4
284	4800	855.5	4.3
284	5000	857.8	4.3
284	5200	859.9	4.2
284	5400	862.0	4.2
284	5600	864.1	4.2
284	5800	866.1	4.1
284	6000	868.1	4.1
284	6200	870.0	4.1
284	6400	871.9	4.1
284	6600	873.8	4.0
284	6800	875.6	4.0
284	7000	877.4	4.0
284	7200	879.1	3.9
284	7400	880.8	3.9
284	7600	882.5	3.9
284	7800	884.2	3.9
284	8000	885.8	3.8
284	8200	887.4	3.8
284	8400	889.0	3.8
284	8600	890.6	3.8
284	8800	892.1	3.8
284	9000	893.6	3.7
284	9200	895.1	3.7
284	9400	896.6	3.7
284	9600	898.0	3.7
284	9800	899.4	3.7
284	10000	900.9	3.7
285    4188.111    842.347    0
285	4200	841.2	4.5
285	4400	843.7	4.5
285	4600	846.2	4.4
285	4800	848.6	4.3
285	5000	851.0	4.3
285	5200	853.3	4.3
285	5400	855.5	4.2
285	5600	857.7	4.2
285	5800	859.8	4.1
285	6000	861.9	4.1
285	6200	863.9	4.1
285	6400	865.9	4.0
285	6600	867.8	4.0
285	6800	869.7	4.0
285	7000	871.6	4.0
285	7200	873.4	3.9
285	7400	875.2	3.9
285	7600	876.9	3.9
285	7800	878.7	3.9
285	8000	880.4	3.8
285	8200	882.0	3.8
285	8400	883.7	3.8
285	8600	885.3	3.8
285	8800	886.9	3.8
285	9000	888.4	3.7
285	9200	890.0	3.7
285	9400	891.5	3.7
285	9600	893.0	3.7
285	9800	894.4	3.7
285	10000	895.9	3.6
286    4288.5    836.129    0
286	4400	836.3	4.5
286	4600	838.9	4.4
286	4800	841.5	4.4
286	5000	844.0	4.3
286	5200	846.4	4.3
286	5400	848.8	4.2
286	5600	851.1	4.2
286	5800	853.3	4.2
286	6000	855.5	4.1
286	6200	857.6	4.1
286	6400	859.7	4.1
286	6600	861.7	4.0
286	6800	863.7	4.0
286	7000	865.6	4.0
286	7200	867.5	3.9
286	7400	869.4	3.9
286	7600	871.2	3.9
286	7800	873.0	3.9
286	8000	874.8	3.8
286	8200	876.5	3.8
286	8400	878.2	3.8
286	8600	879.9	3.8
286	8800	881.5	3.8
286	9000	883.1	3.7
286	9200	884.7	3.7
286	9400	886.3	3.7
286	9600	887.8	3.7
286	9800	889.4	3.7
286	10000	890.9	3.6
287    4390.681    829.763    0
287	4400	828.5	4.6
287	4600	831.3	4.5
287	4800	834.1	4.4
287	5000	836.7	4.4
287	5200	839.3	4.3
287	5400	841.8	4.3
287	5600	844.2	4.2
287	5800	846.6	4.2
287	6000	848.9	4.1
287	6200	851.1	4.1
287	6400	853.3	4.1
287	6600	855.4	4.0
287	6800	857.5	4.0
287	7000	859.5	4.0
287	7200	861.5	3.9
287	7400	863.5	3.9
287	7600	865.4	3.9
287	7800	867.2	3.9
287	8000	869.1	3.8
287	8200	870.9	3.8
287	8400	872.6	3.8
287	8600	874.4	3.8
287	8800	876.1	3.8
287	9000	877.8	3.7
287	9200	879.4	3.7
287	9400	881.0	3.7
287	9600	882.6	3.7
287	9800	884.2	3.7
287	10000	885.7	3.6
288    4494.68    823.236    0
288	4600	823.4	4.6
288	4800	826.4	4.5
288	5000	829.2	4.4
288	5200	832.0	4.4
288	5400	834.6	4.3
288	5600	837.2	4.3
288	5800	839.7	4.2
288	6000	842.1	4.2
288	6200	844.5	4.1
288	6400	846.8	4.1
288	6600	849.0	4.1
288	6800	851.2	4.0
288	7000	853.3	4.0
288	7200	855.4	4.0
288	7400	857.4	3.9
288	7600	859.4	3.9
288	7800	861.4	3.9
288	8000	863.3	3.9
288	8200	865.1	3.8
288	8400	867.0	3.8
288	8600	868.8	3.8
288	8800	870.5	3.8
288	9000	872.3	3.7
288	9200	874.0	3.7
288	9400	875.7	3.7
288	9600	877.3	3.7
288	9800	878.9	3.7
288	10000	880.5	3.7
289	4600	815.1	4.7
289    4600.525    816.538    0
289	4800	818.3	4.6
289	5000	821.4	4.5
289	5200	824.3	4.4
289	5400	827.1	4.4
289	5600	829.9	4.3
289	5800	832.5	4.2
289	6000	835.1	4.2
289	6200	837.6	4.2
289	6400	840.0	4.1
289	6600	842.4	4.1
289	6800	844.7	4.0
289	7000	846.9	4.0
289	7200	849.1	4.0
289	7400	851.2	4.0
289	7600	853.3	3.9
289	7800	855.3	3.9
289	8000	857.3	3.9
289	8200	859.3	3.9
289	8400	861.2	3.8
289	8600	863.1	3.8
289	8800	864.9	3.8
289	9000	866.7	3.8
289	9200	868.5	3.7
289	9400	870.2	3.7
289	9600	871.9	3.7
289	9800	873.6	3.7
289	10000	875.3	3.7
290    4708.243    809.652    0
290	4800	809.8	4.7
290	5000	813.1	4.6
290	5200	816.3	4.5
290	5400	819.3	4.4
290	5600	822.3	4.4
290	5800	825.1	4.3
290	6000	827.9	4.2
290	6200	830.5	4.2
290	6400	833.1	4.2
290	6600	835.6	4.1
290	6800	838.0	4.1
290	7000	840.3	4.0
290	7200	842.6	4.0
290	7400	844.9	4.0
290	7600	847.0	3.9
290	7800	849.2	3.9
290	8000	851.3	3.9
290	8200	853.3	3.9
290	8400	855.3	3.8
290	8600	857.2	3.8
290	8800	859.2	3.8
290	9000	861.0	3.8
290	9200	862.9	3.8
290	9400	864.7	3.7
290	9600	866.5	3.7
290	9800	868.2	3.7
290	10000	869.9	3.7
291    4817.862    802.565    0
291	5000	804.5	4.7
291	5200	807.9	4.6
291	5400	811.2	4.5
291	5600	814.4	4.4
291	5800	817.4	4.4
291	6000	820.3	4.3
291	6200	823.1	4.3
291	6400	825.9	4.2
291	6600	828.5	4.2
291	6800	831.1	4.1
291	7000	833.6	4.1
291	7200	836.0	4.0
291	7400	838.3	4.0
291	7600	840.6	4.0
291	7800	842.9	3.9
291	8000	845.0	3.9
291	8200	847.2	3.9
291	8400	849.2	3.9
291	8600	851.3	3.8
291	8800	853.3	3.8
291	9000	855.2	3.8
291	9200	857.1	3.8
291	9400	859.0	3.8
291	9600	860.9	3.7
291	9800	862.7	3.7
291	10000	864.5	3.7
292    4929.414    795.257    0
292	5000	795.3	4.9
292	5200	799.1	4.8
292	5400	802.7	4.6
292	5600	806.1	4.5
292	5800	809.3	4.5
292	6000	812.5	4.4
292	6200	815.5	4.3
292	6400	818.4	4.3
292	6600	821.2	4.2
292	6800	823.9	4.2
292	7000	826.6	4.1
292	7200	829.1	4.1
292	7400	831.6	4.0
292	7600	834.0	4.0
292	7800	836.4	4.0
292	8000	838.7	4.0
292	8200	840.9	3.9
292	8400	843.1	3.9
292	8600	845.2	3.9
292	8800	847.3	3.9
292	9000	849.3	3.8
292	9200	851.3	3.8
292	9400	853.3	3.8
292	9600	855.2	3.8
292	9800	857.1	3.8
292	10000	858.9	3.7
293    5042.93    787.707    0
293	5200	789.7	5.0
293	5400	793.6	4.8
293	5600	797.3	4.7
293	5800	800.9	4.6
293	6000	804.3	4.5
293	6200	807.5	4.4
293	6400	810.7	4.3
293	6600	813.7	4.3
293	6800	816.6	4.2
293	7000	819.4	4.2
293	7200	822.1	4.1
293	7400	824.7	4.1
293	7600	827.2	4.1
293	7800	829.7	4.0
293	8000	832.1	4.0
293	8200	834.4	4.0
293	8400	836.7	3.9
293	8600	839.0	3.9
293	8800	841.1	3.9
293	9000	843.3	3.9
293	9200	845.3	3.8
293	9400	847.4	3.8
293	9600	849.4	3.8
293	9800	851.3	3.8
293	10000	853.2	3.8
294    5158.442    779.891    0
294	5200	779.6	5.2
294	5400	784.0	5.0
294	5600	788.1	4.8
294	5800	792.0	4.7
294	6000	795.7	4.6
294	6200	799.2	4.5
294	6400	802.6	4.4
294	6600	805.8	4.4
294	6800	808.9	4.3
294	7000	811.9	4.2
294	7200	814.7	4.2
294	7400	817.5	4.1
294	7600	820.2	4.1
294	7800	822.8	4.1
294	8000	825.4	4.0
294	8200	827.8	4.0
294	8400	830.2	4.0
294	8600	832.6	3.9
294	8800	834.9	3.9
294	9000	837.1	3.9
294	9200	839.2	3.9
294	9400	841.4	3.9
294	9600	843.5	3.8
294	9800	845.5	3.8
294	10000	847.5	3.8
295    5275.985    771.78    0
295	5400	773.7	5.3
295	5600	778.3	5.1
295	5800	782.6	4.9
295	6000	786.6	4.7
295	6200	790.4	4.6
295	6400	794.1	4.5
295	6600	797.6	4.4
295	6800	800.9	4.4
295	7000	804.1	4.3
295	7200	807.2	4.3
295	7400	810.1	4.2
295	7600	813.0	4.2
295	7800	815.8	4.1
295	8000	818.4	4.1
295	8200	821.0	4.1
295	8400	823.6	4.0
295	8600	826.0	4.0
295	8800	828.4	4.0
295	9000	830.7	3.9
295	9200	833.0	3.9
295	9400	835.2	3.9
295	9600	837.4	3.9
295	9800	839.5	3.9
295	10000	841.6	3.8
296    5395.595    763.34    0
296	5400	762.5	5.6
296	5600	767.6	5.3
296	5800	772.5	5.1
296	6000	776.9	4.9
296	6200	781.2	4.8
296	6400	785.2	4.7
296	6600	788.9	4.6
296	6800	792.5	4.5
296	7000	796.0	4.4
296	7200	799.3	4.3
296	7400	802.4	4.3
296	7600	805.5	4.2
296	7800	808.4	4.2
296	8000	811.3	4.1
296	8200	814.0	4.1
296	8400	816.7	4.1
296	8600	819.3	4.0
296	8800	821.8	4.0
296	9000	824.2	4.0
296	9200	826.6	4.0
296	9400	828.9	3.9
296	9600	831.2	3.9
296	9800	833.4	3.9
296	10000	835.6	3.9
297    5517.311    754.53    0
297	5600	756.1	5.7
297	5800	761.6	5.4
297	6000	766.6	5.2
297	6200	771.3	5.0
297	6400	775.7	4.8
297	6600	779.8	4.7
297	6800	783.8	4.6
297	7000	787.5	4.5
297	7200	791.0	4.4
297	7400	794.4	4.4
297	7600	797.7	4.3
297	7800	800.8	4.2
297	8000	803.9	4.2
297	8200	806.8	4.2
297	8400	809.6	4.1
297	8600	812.3	4.1
297	8800	815.0	4.1
297	9000	817.6	4.0
297	9200	820.1	4.0
297	9400	822.5	4.0
297	9600	824.9	4.0
297	9800	827.2	3.9
297	10000	829.4	3.9
298    5641.174    745.3    0
298	5800	749.6	5.8
298	6000	755.4	5.5
298	6200	760.7	5.2
298	6400	765.6	5.0
298	6600	770.2	4.9
298	6800	774.5	4.7
298	7000	778.6	4.6
298	7200	782.4	4.5
298	7400	786.1	4.5
298	7600	789.6	4.4
298	7800	793.0	4.3
298	8000	796.2	4.3
298	8200	799.3	4.2
298	8400	802.3	4.2
298	8600	805.2	4.1
298	8800	808.0	4.1
298	9000	810.7	4.1
298	9200	813.3	4.1
298	9400	815.9	4.0
298	9600	818.4	4.0
298	9800	820.8	4.0
298	10000	823.2	4.0
299    5767.227    735.589    0
299	5800	736.3	6.3
299	6000	743.1	5.8
299	6200	749.2	5.5
299	6400	754.7	5.3
299	6600	759.9	5.1
299	6800	764.6	4.9
299	7000	769.1	4.8
299	7200	773.3	4.7
299	7400	777.3	4.6
299	7600	781.1	4.5
299	7800	784.7	4.4
299	8000	788.2	4.4
299	8200	791.5	4.3
299	8400	794.7	4.3
299	8600	797.8	4.2
299	8800	800.8	4.2
299	9000	803.6	4.1
299	9200	806.4	4.1
299	9400	809.1	4.1
299	9600	811.7	4.1
299	9800	814.3	4.0
299	10000	816.7	4.0
300    5895.519    725.319    0
300	6000	729.2	6.4
300	6200	736.4	5.9
300	6400	742.9	5.6
300	6600	748.7	5.3
300	6800	754.1	5.1
300	7000	759.1	4.9
300	7200	763.7	4.8
300	7400	768.1	4.7
300	7600	772.2	4.6
300	7800	776.1	4.5
300	8000	779.9	4.4
300	8200	783.4	4.4
300	8400	786.8	4.3
300	8600	790.1	4.3
300	8800	793.3	4.2
300	9000	796.3	4.2
300	9200	799.3	4.2
300	9400	802.1	4.1
300	9600	804.9	4.1
300	9800	807.5	4.1
300	10000	810.1	4.1
301    6026.099    714.391    0
301	6200	722.0	6.5
301	6400	729.7	6.0
301	6600	736.5	5.6
301	6800	742.7	5.4
301	7000	748.3	5.2
301	7200	753.5	5.0
301	7400	758.3	4.8
301	7600	762.8	4.7
301	7800	767.1	4.6
301	8000	771.1	4.5
301	8200	775.0	4.5
301	8400	778.7	4.4
301	8600	782.2	4.4
301	8800	785.5	4.3
301	9000	788.8	4.3
301	9200	791.9	4.2
301	9400	794.9	4.2
301	9600	797.8	4.2
301	9800	800.6	4.1
301	10000	803.4	4.1
302    6159.026    702.674    0
302	6200	705.1	7.3
302	6400	714.7	6.5
302	6600	722.9	6.0
302	6800	730.1	5.7
302	7000	736.6	5.4
302	7200	742.4	5.2
302	7400	747.8	5.0
302	7600	752.9	4.9
302	7800	757.6	4.8
302	8000	762.0	4.7
302	8200	766.2	4.6
302	8400	770.1	4.5
302	8600	773.9	4.4
302	8800	777.5	4.4
302	9000	781.0	4.3
302	9200	784.3	4.3
302	9400	787.5	4.3
302	9600	790.6	4.2
302	9800	793.5	4.2
302	10000	796.4	4.2
303    6294.362    689.987    0
303	6400	697.0	7.3
303	6600	707.4	6.6
303	6800	716.1	6.1
303	7000	723.7	5.7
303	7200	730.4	5.4
303	7400	736.6	5.2
303	7600	742.2	5.1
303	7800	747.4	4.9
303	8000	752.3	4.8
303	8200	756.9	4.7
303	8400	761.2	4.6
303	8600	765.2	4.5
303	8800	769.1	4.5
303	9000	772.8	4.4
303	9200	776.4	4.4
303	9400	779.8	4.3
303	9600	783.1	4.3
303	9800	786.2	4.3
303	10000	789.3	4.2
304    6432.179    676.073    0
304	6600	688.7	7.4
304	6800	699.9	6.6
304	7000	709.2	6.1
304	7200	717.2	5.8
304	7400	724.3	5.5
304	7600	730.7	5.3
304	7800	736.6	5.1
304	8000	742.0	5.0
304	8200	747.0	4.8
304	8400	751.7	4.7
304	8600	756.2	4.6
304	8800	760.4	4.6
304	9000	764.4	4.5
304	9200	768.2	4.5
304	9400	771.8	4.4
304	9600	775.3	4.4
304	9800	778.6	4.3
304	10000	781.9	4.3
305    6572.563    660.545    0
305	6600	664.5	8.8
305	6800	680.4	7.4
305	7000	692.4	6.7
305	7200	702.3	6.1
305	7400	710.7	5.8
305	7600	718.2	5.5
305	7800	724.9	5.3
305	8000	730.9	5.1
305	8200	736.5	5.0
305	8400	741.7	4.9
305	8600	746.6	4.8
305	8800	751.2	4.7
305	9000	755.5	4.6
305	9200	759.6	4.5
305	9400	763.5	4.5
305	9600	767.2	4.4
305	9800	770.8	4.4
305	10000	774.2	4.4
306    6715.615    642.769    0
306	6800	654.5	8.8
306	7000	672.0	7.4
306	7200	684.9	6.7
306	7400	695.3	6.2
306	7600	704.2	5.8
306	7800	712.0	5.5
306	8000	719.0	5.3
306	8200	725.3	5.2
306	8400	731.1	5.0
306	8600	736.5	4.9
306	8800	741.5	4.8
306	9000	746.2	4.7
306	9200	750.7	4.6
306	9400	754.9	4.6
306	9600	758.9	4.5
306	9800	762.7	4.5
306	10000	766.3	4.4
307    6861.467    621.58    0
307	7000	644.4	8.7
307	7200	663.5	7.3
307	7400	677.4	6.6
307	7600	688.4	6.2
307	7800	697.8	5.8
307	8000	705.9	5.6
307	8200	713.2	5.4
307	8400	719.7	5.2
307	8600	725.7	5.0
307	8800	731.3	4.9
307	9000	736.4	4.8
307	9200	741.3	4.7
307	9400	745.8	4.7
307	9600	750.1	4.6
307	9800	754.2	4.5
307	10000	758.2	4.5
308    7010.306    594.354    0
308	7200	634.4	8.5
308	7400	655.2	7.3
308	7600	669.9	6.6
308	7800	681.6	6.2
308	8000	691.4	5.8
308	8200	699.8	5.6
308	8400	707.3	5.4
308	8600	714.1	5.2
308	8800	720.3	5.1
308	9000	726.0	5.0
308	9200	731.4	4.9
308	9400	736.3	4.8
308	9600	741.0	4.7
308	9800	745.4	4.6
308	10000	749.6	4.6
309    7162.454    551.81    0
309	7200	577	18
309	7400	624.7	8.3
309	7600	647.0	7.2
309	7800	662.6	6.6
309	8000	674.8	6.2
309	8200	685.0	5.9
309	8400	693.8	5.6
309	8600	701.6	5.4
309	8800	708.6	5.2
309	9000	715.0	5.1
309	9200	720.9	5.0
309	9400	726.3	4.9
309	9600	731.4	4.8
309	9800	736.2	4.7
309	10000	740.8	4.7
309.521	7400	601.2	9.8
309.521	7600	632.1	7.6
309.521	7800	651.0	6.9
309.521	8000	665.1	6.4
309.521	8200	676.5	6.0
309.521	8400	686.2	5.7
309.521	8600	694.6	5.5
309.521	8800	702.1	5.3
309.521	9000	708.9	5.2
309.521	9200	715.1	5.1
309.521	9400	720.9	5.0
309.521	9600	726.2	4.9
309.521	9800	731.3	4.8
309.521	10000	736.0	4.7
