Table: Heat capacity at constant pressure [L]
Temperature {K} 	Pressure {kPa} 	Heat capacity at constant pressure {J/K/mol} 	Uncertainty {J/K/mol} 
182.33	200	75.6	7.5
182.33	400	75.6	7.5
182.33	600	75.5	7.5
182.33	800	75.5	7.5
182.33	1000	75.5	7.5
182.33	1200	75.5	7.5
182.33	1400	75.5	7.5
182.33	1600	75.4	7.5
182.33	1800	75.4	7.5
182.33	2000	75.4	7.4
182.33	2200	75.4	7.4
182.33	2400	75.3	7.4
182.33	2600	75.3	7.4
182.33	2800	75.3	7.4
182.33	3000	75.3	7.4
182.33	3200	75.3	7.4
182.33	3400	75.2	7.4
182.33	3600	75.2	7.4
182.33	3800	75.2	7.4
182.33	4000	75.2	7.4
182.33	4200	75.2	7.4
182.33	4400	75.1	7.4
182.33	4600	75.1	7.4
182.33	4800	75.1	7.4
182.33	5000	75.1	7.4
182.33	5200	75.1	7.4
182.33	5400	75.0	7.4
182.33	5600	75.0	7.4
182.33	5800	75.0	7.4
182.33	6000	75.0	7.4
182.33	6200	75.0	7.4
182.33	6400	74.9	7.4
182.33	6600	74.9	7.4
182.33	6800	74.9	7.4
182.33	7000	74.9	7.4
182.33	7200	74.9	7.4
182.33	7400	74.8	7.4
182.33	7600	74.8	7.4
182.33	7800	74.8	7.4
182.33	8000	74.8	7.4
182.33	8200	74.8	7.4
182.33	8400	74.7	7.4
182.33	8600	74.7	7.4
182.33	8800	74.7	7.4
182.33	9000	74.7	7.4
182.33	9200	74.7	7.4
182.33	9400	74.7	7.4
182.33	9600	74.6	7.4
182.33	9800	74.6	7.4
182.33	10000	74.6	7.4
183	200	75.6	7.4
183	400	75.6	7.4
183	600	75.6	7.4
183	800	75.5	7.4
183	1000	75.5	7.4
183	1200	75.5	7.4
183	1400	75.5	7.4
183	1600	75.4	7.4
183	1800	75.4	7.4
183	2000	75.4	7.4
183	2200	75.4	7.4
183	2400	75.4	7.4
183	2600	75.3	7.4
183	2800	75.3	7.4
183	3000	75.3	7.4
183	3200	75.3	7.4
183	3400	75.3	7.4
183	3600	75.2	7.4
183	3800	75.2	7.4
183	4000	75.2	7.4
183	4200	75.2	7.4
183	4400	75.1	7.4
183	4600	75.1	7.4
183	4800	75.1	7.4
183	5000	75.1	7.4
183	5200	75.1	7.4
183	5400	75.0	7.4
183	5600	75.0	7.4
183	5800	75.0	7.4
183	6000	75.0	7.4
183	6200	75.0	7.4
183	6400	74.9	7.4
183	6600	74.9	7.4
183	6800	74.9	7.4
183	7000	74.9	7.4
183	7200	74.9	7.4
183	7400	74.8	7.4
183	7600	74.8	7.4
183	7800	74.8	7.4
183	8000	74.8	7.4
183	8200	74.8	7.4
183	8400	74.8	7.4
183	8600	74.7	7.4
183	8800	74.7	7.4
183	9000	74.7	7.4
183	9200	74.7	7.4
183	9400	74.7	7.4
183	9600	74.6	7.4
183	9800	74.6	7.4
183	10000	74.6	7.4
184	200	75.6	7.2
184	400	75.6	7.2
184	600	75.6	7.2
184	800	75.6	7.2
184	1000	75.5	7.2
184	1200	75.5	7.2
184	1400	75.5	7.2
184	1600	75.5	7.2
184	1800	75.4	7.2
184	2000	75.4	7.2
184	2200	75.4	7.2
184	2400	75.4	7.2
184	2600	75.4	7.2
184	2800	75.3	7.2
184	3000	75.3	7.2
184	3200	75.3	7.2
184	3400	75.3	7.2
184	3600	75.2	7.2
184	3800	75.2	7.2
184	4000	75.2	7.2
184	4200	75.2	7.2
184	4400	75.2	7.2
184	4600	75.1	7.2
184	4800	75.1	7.2
184	5000	75.1	7.2
184	5200	75.1	7.2
184	5400	75.1	7.2
184	5600	75.0	7.2
184	5800	75.0	7.2
184	6000	75.0	7.2
184	6200	75.0	7.2
184	6400	75.0	7.2
184	6600	74.9	7.2
184	6800	74.9	7.2
184	7000	74.9	7.2
184	7200	74.9	7.2
184	7400	74.9	7.2
184	7600	74.8	7.2
184	7800	74.8	7.2
184	8000	74.8	7.2
184	8200	74.8	7.2
184	8400	74.8	7.2
184	8600	74.7	7.2
184	8800	74.7	7.2
184	9000	74.7	7.2
184	9200	74.7	7.2
184	9400	74.7	7.2
184	9600	74.6	7.2
184	9800	74.6	7.2
184	10000	74.6	7.2
185	200	75.7	7.1
185	400	75.6	7.1
185	600	75.6	7.1
185	800	75.6	7.1
185	1000	75.6	7.1
185	1200	75.5	7.1
185	1400	75.5	7.1
185	1600	75.5	7.1
185	1800	75.5	7.1
185	2000	75.4	7.1
185	2200	75.4	7.1
185	2400	75.4	7.1
185	2600	75.4	7.1
185	2800	75.4	7.1
185	3000	75.3	7.1
185	3200	75.3	7.1
185	3400	75.3	7.1
185	3600	75.3	7.1
185	3800	75.2	7.1
185	4000	75.2	7.1
185	4200	75.2	7.1
185	4400	75.2	7.1
185	4600	75.2	7.1
185	4800	75.1	7.1
185	5000	75.1	7.1
185	5200	75.1	7.1
185	5400	75.1	7.1
185	5600	75.0	7.1
185	5800	75.0	7.1
185	6000	75.0	7.1
185	6200	75.0	7.1
185	6400	75.0	7.1
185	6600	74.9	7.1
185	6800	74.9	7.1
185	7000	74.9	7.1
185	7200	74.9	7.1
185	7400	74.9	7.1
185	7600	74.8	7.1
185	7800	74.8	7.1
185	8000	74.8	7.1
185	8200	74.8	7.1
185	8400	74.8	7.1
185	8600	74.7	7.1
185	8800	74.7	7.1
185	9000	74.7	7.1
185	9200	74.7	7.1
185	9400	74.7	7.1
185	9600	74.6	7.1
185	9800	74.6	7.1
185	10000	74.6	7.1
186	200	75.7	7.0
186	400	75.7	7.0
186	600	75.6	7.0
186	800	75.6	7.0
186	1000	75.6	7.0
186	1200	75.6	7.0
186	1400	75.5	7.0
186	1600	75.5	7.0
186	1800	75.5	7.0
186	2000	75.5	7.0
186	2200	75.4	7.0
186	2400	75.4	7.0
186	2600	75.4	7.0
186	2800	75.4	7.0
186	3000	75.4	7.0
186	3200	75.3	7.0
186	3400	75.3	7.0
186	3600	75.3	7.0
186	3800	75.3	7.0
186	4000	75.2	7.0
186	4200	75.2	7.0
186	4400	75.2	7.0
186	4600	75.2	7.0
186	4800	75.1	7.0
186	5000	75.1	7.0
186	5200	75.1	7.0
186	5400	75.1	7.0
186	5600	75.1	7.0
186	5800	75.0	7.0
186	6000	75.0	7.0
186	6200	75.0	7.0
186	6400	75.0	7.0
186	6600	75.0	7.0
186	6800	74.9	7.0
186	7000	74.9	7.0
186	7200	74.9	7.0
186	7400	74.9	7.0
186	7600	74.9	7.0
186	7800	74.8	7.0
186	8000	74.8	7.0
186	8200	74.8	7.0
186	8400	74.8	7.0
186	8600	74.8	7.0
186	8800	74.7	7.0
186	9000	74.7	7.0
186	9200	74.7	7.0
186	9400	74.7	7.0
186	9600	74.7	7.0
186	9800	74.6	7.0
186	10000	74.6	7.0
187	200	75.7	6.9
187	400	75.7	6.9
187	600	75.7	6.9
187	800	75.6	6.9
187	1000	75.6	6.9
187	1200	75.6	6.9
187	1400	75.6	6.9
187	1600	75.5	6.9
187	1800	75.5	6.9
187	2000	75.5	6.9
187	2200	75.5	6.9
187	2400	75.4	6.9
187	2600	75.4	6.9
187	2800	75.4	6.9
187	3000	75.4	6.9
187	3200	75.4	6.9
187	3400	75.3	6.9
187	3600	75.3	6.9
187	3800	75.3	6.9
187	4000	75.3	6.9
187	4200	75.2	6.9
187	4400	75.2	6.9
187	4600	75.2	6.9
187	4800	75.2	6.9
187	5000	75.1	6.9
187	5200	75.1	6.9
187	5400	75.1	6.9
187	5600	75.1	6.9
187	5800	75.1	6.9
187	6000	75.0	6.9
187	6200	75.0	6.9
187	6400	75.0	6.9
187	6600	75.0	6.9
187	6800	75.0	6.9
187	7000	74.9	6.9
187	7200	74.9	6.9
187	7400	74.9	6.9
187	7600	74.9	6.9
187	7800	74.8	6.9
187	8000	74.8	6.9
187	8200	74.8	6.9
187	8400	74.8	6.9
187	8600	74.8	6.9
187	8800	74.7	6.9
187	9000	74.7	6.9
187	9200	74.7	6.9
187	9400	74.7	6.9
187	9600	74.7	6.9
187	9800	74.6	6.9
187	10000	74.6	6.9
188	200	75.8	6.8
188	400	75.7	6.8
188	600	75.7	6.8
188	800	75.7	6.8
188	1000	75.7	6.8
188	1200	75.6	6.8
188	1400	75.6	6.8
188	1600	75.6	6.8
188	1800	75.6	6.8
188	2000	75.5	6.8
188	2200	75.5	6.8
188	2400	75.5	6.8
188	2600	75.5	6.8
188	2800	75.4	6.8
188	3000	75.4	6.8
188	3200	75.4	6.8
188	3400	75.4	6.8
188	3600	75.3	6.8
188	3800	75.3	6.8
188	4000	75.3	6.8
188	4200	75.3	6.8
188	4400	75.2	6.8
188	4600	75.2	6.8
188	4800	75.2	6.8
188	5000	75.2	6.8
188	5200	75.1	6.8
188	5400	75.1	6.8
188	5600	75.1	6.8
188	5800	75.1	6.8
188	6000	75.1	6.8
188	6200	75.0	6.8
188	6400	75.0	6.8
188	6600	75.0	6.8
188	6800	75.0	6.8
188	7000	74.9	6.8
188	7200	74.9	6.8
188	7400	74.9	6.8
188	7600	74.9	6.8
188	7800	74.9	6.8
188	8000	74.8	6.8
188	8200	74.8	6.8
188	8400	74.8	6.8
188	8600	74.8	6.8
188	8800	74.8	6.8
188	9000	74.7	6.8
188	9200	74.7	6.8
188	9400	74.7	6.8
188	9600	74.7	6.8
188	9800	74.7	6.8
188	10000	74.6	6.8
189	200	75.8	6.7
189	400	75.8	6.7
189	600	75.7	6.7
189	800	75.7	6.7
189	1000	75.7	6.7
189	1200	75.7	6.7
189	1400	75.6	6.7
189	1600	75.6	6.7
189	1800	75.6	6.6
189	2000	75.6	6.6
189	2200	75.5	6.6
189	2400	75.5	6.6
189	2600	75.5	6.6
189	2800	75.5	6.6
189	3000	75.4	6.6
189	3200	75.4	6.6
189	3400	75.4	6.6
189	3600	75.4	6.6
189	3800	75.3	6.6
189	4000	75.3	6.6
189	4200	75.3	6.6
189	4400	75.3	6.6
189	4600	75.2	6.6
189	4800	75.2	6.6
189	5000	75.2	6.6
189	5200	75.2	6.6
189	5400	75.1	6.6
189	5600	75.1	6.6
189	5800	75.1	6.6
189	6000	75.1	6.6
189	6200	75.1	6.6
189	6400	75.0	6.6
189	6600	75.0	6.6
189	6800	75.0	6.6
189	7000	75.0	6.6
189	7200	74.9	6.6
189	7400	74.9	6.6
189	7600	74.9	6.6
189	7800	74.9	6.6
189	8000	74.9	6.6
189	8200	74.8	6.6
189	8400	74.8	6.6
189	8600	74.8	6.6
189	8800	74.8	6.6
189	9000	74.7	6.6
189	9200	74.7	6.6
189	9400	74.7	6.6
189	9600	74.7	6.6
189	9800	74.7	6.6
189	10000	74.6	6.6
190	200	75.8	6.5
190	400	75.8	6.5
190	600	75.8	6.5
190	800	75.8	6.5
190	1000	75.7	6.5
190	1200	75.7	6.5
190	1400	75.7	6.5
190	1600	75.7	6.5
190	1800	75.6	6.5
190	2000	75.6	6.5
190	2200	75.6	6.5
190	2400	75.5	6.5
190	2600	75.5	6.5
190	2800	75.5	6.5
190	3000	75.5	6.5
190	3200	75.4	6.5
190	3400	75.4	6.5
190	3600	75.4	6.5
190	3800	75.4	6.5
190	4000	75.3	6.5
190	4200	75.3	6.5
190	4400	75.3	6.5
190	4600	75.3	6.5
190	4800	75.2	6.5
190	5000	75.2	6.5
190	5200	75.2	6.5
190	5400	75.2	6.5
190	5600	75.2	6.5
190	5800	75.1	6.5
190	6000	75.1	6.5
190	6200	75.1	6.5
190	6400	75.1	6.5
190	6600	75.0	6.5
190	6800	75.0	6.5
190	7000	75.0	6.5
190	7200	75.0	6.5
190	7400	74.9	6.5
190	7600	74.9	6.5
190	7800	74.9	6.5
190	8000	74.9	6.5
190	8200	74.9	6.5
190	8400	74.8	6.5
190	8600	74.8	6.5
190	8800	74.8	6.5
190	9000	74.8	6.5
190	9200	74.7	6.5
190	9400	74.7	6.5
190	9600	74.7	6.5
190	9800	74.7	6.5
190	10000	74.7	6.5
191	200	75.9	6.4
191	400	75.9	6.4
191	600	75.8	6.4
191	800	75.8	6.4
191	1000	75.8	6.4
191	1200	75.8	6.4
191	1400	75.7	6.4
191	1600	75.7	6.4
191	1800	75.7	6.4
191	2000	75.6	6.4
191	2200	75.6	6.4
191	2400	75.6	6.4
191	2600	75.6	6.4
191	2800	75.5	6.4
191	3000	75.5	6.4
191	3200	75.5	6.4
191	3400	75.5	6.4
191	3600	75.4	6.4
191	3800	75.4	6.4
191	4000	75.4	6.4
191	4200	75.4	6.4
191	4400	75.3	6.4
191	4600	75.3	6.4
191	4800	75.3	6.4
191	5000	75.3	6.4
191	5200	75.2	6.4
191	5400	75.2	6.4
191	5600	75.2	6.4
191	5800	75.2	6.4
191	6000	75.1	6.4
191	6200	75.1	6.4
191	6400	75.1	6.4
191	6600	75.1	6.4
191	6800	75.0	6.4
191	7000	75.0	6.4
191	7200	75.0	6.4
191	7400	75.0	6.4
191	7600	74.9	6.4
191	7800	74.9	6.4
191	8000	74.9	6.4
191	8200	74.9	6.4
191	8400	74.9	6.4
191	8600	74.8	6.4
191	8800	74.8	6.4
191	9000	74.8	6.4
191	9200	74.8	6.4
191	9400	74.7	6.4
191	9600	74.7	6.4
191	9800	74.7	6.4
191	10000	74.7	6.4
192	200	75.9	6.3
192	400	75.9	6.3
192	600	75.9	6.3
192	800	75.9	6.3
192	1000	75.8	6.3
192	1200	75.8	6.3
192	1400	75.8	6.3
192	1600	75.7	6.3
192	1800	75.7	6.3
192	2000	75.7	6.3
192	2200	75.7	6.3
192	2400	75.6	6.3
192	2600	75.6	6.3
192	2800	75.6	6.3
192	3000	75.6	6.3
192	3200	75.5	6.3
192	3400	75.5	6.3
192	3600	75.5	6.3
192	3800	75.4	6.3
192	4000	75.4	6.3
192	4200	75.4	6.3
192	4400	75.4	6.3
192	4600	75.3	6.3
192	4800	75.3	6.3
192	5000	75.3	6.3
192	5200	75.3	6.3
192	5400	75.2	6.3
192	5600	75.2	6.3
192	5800	75.2	6.3
192	6000	75.2	6.3
192	6200	75.1	6.3
192	6400	75.1	6.3
192	6600	75.1	6.3
192	6800	75.1	6.3
192	7000	75.0	6.3
192	7200	75.0	6.3
192	7400	75.0	6.3
192	7600	75.0	6.3
192	7800	74.9	6.3
192	8000	74.9	6.3
192	8200	74.9	6.3
192	8400	74.9	6.3
192	8600	74.9	6.3
192	8800	74.8	6.3
192	9000	74.8	6.3
192	9200	74.8	6.3
192	9400	74.8	6.3
192	9600	74.7	6.3
192	9800	74.7	6.3
192	10000	74.7	6.3
193	200	76.0	6.2
193	400	76.0	6.2
193	600	75.9	6.2
193	800	75.9	6.2
193	1000	75.9	6.2
193	1200	75.8	6.2
193	1400	75.8	6.2
193	1600	75.8	6.2
193	1800	75.8	6.2
193	2000	75.7	6.2
193	2200	75.7	6.2
193	2400	75.7	6.2
193	2600	75.6	6.2
193	2800	75.6	6.2
193	3000	75.6	6.2
193	3200	75.6	6.2
193	3400	75.5	6.2
193	3600	75.5	6.2
193	3800	75.5	6.2
193	4000	75.5	6.2
193	4200	75.4	6.2
193	4400	75.4	6.2
193	4600	75.4	6.2
193	4800	75.4	6.2
193	5000	75.3	6.2
193	5200	75.3	6.2
193	5400	75.3	6.2
193	5600	75.3	6.2
193	5800	75.2	6.2
193	6000	75.2	6.2
193	6200	75.2	6.2
193	6400	75.1	6.2
193	6600	75.1	6.2
193	6800	75.1	6.2
193	7000	75.1	6.2
193	7200	75.1	6.2
193	7400	75.0	6.2
193	7600	75.0	6.2
193	7800	75.0	6.2
193	8000	75.0	6.2
193	8200	74.9	6.2
193	8400	74.9	6.2
193	8600	74.9	6.2
193	8800	74.9	6.2
193	9000	74.8	6.2
193	9200	74.8	6.2
193	9400	74.8	6.2
193	9600	74.8	6.2
193	9800	74.7	6.2
193	10000	74.7	6.2
194	200	76.0	6.1
194	400	76.0	6.1
194	600	76.0	6.1
194	800	76.0	6.1
194	1000	75.9	6.1
194	1200	75.9	6.1
194	1400	75.9	6.1
194	1600	75.8	6.1
194	1800	75.8	6.1
194	2000	75.8	6.1
194	2200	75.8	6.1
194	2400	75.7	6.1
194	2600	75.7	6.1
194	2800	75.7	6.1
194	3000	75.6	6.1
194	3200	75.6	6.1
194	3400	75.6	6.1
194	3600	75.6	6.1
194	3800	75.5	6.1
194	4000	75.5	6.1
194	4200	75.5	6.1
194	4400	75.4	6.1
194	4600	75.4	6.1
194	4800	75.4	6.1
194	5000	75.4	6.1
194	5200	75.3	6.1
194	5400	75.3	6.1
194	5600	75.3	6.1
194	5800	75.3	6.1
194	6000	75.2	6.1
194	6200	75.2	6.1
194	6400	75.2	6.1
194	6600	75.2	6.1
194	6800	75.1	6.1
194	7000	75.1	6.1
194	7200	75.1	6.1
194	7400	75.1	6.1
194	7600	75.0	6.1
194	7800	75.0	6.1
194	8000	75.0	6.1
194	8200	75.0	6.1
194	8400	74.9	6.1
194	8600	74.9	6.1
194	8800	74.9	6.1
194	9000	74.9	6.1
194	9200	74.8	6.1
194	9400	74.8	6.1
194	9600	74.8	6.1
194	9800	74.8	6.1
194	10000	74.7	6.1
195	200	76.1	6.0
195	400	76.1	6.0
195	600	76.0	6.0
195	800	76.0	6.0
195	1000	76.0	6.0
195	1200	76.0	6.0
195	1400	75.9	6.0
195	1600	75.9	6.0
195	1800	75.9	6.0
195	2000	75.8	6.0
195	2200	75.8	6.0
195	2400	75.8	6.0
195	2600	75.7	6.0
195	2800	75.7	6.0
195	3000	75.7	6.0
195	3200	75.7	6.0
195	3400	75.6	6.0
195	3600	75.6	6.0
195	3800	75.6	6.0
195	4000	75.5	6.0
195	4200	75.5	6.0
195	4400	75.5	6.0
195	4600	75.5	6.0
195	4800	75.4	6.0
195	5000	75.4	6.0
195	5200	75.4	6.0
195	5400	75.4	6.0
195	5600	75.3	6.0
195	5800	75.3	6.0
195	6000	75.3	6.0
195	6200	75.2	6.0
195	6400	75.2	6.0
195	6600	75.2	6.0
195	6800	75.2	6.0
195	7000	75.1	6.0
195	7200	75.1	6.0
195	7400	75.1	6.0
195	7600	75.1	6.0
195	7800	75.0	6.0
195	8000	75.0	6.0
195	8200	75.0	6.0
195	8400	75.0	6.0
195	8600	74.9	6.0
195	8800	74.9	6.0
195	9000	74.9	6.0
195	9200	74.9	6.0
195	9400	74.8	6.0
195	9600	74.8	6.0
195	9800	74.8	6.0
195	10000	74.8	6.0
196	200	76.2	5.9
196	400	76.1	5.9
196	600	76.1	5.9
196	800	76.1	5.9
196	1000	76.0	5.9
196	1200	76.0	5.9
196	1400	76.0	5.9
196	1600	76.0	5.9
196	1800	75.9	5.9
196	2000	75.9	5.9
196	2200	75.9	5.9
196	2400	75.8	5.9
196	2600	75.8	5.9
196	2800	75.8	5.9
196	3000	75.7	5.9
196	3200	75.7	5.9
196	3400	75.7	5.9
196	3600	75.7	5.9
196	3800	75.6	5.9
196	4000	75.6	5.9
196	4200	75.6	5.9
196	4400	75.5	5.9
196	4600	75.5	5.9
196	4800	75.5	5.9
196	5000	75.5	5.9
196	5200	75.4	5.9
196	5400	75.4	5.9
196	5600	75.4	5.9
196	5800	75.3	5.9
196	6000	75.3	5.9
196	6200	75.3	5.9
196	6400	75.3	5.9
196	6600	75.2	5.9
196	6800	75.2	5.9
196	7000	75.2	5.9
196	7200	75.2	5.9
196	7400	75.1	5.9
196	7600	75.1	5.9
196	7800	75.1	5.9
196	8000	75.1	5.9
196	8200	75.0	5.9
196	8400	75.0	5.9
196	8600	75.0	5.9
196	8800	75.0	5.9
196	9000	74.9	5.9
196	9200	74.9	5.9
196	9400	74.9	5.9
196	9600	74.9	5.9
196	9800	74.8	5.9
196	10000	74.8	5.9
197	400	76.2	5.8
197	600	76.2	5.8
197	800	76.1	5.8
197	1000	76.1	5.8
197	1200	76.1	5.8
197	1400	76.0	5.8
197	1600	76.0	5.8
197	1800	76.0	5.8
197	2000	75.9	5.8
197	2200	75.9	5.8
197	2400	75.9	5.8
197	2600	75.9	5.8
197	2800	75.8	5.8
197	3000	75.8	5.8
197	3200	75.8	5.8
197	3400	75.7	5.8
197	3600	75.7	5.8
197	3800	75.7	5.8
197	4000	75.6	5.8
197	4200	75.6	5.8
197	4400	75.6	5.8
197	4600	75.6	5.8
197	4800	75.5	5.8
197	5000	75.5	5.8
197	5200	75.5	5.8
197	5400	75.4	5.8
197	5600	75.4	5.8
197	5800	75.4	5.8
197	6000	75.4	5.8
197	6200	75.3	5.8
197	6400	75.3	5.8
197	6600	75.3	5.8
197	6800	75.3	5.8
197	7000	75.2	5.8
197	7200	75.2	5.8
197	7400	75.2	5.8
197	7600	75.1	5.8
197	7800	75.1	5.8
197	8000	75.1	5.8
197	8200	75.1	5.8
197	8400	75.0	5.8
197	8600	75.0	5.8
197	8800	75.0	5.8
197	9000	75.0	5.8
197	9200	74.9	5.8
197	9400	74.9	5.8
197	9600	74.9	5.8
197	9800	74.9	5.8
197	10000	74.8	5.8
198	400	76.3	5.7
198	600	76.2	5.7
198	800	76.2	5.7
198	1000	76.2	5.7
198	1200	76.1	5.7
198	1400	76.1	5.7
198	1600	76.1	5.7
198	1800	76.0	5.7
198	2000	76.0	5.7
198	2200	76.0	5.7
198	2400	75.9	5.7
198	2600	75.9	5.7
198	2800	75.9	5.7
198	3000	75.9	5.7
198	3200	75.8	5.7
198	3400	75.8	5.7
198	3600	75.8	5.7
198	3800	75.7	5.7
198	4000	75.7	5.7
198	4200	75.7	5.7
198	4400	75.6	5.7
198	4600	75.6	5.7
198	4800	75.6	5.7
198	5000	75.6	5.7
198	5200	75.5	5.7
198	5400	75.5	5.7
198	5600	75.5	5.7
198	5800	75.4	5.7
198	6000	75.4	5.7
198	6200	75.4	5.7
198	6400	75.4	5.7
198	6600	75.3	5.7
198	6800	75.3	5.7
198	7000	75.3	5.7
198	7200	75.2	5.7
198	7400	75.2	5.7
198	7600	75.2	5.7
198	7800	75.2	5.7
198	8000	75.1	5.7
198	8200	75.1	5.7
198	8400	75.1	5.7
198	8600	75.1	5.7
198	8800	75.0	5.7
198	9000	75.0	5.7
198	9200	75.0	5.7
198	9400	74.9	5.7
198	9600	74.9	5.7
198	9800	74.9	5.7
198	10000	74.9	5.7
199	400	76.3	5.6
199	600	76.3	5.6
199	800	76.3	5.6
199	1000	76.2	5.6
199	1200	76.2	5.6
199	1400	76.2	5.6
199	1600	76.1	5.6
199	1800	76.1	5.6
199	2000	76.1	5.6
199	2200	76.0	5.6
199	2400	76.0	5.6
199	2600	76.0	5.6
199	2800	75.9	5.6
199	3000	75.9	5.6
199	3200	75.9	5.6
199	3400	75.9	5.6
199	3600	75.8	5.6
199	3800	75.8	5.6
199	4000	75.8	5.6
199	4200	75.7	5.6
199	4400	75.7	5.6
199	4600	75.7	5.6
199	4800	75.6	5.6
199	5000	75.6	5.6
199	5200	75.6	5.6
199	5400	75.5	5.6
199	5600	75.5	5.6
199	5800	75.5	5.6
199	6000	75.5	5.6
199	6200	75.4	5.6
199	6400	75.4	5.6
199	6600	75.4	5.6
199	6800	75.3	5.6
199	7000	75.3	5.6
199	7200	75.3	5.6
199	7400	75.3	5.6
199	7600	75.2	5.6
199	7800	75.2	5.6
199	8000	75.2	5.6
199	8200	75.2	5.6
199	8400	75.1	5.6
199	8600	75.1	5.6
199	8800	75.1	5.6
199	9000	75.0	5.6
199	9200	75.0	5.6
199	9400	75.0	5.6
199	9600	75.0	5.6
199	9800	74.9	5.6
199	10000	74.9	5.6
200	400	76.4	5.6
200	600	76.4	5.6
200	800	76.4	5.6
200	1000	76.3	5.6
200	1200	76.3	5.6
200	1400	76.2	5.6
200	1600	76.2	5.6
200	1800	76.2	5.6
200	2000	76.1	5.6
200	2200	76.1	5.6
200	2400	76.1	5.6
200	2600	76.0	5.6
200	2800	76.0	5.6
200	3000	76.0	5.6
200	3200	75.9	5.6
200	3400	75.9	5.6
200	3600	75.9	5.6
200	3800	75.9	5.6
200	4000	75.8	5.6
200	4200	75.8	5.6
200	4400	75.8	5.6
200	4600	75.7	5.6
200	4800	75.7	5.6
200	5000	75.7	5.6
200	5200	75.6	5.6
200	5400	75.6	5.6
200	5600	75.6	5.6
200	5800	75.5	5.6
200	6000	75.5	5.6
200	6200	75.5	5.6
200	6400	75.5	5.6
200	6600	75.4	5.6
200	6800	75.4	5.6
200	7000	75.4	5.6
200	7200	75.3	5.6
200	7400	75.3	5.6
200	7600	75.3	5.6
200	7800	75.3	5.6
200	8000	75.2	5.6
200	8200	75.2	5.5
200	8400	75.2	5.5
200	8600	75.1	5.5
200	8800	75.1	5.5
200	9000	75.1	5.5
200	9200	75.1	5.5
200	9400	75.0	5.5
200	9600	75.0	5.5
200	9800	75.0	5.5
200	10000	75.0	5.5
201	400	76.5	5.5
201	600	76.5	5.5
201	800	76.4	5.5
201	1000	76.4	5.5
201	1200	76.4	5.5
201	1400	76.3	5.5
201	1600	76.3	5.5
201	1800	76.3	5.5
201	2000	76.2	5.5
201	2200	76.2	5.5
201	2400	76.2	5.5
201	2600	76.1	5.5
201	2800	76.1	5.5
201	3000	76.0	5.5
201	3200	76.0	5.5
201	3400	76.0	5.5
201	3600	75.9	5.5
201	3800	75.9	5.5
201	4000	75.9	5.5
201	4200	75.9	5.5
201	4400	75.8	5.5
201	4600	75.8	5.5
201	4800	75.8	5.5
201	5000	75.7	5.5
201	5200	75.7	5.5
201	5400	75.7	5.5
201	5600	75.6	5.5
201	5800	75.6	5.5
201	6000	75.6	5.5
201	6200	75.5	5.5
201	6400	75.5	5.5
201	6600	75.5	5.5
201	6800	75.4	5.5
201	7000	75.4	5.5
201	7200	75.4	5.5
201	7400	75.4	5.5
201	7600	75.3	5.5
201	7800	75.3	5.5
201	8000	75.3	5.5
201	8200	75.2	5.5
201	8400	75.2	5.5
201	8600	75.2	5.5
201	8800	75.2	5.5
201	9000	75.1	5.5
201	9200	75.1	5.5
201	9400	75.1	5.5
201	9600	75.0	5.5
201	9800	75.0	5.5
201	10000	75.0	5.5
202	400	76.6	5.4
202	600	76.5	5.4
202	800	76.5	5.4
202	1000	76.5	5.4
202	1200	76.4	5.4
202	1400	76.4	5.4
202	1600	76.4	5.4
202	1800	76.3	5.4
202	2000	76.3	5.4
202	2200	76.3	5.4
202	2400	76.2	5.4
202	2600	76.2	5.4
202	2800	76.2	5.4
202	3000	76.1	5.4
202	3200	76.1	5.4
202	3400	76.1	5.4
202	3600	76.0	5.4
202	3800	76.0	5.4
202	4000	76.0	5.4
202	4200	75.9	5.4
202	4400	75.9	5.4
202	4600	75.9	5.4
202	4800	75.8	5.4
202	5000	75.8	5.4
202	5200	75.8	5.4
202	5400	75.7	5.4
202	5600	75.7	5.4
202	5800	75.7	5.4
202	6000	75.6	5.4
202	6200	75.6	5.4
202	6400	75.6	5.4
202	6600	75.5	5.4
202	6800	75.5	5.4
202	7000	75.5	5.4
202	7200	75.4	5.4
202	7400	75.4	5.4
202	7600	75.4	5.4
202	7800	75.4	5.4
202	8000	75.3	5.4
202	8200	75.3	5.4
202	8400	75.3	5.4
202	8600	75.2	5.4
202	8800	75.2	5.4
202	9000	75.2	5.4
202	9200	75.2	5.4
202	9400	75.1	5.4
202	9600	75.1	5.4
202	9800	75.1	5.4
202	10000	75.0	5.4
203	400	76.7	5.3
203	600	76.6	5.3
203	800	76.6	5.3
203	1000	76.6	5.3
203	1200	76.5	5.3
203	1400	76.5	5.3
203	1600	76.4	5.3
203	1800	76.4	5.3
203	2000	76.4	5.3
203	2200	76.3	5.3
203	2400	76.3	5.3
203	2600	76.3	5.3
203	2800	76.2	5.3
203	3000	76.2	5.3
203	3200	76.2	5.3
203	3400	76.1	5.3
203	3600	76.1	5.3
203	3800	76.1	5.3
203	4000	76.0	5.3
203	4200	76.0	5.3
203	4400	76.0	5.3
203	4600	75.9	5.3
203	4800	75.9	5.3
203	5000	75.9	5.3
203	5200	75.8	5.3
203	5400	75.8	5.3
203	5600	75.8	5.3
203	5800	75.7	5.3
203	6000	75.7	5.3
203	6200	75.7	5.3
203	6400	75.6	5.3
203	6600	75.6	5.3
203	6800	75.6	5.3
203	7000	75.5	5.3
203	7200	75.5	5.3
203	7400	75.5	5.3
203	7600	75.4	5.3
203	7800	75.4	5.3
203	8000	75.4	5.3
203	8200	75.3	5.3
203	8400	75.3	5.3
203	8600	75.3	5.3
203	8800	75.3	5.3
203	9000	75.2	5.3
203	9200	75.2	5.3
203	9400	75.2	5.3
203	9600	75.1	5.3
203	9800	75.1	5.3
203	10000	75.1	5.3
204	400	76.8	5.2
204	600	76.7	5.2
204	800	76.7	5.2
204	1000	76.6	5.2
204	1200	76.6	5.2
204	1400	76.6	5.2
204	1600	76.5	5.2
204	1800	76.5	5.2
204	2000	76.5	5.2
204	2200	76.4	5.2
204	2400	76.4	5.2
204	2600	76.3	5.2
204	2800	76.3	5.2
204	3000	76.3	5.2
204	3200	76.2	5.2
204	3400	76.2	5.2
204	3600	76.2	5.2
204	3800	76.1	5.2
204	4000	76.1	5.2
204	4200	76.1	5.2
204	4400	76.0	5.2
204	4600	76.0	5.2
204	4800	76.0	5.2
204	5000	75.9	5.2
204	5200	75.9	5.2
204	5400	75.9	5.2
204	5600	75.8	5.2
204	5800	75.8	5.2
204	6000	75.8	5.2
204	6200	75.7	5.2
204	6400	75.7	5.2
204	6600	75.7	5.2
204	6800	75.6	5.2
204	7000	75.6	5.2
204	7200	75.6	5.2
204	7400	75.5	5.2
204	7600	75.5	5.2
204	7800	75.5	5.2
204	8000	75.4	5.2
204	8200	75.4	5.2
204	8400	75.4	5.2
204	8600	75.3	5.2
204	8800	75.3	5.2
204	9000	75.3	5.2
204	9200	75.3	5.2
204	9400	75.2	5.2
204	9600	75.2	5.2
204	9800	75.2	5.2
204	10000	75.1	5.2
205	400	76.9	5.1
205	600	76.8	5.1
205	800	76.8	5.1
205	1000	76.7	5.1
205	1200	76.7	5.1
205	1400	76.7	5.1
205	1600	76.6	5.1
205	1800	76.6	5.1
205	2000	76.5	5.1
205	2200	76.5	5.1
205	2400	76.5	5.1
205	2600	76.4	5.1
205	2800	76.4	5.1
205	3000	76.4	5.1
205	3200	76.3	5.1
205	3400	76.3	5.1
205	3600	76.2	5.1
205	3800	76.2	5.1
205	4000	76.2	5.1
205	4200	76.1	5.1
205	4400	76.1	5.1
205	4600	76.1	5.1
205	4800	76.0	5.1
205	5000	76.0	5.1
205	5200	76.0	5.1
205	5400	75.9	5.1
205	5600	75.9	5.1
205	5800	75.9	5.1
205	6000	75.8	5.1
205	6200	75.8	5.1
205	6400	75.8	5.1
205	6600	75.7	5.1
205	6800	75.7	5.1
205	7000	75.7	5.1
205	7200	75.6	5.1
205	7400	75.6	5.1
205	7600	75.6	5.1
205	7800	75.5	5.1
205	8000	75.5	5.1
205	8200	75.5	5.1
205	8400	75.4	5.1
205	8600	75.4	5.1
205	8800	75.4	5.1
205	9000	75.3	5.1
205	9200	75.3	5.1
205	9400	75.3	5.1
205	9600	75.2	5.1
205	9800	75.2	5.1
205	10000	75.2	5.1
206	400	77.0	5.1
206	600	76.9	5.1
206	800	76.9	5.1
206	1000	76.8	5.1
206	1200	76.8	5.1
206	1400	76.7	5.1
206	1600	76.7	5.1
206	1800	76.7	5.1
206	2000	76.6	5.1
206	2200	76.6	5.1
206	2400	76.6	5.1
206	2600	76.5	5.1
206	2800	76.5	5.1
206	3000	76.4	5.1
206	3200	76.4	5.1
206	3400	76.4	5.1
206	3600	76.3	5.1
206	3800	76.3	5.1
206	4000	76.2	5.1
206	4200	76.2	5.1
206	4400	76.2	5.1
206	4600	76.1	5.1
206	4800	76.1	5.1
206	5000	76.1	5.1
206	5200	76.0	5.1
206	5400	76.0	5.1
206	5600	76.0	5.1
206	5800	75.9	5.1
206	6000	75.9	5.1
206	6200	75.9	5.1
206	6400	75.8	5.1
206	6600	75.8	5.1
206	6800	75.8	5.1
206	7000	75.7	5.1
206	7200	75.7	5.1
206	7400	75.7	5.1
206	7600	75.6	5.1
206	7800	75.6	5.1
206	8000	75.6	5.1
206	8200	75.5	5.1
206	8400	75.5	5.1
206	8600	75.5	5.1
206	8800	75.4	5.1
206	9000	75.4	5.1
206	9200	75.4	5.1
206	9400	75.3	5.1
206	9600	75.3	5.1
206	9800	75.3	5.1
206	10000	75.2	5.1
207	400	77.1	5.0
207	600	77.0	5.0
207	800	77.0	5.0
207	1000	76.9	5.0
207	1200	76.9	5.0
207	1400	76.8	5.0
207	1600	76.8	5.0
207	1800	76.8	5.0
207	2000	76.7	5.0
207	2200	76.7	5.0
207	2400	76.6	5.0
207	2600	76.6	5.0
207	2800	76.6	5.0
207	3000	76.5	5.0
207	3200	76.5	5.0
207	3400	76.4	5.0
207	3600	76.4	5.0
207	3800	76.4	5.0
207	4000	76.3	5.0
207	4200	76.3	5.0
207	4400	76.3	5.0
207	4600	76.2	5.0
207	4800	76.2	5.0
207	5000	76.1	5.0
207	5200	76.1	5.0
207	5400	76.1	5.0
207	5600	76.0	5.0
207	5800	76.0	5.0
207	6000	76.0	5.0
207	6200	75.9	5.0
207	6400	75.9	5.0
207	6600	75.9	5.0
207	6800	75.8	5.0
207	7000	75.8	5.0
207	7200	75.8	5.0
207	7400	75.7	5.0
207	7600	75.7	5.0
207	7800	75.7	5.0
207	8000	75.6	5.0
207	8200	75.6	5.0
207	8400	75.6	5.0
207	8600	75.5	5.0
207	8800	75.5	5.0
207	9000	75.5	5.0
207	9200	75.4	5.0
207	9400	75.4	5.0
207	9600	75.4	5.0
207	9800	75.3	5.0
207	10000	75.3	5.0
208	400	77.2	4.9
208	600	77.1	4.9
208	800	77.1	4.9
208	1000	77.0	4.9
208	1200	77.0	4.9
208	1400	76.9	4.9
208	1600	76.9	4.9
208	1800	76.9	4.9
208	2000	76.8	4.9
208	2200	76.8	4.9
208	2400	76.7	4.9
208	2600	76.7	4.9
208	2800	76.7	4.9
208	3000	76.6	4.9
208	3200	76.6	4.9
208	3400	76.5	4.9
208	3600	76.5	4.9
208	3800	76.5	4.9
208	4000	76.4	4.9
208	4200	76.4	4.9
208	4400	76.3	4.9
208	4600	76.3	4.9
208	4800	76.3	4.9
208	5000	76.2	4.9
208	5200	76.2	4.9
208	5400	76.2	4.9
208	5600	76.1	4.9
208	5800	76.1	4.9
208	6000	76.0	4.9
208	6200	76.0	4.9
208	6400	76.0	4.9
208	6600	75.9	4.9
208	6800	75.9	4.9
208	7000	75.9	4.9
208	7200	75.8	4.9
208	7400	75.8	4.9
208	7600	75.8	4.9
208	7800	75.7	4.9
208	8000	75.7	4.9
208	8200	75.7	4.9
208	8400	75.6	4.9
208	8600	75.6	4.9
208	8800	75.6	4.9
208	9000	75.5	4.9
208	9200	75.5	4.9
208	9400	75.5	4.9
208	9600	75.4	4.9
208	9800	75.4	4.9
208	10000	75.4	4.9
209	400	77.3	4.8
209	600	77.2	4.8
209	800	77.2	4.8
209	1000	77.1	4.8
209	1200	77.1	4.8
209	1400	77.0	4.8
209	1600	77.0	4.8
209	1800	77.0	4.8
209	2000	76.9	4.8
209	2200	76.9	4.8
209	2400	76.8	4.8
209	2600	76.8	4.8
209	2800	76.7	4.8
209	3000	76.7	4.8
209	3200	76.7	4.8
209	3400	76.6	4.8
209	3600	76.6	4.8
209	3800	76.5	4.8
209	4000	76.5	4.8
209	4200	76.5	4.8
209	4400	76.4	4.8
209	4600	76.4	4.8
209	4800	76.3	4.8
209	5000	76.3	4.8
209	5200	76.3	4.8
209	5400	76.2	4.8
209	5600	76.2	4.8
209	5800	76.2	4.8
209	6000	76.1	4.8
209	6200	76.1	4.8
209	6400	76.0	4.8
209	6600	76.0	4.8
209	6800	76.0	4.8
209	7000	75.9	4.8
209	7200	75.9	4.8
209	7400	75.9	4.8
209	7600	75.8	4.8
209	7800	75.8	4.8
209	8000	75.8	4.8
209	8200	75.7	4.8
209	8400	75.7	4.8
209	8600	75.7	4.8
209	8800	75.6	4.8
209	9000	75.6	4.8
209	9200	75.6	4.8
209	9400	75.5	4.8
209	9600	75.5	4.8
209	9800	75.5	4.8
209	10000	75.4	4.8
210	400	77.4	4.8
210	600	77.3	4.8
210	800	77.3	4.8
210	1000	77.2	4.8
210	1200	77.2	4.8
210	1400	77.2	4.8
210	1600	77.1	4.8
210	1800	77.1	4.8
210	2000	77.0	4.8
210	2200	77.0	4.8
210	2400	76.9	4.8
210	2600	76.9	4.8
210	2800	76.8	4.8
210	3000	76.8	4.8
210	3200	76.8	4.8
210	3400	76.7	4.8
210	3600	76.7	4.8
210	3800	76.6	4.8
210	4000	76.6	4.8
210	4200	76.6	4.8
210	4400	76.5	4.8
210	4600	76.5	4.8
210	4800	76.4	4.8
210	5000	76.4	4.8
210	5200	76.4	4.8
210	5400	76.3	4.8
210	5600	76.3	4.8
210	5800	76.2	4.8
210	6000	76.2	4.8
210	6200	76.2	4.8
210	6400	76.1	4.8
210	6600	76.1	4.8
210	6800	76.1	4.8
210	7000	76.0	4.8
210	7200	76.0	4.8
210	7400	75.9	4.8
210	7600	75.9	4.8
210	7800	75.9	4.8
210	8000	75.8	4.8
210	8200	75.8	4.8
210	8400	75.8	4.8
210	8600	75.7	4.8
210	8800	75.7	4.8
210	9000	75.7	4.8
210	9200	75.6	4.8
210	9400	75.6	4.8
210	9600	75.6	4.8
210	9800	75.5	4.8
210	10000	75.5	4.8
211	400	77.5	4.7
211	600	77.5	4.7
211	800	77.4	4.7
211	1000	77.4	4.7
211	1200	77.3	4.7
211	1400	77.3	4.7
211	1600	77.2	4.7
211	1800	77.2	4.7
211	2000	77.1	4.7
211	2200	77.1	4.7
211	2400	77.0	4.7
211	2600	77.0	4.7
211	2800	77.0	4.7
211	3000	76.9	4.7
211	3200	76.9	4.7
211	3400	76.8	4.7
211	3600	76.8	4.7
211	3800	76.7	4.7
211	4000	76.7	4.7
211	4200	76.7	4.7
211	4400	76.6	4.7
211	4600	76.6	4.7
211	4800	76.5	4.7
211	5000	76.5	4.7
211	5200	76.4	4.7
211	5400	76.4	4.7
211	5600	76.4	4.7
211	5800	76.3	4.7
211	6000	76.3	4.7
211	6200	76.3	4.7
211	6400	76.2	4.7
211	6600	76.2	4.7
211	6800	76.1	4.7
211	7000	76.1	4.7
211	7200	76.1	4.7
211	7400	76.0	4.7
211	7600	76.0	4.7
211	7800	75.9	4.7
211	8000	75.9	4.7
211	8200	75.9	4.7
211	8400	75.8	4.7
211	8600	75.8	4.7
211	8800	75.8	4.7
211	9000	75.7	4.7
211	9200	75.7	4.7
211	9400	75.7	4.7
211	9600	75.6	4.7
211	9800	75.6	4.7
211	10000	75.6	4.7
212	600	77.6	4.6
212	800	77.5	4.6
212	1000	77.5	4.6
212	1200	77.4	4.6
212	1400	77.4	4.6
212	1600	77.3	4.6
212	1800	77.3	4.6
212	2000	77.2	4.6
212	2200	77.2	4.6
212	2400	77.1	4.6
212	2600	77.1	4.6
212	2800	77.1	4.6
212	3000	77.0	4.6
212	3200	77.0	4.6
212	3400	76.9	4.6
212	3600	76.9	4.6
212	3800	76.8	4.6
212	4000	76.8	4.6
212	4200	76.8	4.6
212	4400	76.7	4.6
212	4600	76.7	4.6
212	4800	76.6	4.6
212	5000	76.6	4.6
212	5200	76.5	4.6
212	5400	76.5	4.6
212	5600	76.5	4.6
212	5800	76.4	4.6
212	6000	76.4	4.6
212	6200	76.3	4.6
212	6400	76.3	4.6
212	6600	76.3	4.6
212	6800	76.2	4.6
212	7000	76.2	4.6
212	7200	76.1	4.6
212	7400	76.1	4.6
212	7600	76.1	4.6
212	7800	76.0	4.6
212	8000	76.0	4.6
212	8200	76.0	4.6
212	8400	75.9	4.6
212	8600	75.9	4.6
212	8800	75.8	4.6
212	9000	75.8	4.6
212	9200	75.8	4.6
212	9400	75.7	4.6
212	9600	75.7	4.6
212	9800	75.7	4.6
212	10000	75.6	4.6
213	600	77.7	4.6
213	800	77.6	4.6
213	1000	77.6	4.6
213	1200	77.5	4.6
213	1400	77.5	4.6
213	1600	77.5	4.6
213	1800	77.4	4.6
213	2000	77.4	4.6
213	2200	77.3	4.6
213	2400	77.3	4.6
213	2600	77.2	4.6
213	2800	77.2	4.6
213	3000	77.1	4.6
213	3200	77.1	4.6
213	3400	77.0	4.6
213	3600	77.0	4.6
213	3800	76.9	4.6
213	4000	76.9	4.6
213	4200	76.9	4.6
213	4400	76.8	4.6
213	4600	76.8	4.6
213	4800	76.7	4.6
213	5000	76.7	4.6
213	5200	76.6	4.6
213	5400	76.6	4.6
213	5600	76.6	4.6
213	5800	76.5	4.6
213	6000	76.5	4.6
213	6200	76.4	4.6
213	6400	76.4	4.6
213	6600	76.3	4.6
213	6800	76.3	4.6
213	7000	76.3	4.6
213	7200	76.2	4.6
213	7400	76.2	4.6
213	7600	76.2	4.6
213	7800	76.1	4.6
213	8000	76.1	4.6
213	8200	76.0	4.6
213	8400	76.0	4.6
213	8600	76.0	4.6
213	8800	75.9	4.6
213	9000	75.9	4.6
213	9200	75.8	4.6
213	9400	75.8	4.6
213	9600	75.8	4.6
213	9800	75.7	4.6
213	10000	75.7	4.6
214	600	77.8	4.5
214	800	77.8	4.5
214	1000	77.7	4.5
214	1200	77.7	4.5
214	1400	77.6	4.5
214	1600	77.6	4.5
214	1800	77.5	4.5
214	2000	77.5	4.5
214	2200	77.4	4.5
214	2400	77.4	4.5
214	2600	77.3	4.5
214	2800	77.3	4.5
214	3000	77.2	4.5
214	3200	77.2	4.5
214	3400	77.1	4.5
214	3600	77.1	4.5
214	3800	77.0	4.5
214	4000	77.0	4.5
214	4200	77.0	4.5
214	4400	76.9	4.5
214	4600	76.9	4.5
214	4800	76.8	4.5
214	5000	76.8	4.5
214	5200	76.7	4.5
214	5400	76.7	4.5
214	5600	76.7	4.5
214	5800	76.6	4.5
214	6000	76.6	4.5
214	6200	76.5	4.5
214	6400	76.5	4.5
214	6600	76.4	4.5
214	6800	76.4	4.5
214	7000	76.4	4.5
214	7200	76.3	4.5
214	7400	76.3	4.5
214	7600	76.2	4.5
214	7800	76.2	4.5
214	8000	76.2	4.5
214	8200	76.1	4.5
214	8400	76.1	4.5
214	8600	76.0	4.5
214	8800	76.0	4.5
214	9000	76.0	4.5
214	9200	75.9	4.5
214	9400	75.9	4.5
214	9600	75.9	4.5
214	9800	75.8	4.5
214	10000	75.8	4.5
215	600	78.0	4.4
215	800	77.9	4.4
215	1000	77.9	4.4
215	1200	77.8	4.4
215	1400	77.7	4.4
215	1600	77.7	4.4
215	1800	77.6	4.4
215	2000	77.6	4.4
215	2200	77.5	4.4
215	2400	77.5	4.4
215	2600	77.4	4.4
215	2800	77.4	4.4
215	3000	77.4	4.4
215	3200	77.3	4.4
215	3400	77.3	4.4
215	3600	77.2	4.4
215	3800	77.2	4.4
215	4000	77.1	4.4
215	4200	77.1	4.4
215	4400	77.0	4.4
215	4600	77.0	4.4
215	4800	76.9	4.4
215	5000	76.9	4.4
215	5200	76.8	4.4
215	5400	76.8	4.4
215	5600	76.8	4.4
215	5800	76.7	4.4
215	6000	76.7	4.4
215	6200	76.6	4.4
215	6400	76.6	4.4
215	6600	76.5	4.4
215	6800	76.5	4.4
215	7000	76.5	4.4
215	7200	76.4	4.4
215	7400	76.4	4.4
215	7600	76.3	4.4
215	7800	76.3	4.4
215	8000	76.2	4.4
215	8200	76.2	4.4
215	8400	76.2	4.4
215	8600	76.1	4.4
215	8800	76.1	4.4
215	9000	76.0	4.4
215	9200	76.0	4.4
215	9400	76.0	4.4
215	9600	75.9	4.4
215	9800	75.9	4.4
215	10000	75.9	4.4
216	600	78.1	4.4
216	800	78.0	4.4
216	1000	78.0	4.4
216	1200	77.9	4.4
216	1400	77.9	4.4
216	1600	77.8	4.4
216	1800	77.8	4.4
216	2000	77.7	4.4
216	2200	77.7	4.4
216	2400	77.6	4.4
216	2600	77.6	4.4
216	2800	77.5	4.4
216	3000	77.5	4.4
216	3200	77.4	4.4
216	3400	77.4	4.4
216	3600	77.3	4.4
216	3800	77.3	4.4
216	4000	77.2	4.4
216	4200	77.2	4.4
216	4400	77.1	4.4
216	4600	77.1	4.4
216	4800	77.0	4.4
216	5000	77.0	4.4
216	5200	76.9	4.4
216	5400	76.9	4.4
216	5600	76.9	4.4
216	5800	76.8	4.4
216	6000	76.8	4.4
216	6200	76.7	4.4
216	6400	76.7	4.4
216	6600	76.6	4.4
216	6800	76.6	4.4
216	7000	76.5	4.4
216	7200	76.5	4.4
216	7400	76.5	4.4
216	7600	76.4	4.4
216	7800	76.4	4.4
216	8000	76.3	4.4
216	8200	76.3	4.4
216	8400	76.3	4.4
216	8600	76.2	4.4
216	8800	76.2	4.4
216	9000	76.1	4.4
216	9200	76.1	4.4
216	9400	76.1	4.4
216	9600	76.0	4.4
216	9800	76.0	4.4
216	10000	75.9	4.4
217	600	78.2	4.3
217	800	78.2	4.3
217	1000	78.1	4.3
217	1200	78.1	4.3
217	1400	78.0	4.3
217	1600	78.0	4.3
217	1800	77.9	4.3
217	2000	77.9	4.3
217	2200	77.8	4.3
217	2400	77.8	4.3
217	2600	77.7	4.3
217	2800	77.6	4.3
217	3000	77.6	4.3
217	3200	77.5	4.3
217	3400	77.5	4.3
217	3600	77.4	4.3
217	3800	77.4	4.3
217	4000	77.3	4.3
217	4200	77.3	4.3
217	4400	77.2	4.3
217	4600	77.2	4.3
217	4800	77.2	4.3
217	5000	77.1	4.3
217	5200	77.1	4.3
217	5400	77.0	4.3
217	5600	77.0	4.3
217	5800	76.9	4.3
217	6000	76.9	4.3
217	6200	76.8	4.3
217	6400	76.8	4.3
217	6600	76.7	4.3
217	6800	76.7	4.3
217	7000	76.6	4.3
217	7200	76.6	4.3
217	7400	76.6	4.3
217	7600	76.5	4.3
217	7800	76.5	4.3
217	8000	76.4	4.3
217	8200	76.4	4.3
217	8400	76.3	4.3
217	8600	76.3	4.3
217	8800	76.3	4.3
217	9000	76.2	4.3
217	9200	76.2	4.3
217	9400	76.1	4.3
217	9600	76.1	4.3
217	9800	76.1	4.3
217	10000	76.0	4.3
218	600	78.4	4.3
218	800	78.3	4.3
218	1000	78.3	4.3
218	1200	78.2	4.3
218	1400	78.2	4.3
218	1600	78.1	4.3
218	1800	78.0	4.3
218	2000	78.0	4.3
218	2200	77.9	4.3
218	2400	77.9	4.3
218	2600	77.8	4.3
218	2800	77.8	4.3
218	3000	77.7	4.3
218	3200	77.7	4.3
218	3400	77.6	4.3
218	3600	77.6	4.3
218	3800	77.5	4.3
218	4000	77.5	4.3
218	4200	77.4	4.3
218	4400	77.4	4.3
218	4600	77.3	4.3
218	4800	77.3	4.3
218	5000	77.2	4.3
218	5200	77.2	4.3
218	5400	77.1	4.3
218	5600	77.1	4.3
218	5800	77.0	4.3
218	6000	77.0	4.3
218	6200	76.9	4.3
218	6400	76.9	4.3
218	6600	76.8	4.3
218	6800	76.8	4.2
218	7000	76.7	4.2
218	7200	76.7	4.2
218	7400	76.7	4.2
218	7600	76.6	4.2
218	7800	76.6	4.2
218	8000	76.5	4.2
218	8200	76.5	4.2
218	8400	76.4	4.2
218	8600	76.4	4.2
218	8800	76.4	4.2
218	9000	76.3	4.2
218	9200	76.3	4.2
218	9400	76.2	4.2
218	9600	76.2	4.2
218	9800	76.1	4.2
218	10000	76.1	4.2
219	600	78.5	4.2
219	800	78.5	4.2
219	1000	78.4	4.2
219	1200	78.4	4.2
219	1400	78.3	4.2
219	1600	78.2	4.2
219	1800	78.2	4.2
219	2000	78.1	4.2
219	2200	78.1	4.2
219	2400	78.0	4.2
219	2600	78.0	4.2
219	2800	77.9	4.2
219	3000	77.9	4.2
219	3200	77.8	4.2
219	3400	77.7	4.2
219	3600	77.7	4.2
219	3800	77.6	4.2
219	4000	77.6	4.2
219	4200	77.5	4.2
219	4400	77.5	4.2
219	4600	77.4	4.2
219	4800	77.4	4.2
219	5000	77.3	4.2
219	5200	77.3	4.2
219	5400	77.2	4.2
219	5600	77.2	4.2
219	5800	77.1	4.2
219	6000	77.1	4.2
219	6200	77.0	4.2
219	6400	77.0	4.2
219	6600	76.9	4.2
219	6800	76.9	4.2
219	7000	76.9	4.2
219	7200	76.8	4.2
219	7400	76.8	4.2
219	7600	76.7	4.2
219	7800	76.7	4.2
219	8000	76.6	4.2
219	8200	76.6	4.2
219	8400	76.5	4.2
219	8600	76.5	4.2
219	8800	76.5	4.2
219	9000	76.4	4.2
219	9200	76.4	4.2
219	9400	76.3	4.2
219	9600	76.3	4.2
219	9800	76.2	4.2
219	10000	76.2	4.2
220	600	78.7	4.2
220	800	78.6	4.2
220	1000	78.6	4.2
220	1200	78.5	4.2
220	1400	78.5	4.2
220	1600	78.4	4.2
220	1800	78.3	4.2
220	2000	78.3	4.1
220	2200	78.2	4.1
220	2400	78.2	4.1
220	2600	78.1	4.1
220	2800	78.0	4.1
220	3000	78.0	4.1
220	3200	77.9	4.1
220	3400	77.9	4.1
220	3600	77.8	4.1
220	3800	77.8	4.1
220	4000	77.7	4.1
220	4200	77.7	4.1
220	4400	77.6	4.1
220	4600	77.6	4.1
220	4800	77.5	4.1
220	5000	77.5	4.1
220	5200	77.4	4.1
220	5400	77.4	4.1
220	5600	77.3	4.1
220	5800	77.3	4.1
220	6000	77.2	4.1
220	6200	77.2	4.1
220	6400	77.1	4.1
220	6600	77.1	4.1
220	6800	77.0	4.1
220	7000	77.0	4.1
220	7200	76.9	4.1
220	7400	76.9	4.1
220	7600	76.8	4.1
220	7800	76.8	4.1
220	8000	76.7	4.1
220	8200	76.7	4.1
220	8400	76.6	4.1
220	8600	76.6	4.1
220	8800	76.6	4.1
220	9000	76.5	4.1
220	9200	76.5	4.1
220	9400	76.4	4.1
220	9600	76.4	4.1
220	9800	76.3	4.1
220	10000	76.3	4.1
221	600	78.9	4.1
221	800	78.8	4.1
221	1000	78.7	4.1
221	1200	78.7	4.1
221	1400	78.6	4.1
221	1600	78.5	4.1
221	1800	78.5	4.1
221	2000	78.4	4.1
221	2200	78.4	4.1
221	2400	78.3	4.1
221	2600	78.3	4.1
221	2800	78.2	4.1
221	3000	78.1	4.1
221	3200	78.1	4.1
221	3400	78.0	4.1
221	3600	78.0	4.1
221	3800	77.9	4.1
221	4000	77.9	4.1
221	4200	77.8	4.1
221	4400	77.7	4.1
221	4600	77.7	4.1
221	4800	77.6	4.1
221	5000	77.6	4.1
221	5200	77.5	4.1
221	5400	77.5	4.1
221	5600	77.4	4.1
221	5800	77.4	4.1
221	6000	77.3	4.1
221	6200	77.3	4.1
221	6400	77.2	4.1
221	6600	77.2	4.1
221	6800	77.1	4.1
221	7000	77.1	4.1
221	7200	77.0	4.1
221	7400	77.0	4.1
221	7600	76.9	4.1
221	7800	76.9	4.1
221	8000	76.8	4.1
221	8200	76.8	4.1
221	8400	76.7	4.1
221	8600	76.7	4.1
221	8800	76.7	4.1
221	9000	76.6	4.1
221	9200	76.6	4.1
221	9400	76.5	4.1
221	9600	76.5	4.1
221	9800	76.4	4.1
221	10000	76.4	4.1
222	800	79.0	4.0
222	1000	78.9	4.0
222	1200	78.8	4.0
222	1400	78.8	4.0
222	1600	78.7	4.0
222	1800	78.6	4.0
222	2000	78.6	4.0
222	2200	78.5	4.0
222	2400	78.5	4.0
222	2600	78.4	4.0
222	2800	78.3	4.0
222	3000	78.3	4.0
222	3200	78.2	4.0
222	3400	78.2	4.0
222	3600	78.1	4.0
222	3800	78.0	4.0
222	4000	78.0	4.0
222	4200	77.9	4.0
222	4400	77.9	4.0
222	4600	77.8	4.0
222	4800	77.8	4.0
222	5000	77.7	4.0
222	5200	77.7	4.0
222	5400	77.6	4.0
222	5600	77.6	4.0
222	5800	77.5	4.0
222	6000	77.4	4.0
222	6200	77.4	4.0
222	6400	77.3	4.0
222	6600	77.3	4.0
222	6800	77.2	4.0
222	7000	77.2	4.0
222	7200	77.1	4.0
222	7400	77.1	4.0
222	7600	77.0	4.0
222	7800	77.0	4.0
222	8000	76.9	4.0
222	8200	76.9	4.0
222	8400	76.9	4.0
222	8600	76.8	4.0
222	8800	76.8	4.0
222	9000	76.7	4.0
222	9200	76.7	4.0
222	9400	76.6	4.0
222	9600	76.6	4.0
222	9800	76.5	4.0
222	10000	76.5	4.0
223	800	79.1	4.0
223	1000	79.1	4.0
223	1200	79.0	4.0
223	1400	78.9	4.0
223	1600	78.9	4.0
223	1800	78.8	4.0
223	2000	78.7	4.0
223	2200	78.7	4.0
223	2400	78.6	4.0
223	2600	78.6	4.0
223	2800	78.5	4.0
223	3000	78.4	4.0
223	3200	78.4	4.0
223	3400	78.3	4.0
223	3600	78.3	4.0
223	3800	78.2	4.0
223	4000	78.1	4.0
223	4200	78.1	4.0
223	4400	78.0	4.0
223	4600	78.0	4.0
223	4800	77.9	4.0
223	5000	77.8	4.0
223	5200	77.8	4.0
223	5400	77.7	4.0
223	5600	77.7	4.0
223	5800	77.6	4.0
223	6000	77.6	4.0
223	6200	77.5	4.0
223	6400	77.5	4.0
223	6600	77.4	4.0
223	6800	77.4	4.0
223	7000	77.3	4.0
223	7200	77.3	4.0
223	7400	77.2	4.0
223	7600	77.2	4.0
223	7800	77.1	4.0
223	8000	77.1	4.0
223	8200	77.0	4.0
223	8400	77.0	4.0
223	8600	76.9	4.0
223	8800	76.9	4.0
223	9000	76.8	4.0
223	9200	76.8	4.0
223	9400	76.7	4.0
223	9600	76.7	4.0
223	9800	76.6	4.0
223	10000	76.6	4.0
224	800	79.3	3.9
224	1000	79.2	3.9
224	1200	79.2	3.9
224	1400	79.1	3.9
224	1600	79.0	3.9
224	1800	79.0	3.9
224	2000	78.9	3.9
224	2200	78.8	3.9
224	2400	78.8	3.9
224	2600	78.7	3.9
224	2800	78.7	3.9
224	3000	78.6	3.9
224	3200	78.5	3.9
224	3400	78.5	3.9
224	3600	78.4	3.9
224	3800	78.3	3.9
224	4000	78.3	3.9
224	4200	78.2	3.9
224	4400	78.2	3.9
224	4600	78.1	3.9
224	4800	78.0	3.9
224	5000	78.0	3.9
224	5200	77.9	3.9
224	5400	77.9	3.9
224	5600	77.8	3.9
224	5800	77.8	3.9
224	6000	77.7	3.9
224	6200	77.7	3.9
224	6400	77.6	3.9
224	6600	77.5	3.9
224	6800	77.5	3.9
224	7000	77.4	3.9
224	7200	77.4	3.9
224	7400	77.3	3.9
224	7600	77.3	3.9
224	7800	77.2	3.9
224	8000	77.2	3.9
224	8200	77.1	3.9
224	8400	77.1	3.9
224	8600	77.0	3.9
224	8800	77.0	3.9
224	9000	76.9	3.9
224	9200	76.9	3.9
224	9400	76.8	3.9
224	9600	76.8	3.9
224	9800	76.7	3.9
224	10000	76.7	3.9
225	800	79.5	3.9
225	1000	79.4	3.9
225	1200	79.4	3.9
225	1400	79.3	3.9
225	1600	79.2	3.9
225	1800	79.1	3.9
225	2000	79.1	3.9
225	2200	79.0	3.9
225	2400	78.9	3.9
225	2600	78.9	3.9
225	2800	78.8	3.9
225	3000	78.7	3.9
225	3200	78.7	3.9
225	3400	78.6	3.9
225	3600	78.6	3.9
225	3800	78.5	3.9
225	4000	78.4	3.9
225	4200	78.4	3.9
225	4400	78.3	3.9
225	4600	78.2	3.9
225	4800	78.2	3.9
225	5000	78.1	3.9
225	5200	78.1	3.9
225	5400	78.0	3.9
225	5600	78.0	3.9
225	5800	77.9	3.9
225	6000	77.8	3.9
225	6200	77.8	3.9
225	6400	77.7	3.9
225	6600	77.7	3.9
225	6800	77.6	3.9
225	7000	77.6	3.9
225	7200	77.5	3.9
225	7400	77.5	3.9
225	7600	77.4	3.9
225	7800	77.3	3.9
225	8000	77.3	3.9
225	8200	77.2	3.9
225	8400	77.2	3.9
225	8600	77.1	3.9
225	8800	77.1	3.9
225	9000	77.0	3.9
225	9200	77.0	3.9
225	9400	76.9	3.9
225	9600	76.9	3.9
225	9800	76.8	3.9
225	10000	76.8	3.9
226	800	79.7	3.8
226	1000	79.6	3.8
226	1200	79.5	3.8
226	1400	79.5	3.8
226	1600	79.4	3.8
226	1800	79.3	3.8
226	2000	79.3	3.8
226	2200	79.2	3.8
226	2400	79.1	3.8
226	2600	79.0	3.8
226	2800	79.0	3.8
226	3000	78.9	3.8
226	3200	78.8	3.8
226	3400	78.8	3.8
226	3600	78.7	3.8
226	3800	78.7	3.8
226	4000	78.6	3.8
226	4200	78.5	3.8
226	4400	78.5	3.8
226	4600	78.4	3.8
226	4800	78.3	3.8
226	5000	78.3	3.8
226	5200	78.2	3.8
226	5400	78.2	3.8
226	5600	78.1	3.8
226	5800	78.0	3.8
226	6000	78.0	3.8
226	6200	77.9	3.8
226	6400	77.9	3.8
226	6600	77.8	3.8
226	6800	77.8	3.8
226	7000	77.7	3.8
226	7200	77.6	3.8
226	7400	77.6	3.8
226	7600	77.5	3.8
226	7800	77.5	3.8
226	8000	77.4	3.8
226	8200	77.4	3.8
226	8400	77.3	3.8
226	8600	77.3	3.8
226	8800	77.2	3.8
226	9000	77.2	3.8
226	9200	77.1	3.8
226	9400	77.1	3.8
226	9600	77.0	3.8
226	9800	77.0	3.8
226	10000	76.9	3.8
227	800	79.9	3.8
227	1000	79.8	3.8
227	1200	79.7	3.8
227	1400	79.7	3.8
227	1600	79.6	3.8
227	1800	79.5	3.8
227	2000	79.4	3.8
227	2200	79.4	3.8
227	2400	79.3	3.8
227	2600	79.2	3.8
227	2800	79.2	3.8
227	3000	79.1	3.8
227	3200	79.0	3.8
227	3400	78.9	3.8
227	3600	78.9	3.8
227	3800	78.8	3.8
227	4000	78.7	3.8
227	4200	78.7	3.8
227	4400	78.6	3.8
227	4600	78.6	3.8
227	4800	78.5	3.8
227	5000	78.4	3.8
227	5200	78.4	3.8
227	5400	78.3	3.8
227	5600	78.2	3.8
227	5800	78.2	3.8
227	6000	78.1	3.8
227	6200	78.1	3.8
227	6400	78.0	3.8
227	6600	77.9	3.8
227	6800	77.9	3.8
227	7000	77.8	3.8
227	7200	77.8	3.8
227	7400	77.7	3.8
227	7600	77.7	3.8
227	7800	77.6	3.8
227	8000	77.5	3.8
227	8200	77.5	3.8
227	8400	77.4	3.8
227	8600	77.4	3.8
227	8800	77.3	3.8
227	9000	77.3	3.8
227	9200	77.2	3.8
227	9400	77.2	3.8
227	9600	77.1	3.8
227	9800	77.1	3.8
227	10000	77.0	3.8
228	800	80.1	3.8
228	1000	80.0	3.7
228	1200	79.9	3.7
228	1400	79.8	3.7
228	1600	79.8	3.7
228	1800	79.7	3.7
228	2000	79.6	3.7
228	2200	79.5	3.7
228	2400	79.5	3.7
228	2600	79.4	3.7
228	2800	79.3	3.7
228	3000	79.3	3.7
228	3200	79.2	3.7
228	3400	79.1	3.7
228	3600	79.0	3.7
228	3800	79.0	3.7
228	4000	78.9	3.7
228	4200	78.8	3.7
228	4400	78.8	3.7
228	4600	78.7	3.7
228	4800	78.6	3.7
228	5000	78.6	3.7
228	5200	78.5	3.7
228	5400	78.5	3.7
228	5600	78.4	3.7
228	5800	78.3	3.7
228	6000	78.3	3.7
228	6200	78.2	3.7
228	6400	78.1	3.7
228	6600	78.1	3.7
228	6800	78.0	3.7
228	7000	78.0	3.7
228	7200	77.9	3.7
228	7400	77.9	3.7
228	7600	77.8	3.7
228	7800	77.7	3.7
228	8000	77.7	3.7
228	8200	77.6	3.7
228	8400	77.6	3.7
228	8600	77.5	3.7
228	8800	77.5	3.7
228	9000	77.4	3.7
228	9200	77.3	3.7
228	9400	77.3	3.7
228	9600	77.2	3.7
228	9800	77.2	3.7
228	10000	77.1	3.7
229	1000	80.2	3.7
229	1200	80.1	3.7
229	1400	80.0	3.7
229	1600	80.0	3.7
229	1800	79.9	3.7
229	2000	79.8	3.7
229	2200	79.7	3.7
229	2400	79.7	3.7
229	2600	79.6	3.7
229	2800	79.5	3.7
229	3000	79.4	3.7
229	3200	79.4	3.7
229	3400	79.3	3.7
229	3600	79.2	3.7
229	3800	79.2	3.7
229	4000	79.1	3.7
229	4200	79.0	3.7
229	4400	78.9	3.7
229	4600	78.9	3.7
229	4800	78.8	3.7
229	5000	78.7	3.7
229	5200	78.7	3.7
229	5400	78.6	3.7
229	5600	78.5	3.7
229	5800	78.5	3.7
229	6000	78.4	3.7
229	6200	78.4	3.7
229	6400	78.3	3.7
229	6600	78.2	3.7
229	6800	78.2	3.7
229	7000	78.1	3.7
229	7200	78.0	3.7
229	7400	78.0	3.7
229	7600	77.9	3.7
229	7800	77.9	3.7
229	8000	77.8	3.7
229	8200	77.8	3.7
229	8400	77.7	3.7
229	8600	77.6	3.7
229	8800	77.6	3.7
229	9000	77.5	3.7
229	9200	77.5	3.7
229	9400	77.4	3.7
229	9600	77.4	3.7
229	9800	77.3	3.7
229	10000	77.3	3.7
230	1000	80.4	3.7
230	1200	80.3	3.7
230	1400	80.3	3.7
230	1600	80.2	3.7
230	1800	80.1	3.7
230	2000	80.0	3.7
230	2200	79.9	3.7
230	2400	79.9	3.7
230	2600	79.8	3.7
230	2800	79.7	3.7
230	3000	79.6	3.7
230	3200	79.6	3.7
230	3400	79.5	3.7
230	3600	79.4	3.7
230	3800	79.3	3.7
230	4000	79.3	3.7
230	4200	79.2	3.6
230	4400	79.1	3.6
230	4600	79.0	3.6
230	4800	79.0	3.6
230	5000	78.9	3.6
230	5200	78.8	3.6
230	5400	78.8	3.6
230	5600	78.7	3.6
230	5800	78.6	3.6
230	6000	78.6	3.6
230	6200	78.5	3.6
230	6400	78.4	3.6
230	6600	78.4	3.6
230	6800	78.3	3.6
230	7000	78.3	3.6
230	7200	78.2	3.6
230	7400	78.1	3.6
230	7600	78.1	3.6
230	7800	78.0	3.6
230	8000	78.0	3.6
230	8200	77.9	3.6
230	8400	77.8	3.6
230	8600	77.8	3.6
230	8800	77.7	3.6
230	9000	77.7	3.6
230	9200	77.6	3.6
230	9400	77.5	3.6
230	9600	77.5	3.6
230	9800	77.4	3.6
230	10000	77.4	3.6
231	1000	80.6	3.6
231	1200	80.6	3.6
231	1400	80.5	3.6
231	1600	80.4	3.6
231	1800	80.3	3.6
231	2000	80.2	3.6
231	2200	80.1	3.6
231	2400	80.1	3.6
231	2600	80.0	3.6
231	2800	79.9	3.6
231	3000	79.8	3.6
231	3200	79.7	3.6
231	3400	79.7	3.6
231	3600	79.6	3.6
231	3800	79.5	3.6
231	4000	79.4	3.6
231	4200	79.4	3.6
231	4400	79.3	3.6
231	4600	79.2	3.6
231	4800	79.2	3.6
231	5000	79.1	3.6
231	5200	79.0	3.6
231	5400	78.9	3.6
231	5600	78.9	3.6
231	5800	78.8	3.6
231	6000	78.7	3.6
231	6200	78.7	3.6
231	6400	78.6	3.6
231	6600	78.5	3.6
231	6800	78.5	3.6
231	7000	78.4	3.6
231	7200	78.3	3.6
231	7400	78.3	3.6
231	7600	78.2	3.6
231	7800	78.2	3.6
231	8000	78.1	3.6
231	8200	78.0	3.6
231	8400	78.0	3.6
231	8600	77.9	3.6
231	8800	77.9	3.6
231	9000	77.8	3.6
231	9200	77.7	3.6
231	9400	77.7	3.6
231	9600	77.6	3.6
231	9800	77.6	3.6
231	10000	77.5	3.6
232	1000	80.9	3.6
232	1200	80.8	3.6
232	1400	80.7	3.6
232	1600	80.6	3.6
232	1800	80.5	3.6
232	2000	80.4	3.6
232	2200	80.3	3.6
232	2400	80.3	3.6
232	2600	80.2	3.6
232	2800	80.1	3.6
232	3000	80.0	3.6
232	3200	79.9	3.6
232	3400	79.9	3.6
232	3600	79.8	3.6
232	3800	79.7	3.6
232	4000	79.6	3.6
232	4200	79.6	3.6
232	4400	79.5	3.6
232	4600	79.4	3.6
232	4800	79.3	3.6
232	5000	79.3	3.6
232	5200	79.2	3.6
232	5400	79.1	3.6
232	5600	79.0	3.6
232	5800	79.0	3.6
232	6000	78.9	3.6
232	6200	78.8	3.6
232	6400	78.8	3.6
232	6600	78.7	3.6
232	6800	78.6	3.6
232	7000	78.6	3.6
232	7200	78.5	3.6
232	7400	78.4	3.6
232	7600	78.4	3.6
232	7800	78.3	3.6
232	8000	78.2	3.5
232	8200	78.2	3.5
232	8400	78.1	3.5
232	8600	78.1	3.5
232	8800	78.0	3.5
232	9000	77.9	3.5
232	9200	77.9	3.5
232	9400	77.8	3.5
232	9600	77.8	3.5
232	9800	77.7	3.5
232	10000	77.6	3.5
233	1000	81.1	3.5
233	1200	81.0	3.5
233	1400	80.9	3.5
233	1600	80.8	3.5
233	1800	80.7	3.5
233	2000	80.7	3.5
233	2200	80.6	3.5
233	2400	80.5	3.5
233	2600	80.4	3.5
233	2800	80.3	3.5
233	3000	80.2	3.5
233	3200	80.1	3.5
233	3400	80.1	3.5
233	3600	80.0	3.5
233	3800	79.9	3.5
233	4000	79.8	3.5
233	4200	79.7	3.5
233	4400	79.7	3.5
233	4600	79.6	3.5
233	4800	79.5	3.5
233	5000	79.4	3.5
233	5200	79.4	3.5
233	5400	79.3	3.5
233	5600	79.2	3.5
233	5800	79.1	3.5
233	6000	79.1	3.5
233	6200	79.0	3.5
233	6400	78.9	3.5
233	6600	78.9	3.5
233	6800	78.8	3.5
233	7000	78.7	3.5
233	7200	78.7	3.5
233	7400	78.6	3.5
233	7600	78.5	3.5
233	7800	78.5	3.5
233	8000	78.4	3.5
233	8200	78.3	3.5
233	8400	78.3	3.5
233	8600	78.2	3.5
233	8800	78.1	3.5
233	9000	78.1	3.5
233	9200	78.0	3.5
233	9400	78.0	3.5
233	9600	77.9	3.5
233	9800	77.8	3.5
233	10000	77.8	3.5
234	1000	81.3	3.5
234	1200	81.2	3.5
234	1400	81.2	3.5
234	1600	81.1	3.5
234	1800	81.0	3.5
234	2000	80.9	3.5
234	2200	80.8	3.5
234	2400	80.7	3.5
234	2600	80.6	3.5
234	2800	80.5	3.5
234	3000	80.4	3.5
234	3200	80.4	3.5
234	3400	80.3	3.5
234	3600	80.2	3.5
234	3800	80.1	3.5
234	4000	80.0	3.5
234	4200	79.9	3.5
234	4400	79.9	3.5
234	4600	79.8	3.5
234	4800	79.7	3.5
234	5000	79.6	3.5
234	5200	79.5	3.5
234	5400	79.5	3.5
234	5600	79.4	3.5
234	5800	79.3	3.5
234	6000	79.2	3.5
234	6200	79.2	3.5
234	6400	79.1	3.5
234	6600	79.0	3.5
234	6800	79.0	3.5
234	7000	78.9	3.5
234	7200	78.8	3.5
234	7400	78.7	3.5
234	7600	78.7	3.5
234	7800	78.6	3.5
234	8000	78.5	3.5
234	8200	78.5	3.5
234	8400	78.4	3.5
234	8600	78.3	3.5
234	8800	78.3	3.5
234	9000	78.2	3.5
234	9200	78.2	3.5
234	9400	78.1	3.5
234	9600	78.0	3.5
234	9800	78.0	3.5
234	10000	77.9	3.5
235	1200	81.5	3.5
235	1400	81.4	3.5
235	1600	81.3	3.5
235	1800	81.2	3.5
235	2000	81.1	3.5
235	2200	81.0	3.5
235	2400	80.9	3.5
235	2600	80.8	3.5
235	2800	80.7	3.4
235	3000	80.7	3.4
235	3200	80.6	3.4
235	3400	80.5	3.4
235	3600	80.4	3.4
235	3800	80.3	3.4
235	4000	80.2	3.4
235	4200	80.1	3.4
235	4400	80.1	3.4
235	4600	80.0	3.4
235	4800	79.9	3.4
235	5000	79.8	3.4
235	5200	79.7	3.4
235	5400	79.7	3.4
235	5600	79.6	3.4
235	5800	79.5	3.4
235	6000	79.4	3.4
235	6200	79.4	3.4
235	6400	79.3	3.4
235	6600	79.2	3.4
235	6800	79.1	3.4
235	7000	79.1	3.4
235	7200	79.0	3.4
235	7400	78.9	3.4
235	7600	78.8	3.4
235	7800	78.8	3.4
235	8000	78.7	3.4
235	8200	78.6	3.4
235	8400	78.6	3.4
235	8600	78.5	3.4
235	8800	78.4	3.4
235	9000	78.4	3.4
235	9200	78.3	3.4
235	9400	78.2	3.4
235	9600	78.2	3.4
235	9800	78.1	3.4
235	10000	78.0	3.4
236	1200	81.8	3.4
236	1400	81.7	3.4
236	1600	81.6	3.4
236	1800	81.5	3.4
236	2000	81.4	3.4
236	2200	81.3	3.4
236	2400	81.2	3.4
236	2600	81.1	3.4
236	2800	81.0	3.4
236	3000	80.9	3.4
236	3200	80.8	3.4
236	3400	80.7	3.4
236	3600	80.6	3.4
236	3800	80.5	3.4
236	4000	80.4	3.4
236	4200	80.3	3.4
236	4400	80.3	3.4
236	4600	80.2	3.4
236	4800	80.1	3.4
236	5000	80.0	3.4
236	5200	79.9	3.4
236	5400	79.8	3.4
236	5600	79.8	3.4
236	5800	79.7	3.4
236	6000	79.6	3.4
236	6200	79.5	3.4
236	6400	79.5	3.4
236	6600	79.4	3.4
236	6800	79.3	3.4
236	7000	79.2	3.4
236	7200	79.2	3.4
236	7400	79.1	3.4
236	7600	79.0	3.4
236	7800	78.9	3.4
236	8000	78.9	3.4
236	8200	78.8	3.4
236	8400	78.7	3.4
236	8600	78.7	3.4
236	8800	78.6	3.4
236	9000	78.5	3.4
236	9200	78.5	3.4
236	9400	78.4	3.4
236	9600	78.3	3.4
236	9800	78.3	3.4
236	10000	78.2	3.4
237	1200	82.0	3.4
237	1400	81.9	3.4
237	1600	81.8	3.4
237	1800	81.7	3.4
237	2000	81.6	3.4
237	2200	81.5	3.4
237	2400	81.4	3.4
237	2600	81.3	3.4
237	2800	81.2	3.4
237	3000	81.1	3.4
237	3200	81.0	3.4
237	3400	80.9	3.4
237	3600	80.8	3.4
237	3800	80.7	3.4
237	4000	80.7	3.4
237	4200	80.6	3.4
237	4400	80.5	3.4
237	4600	80.4	3.4
237	4800	80.3	3.4
237	5000	80.2	3.4
237	5200	80.1	3.4
237	5400	80.0	3.4
237	5600	80.0	3.4
237	5800	79.9	3.4
237	6000	79.8	3.4
237	6200	79.7	3.4
237	6400	79.6	3.4
237	6600	79.6	3.4
237	6800	79.5	3.4
237	7000	79.4	3.4
237	7200	79.3	3.4
237	7400	79.3	3.4
237	7600	79.2	3.4
237	7800	79.1	3.4
237	8000	79.0	3.4
237	8200	79.0	3.4
237	8400	78.9	3.3
237	8600	78.8	3.3
237	8800	78.8	3.3
237	9000	78.7	3.3
237	9200	78.6	3.3
237	9400	78.5	3.3
237	9600	78.5	3.3
237	9800	78.4	3.3
237	10000	78.3	3.3
238	1200	82.3	3.3
238	1400	82.2	3.3
238	1600	82.1	3.3
238	1800	82.0	3.3
238	2000	81.9	3.3
238	2200	81.8	3.3
238	2400	81.7	3.3
238	2600	81.6	3.3
238	2800	81.5	3.3
238	3000	81.4	3.3
238	3200	81.3	3.3
238	3400	81.2	3.3
238	3600	81.1	3.3
238	3800	81.0	3.3
238	4000	80.9	3.3
238	4200	80.8	3.3
238	4400	80.7	3.3
238	4600	80.6	3.3
238	4800	80.5	3.3
238	5000	80.4	3.3
238	5200	80.3	3.3
238	5400	80.3	3.3
238	5600	80.2	3.3
238	5800	80.1	3.3
238	6000	80.0	3.3
238	6200	79.9	3.3
238	6400	79.8	3.3
238	6600	79.8	3.3
238	6800	79.7	3.3
238	7000	79.6	3.3
238	7200	79.5	3.3
238	7400	79.4	3.3
238	7600	79.4	3.3
238	7800	79.3	3.3
238	8000	79.2	3.3
238	8200	79.1	3.3
238	8400	79.1	3.3
238	8600	79.0	3.3
238	8800	78.9	3.3
238	9000	78.8	3.3
238	9200	78.8	3.3
238	9400	78.7	3.3
238	9600	78.6	3.3
238	9800	78.6	3.3
238	10000	78.5	3.3
239	1200	82.6	3.3
239	1400	82.5	3.3
239	1600	82.3	3.3
239	1800	82.2	3.3
239	2000	82.1	3.3
239	2200	82.0	3.3
239	2400	81.9	3.3
239	2600	81.8	3.3
239	2800	81.7	3.3
239	3000	81.6	3.3
239	3200	81.5	3.3
239	3400	81.4	3.3
239	3600	81.3	3.3
239	3800	81.2	3.3
239	4000	81.1	3.3
239	4200	81.0	3.3
239	4400	80.9	3.3
239	4600	80.8	3.3
239	4800	80.7	3.3
239	5000	80.6	3.3
239	5200	80.6	3.3
239	5400	80.5	3.3
239	5600	80.4	3.3
239	5800	80.3	3.3
239	6000	80.2	3.3
239	6200	80.1	3.3
239	6400	80.0	3.3
239	6600	79.9	3.3
239	6800	79.9	3.3
239	7000	79.8	3.3
239	7200	79.7	3.3
239	7400	79.6	3.3
239	7600	79.5	3.3
239	7800	79.5	3.3
239	8000	79.4	3.3
239	8200	79.3	3.3
239	8400	79.2	3.3
239	8600	79.2	3.3
239	8800	79.1	3.3
239	9000	79.0	3.3
239	9200	78.9	3.3
239	9400	78.9	3.3
239	9600	78.8	3.3
239	9800	78.7	3.3
239	10000	78.7	3.3
240	1200	82.9	3.3
240	1400	82.7	3.3
240	1600	82.6	3.3
240	1800	82.5	3.3
240	2000	82.4	3.3
240	2200	82.3	3.3
240	2400	82.2	3.3
240	2600	82.1	3.3
240	2800	82.0	3.3
240	3000	81.9	3.3
240	3200	81.8	3.3
240	3400	81.6	3.3
240	3600	81.5	3.3
240	3800	81.4	3.3
240	4000	81.3	3.3
240	4200	81.2	3.3
240	4400	81.1	3.3
240	4600	81.1	3.3
240	4800	81.0	3.3
240	5000	80.9	3.3
240	5200	80.8	3.3
240	5400	80.7	3.3
240	5600	80.6	3.3
240	5800	80.5	3.3
240	6000	80.4	3.3
240	6200	80.3	3.3
240	6400	80.2	3.3
240	6600	80.1	3.3
240	6800	80.1	3.2
240	7000	80.0	3.2
240	7200	79.9	3.2
240	7400	79.8	3.2
240	7600	79.7	3.2
240	7800	79.6	3.2
240	8000	79.6	3.2
240	8200	79.5	3.2
240	8400	79.4	3.2
240	8600	79.3	3.2
240	8800	79.3	3.2
240	9000	79.2	3.2
240	9200	79.1	3.2
240	9400	79.0	3.2
240	9600	79.0	3.2
240	9800	78.9	3.2
240	10000	78.8	3.2
241	1400	83.0	3.2
241	1600	82.9	3.2
241	1800	82.8	3.2
241	2000	82.7	3.2
241	2200	82.6	3.2
241	2400	82.5	3.2
241	2600	82.3	3.2
241	2800	82.2	3.2
241	3000	82.1	3.2
241	3200	82.0	3.2
241	3400	81.9	3.2
241	3600	81.8	3.2
241	3800	81.7	3.2
241	4000	81.6	3.2
241	4200	81.5	3.2
241	4400	81.4	3.2
241	4600	81.3	3.2
241	4800	81.2	3.2
241	5000	81.1	3.2
241	5200	81.0	3.2
241	5400	80.9	3.2
241	5600	80.8	3.2
241	5800	80.7	3.2
241	6000	80.6	3.2
241	6200	80.5	3.2
241	6400	80.4	3.2
241	6600	80.4	3.2
241	6800	80.3	3.2
241	7000	80.2	3.2
241	7200	80.1	3.2
241	7400	80.0	3.2
241	7600	79.9	3.2
241	7800	79.8	3.2
241	8000	79.8	3.2
241	8200	79.7	3.2
241	8400	79.6	3.2
241	8600	79.5	3.2
241	8800	79.4	3.2
241	9000	79.4	3.2
241	9200	79.3	3.2
241	9400	79.2	3.2
241	9600	79.1	3.2
241	9800	79.1	3.2
241	10000	79.0	3.2
242	1400	83.4	3.2
242	1600	83.2	3.2
242	1800	83.1	3.2
242	2000	83.0	3.2
242	2200	82.9	3.2
242	2400	82.7	3.2
242	2600	82.6	3.2
242	2800	82.5	3.2
242	3000	82.4	3.2
242	3200	82.3	3.2
242	3400	82.2	3.2
242	3600	82.1	3.2
242	3800	82.0	3.2
242	4000	81.8	3.2
242	4200	81.7	3.2
242	4400	81.6	3.2
242	4600	81.5	3.2
242	4800	81.4	3.2
242	5000	81.3	3.2
242	5200	81.2	3.2
242	5400	81.1	3.2
242	5600	81.0	3.2
242	5800	80.9	3.2
242	6000	80.8	3.2
242	6200	80.7	3.2
242	6400	80.7	3.2
242	6600	80.6	3.2
242	6800	80.5	3.2
242	7000	80.4	3.2
242	7200	80.3	3.2
242	7400	80.2	3.2
242	7600	80.1	3.2
242	7800	80.0	3.2
242	8000	79.9	3.2
242	8200	79.9	3.2
242	8400	79.8	3.2
242	8600	79.7	3.2
242	8800	79.6	3.2
242	9000	79.5	3.2
242	9200	79.5	3.2
242	9400	79.4	3.2
242	9600	79.3	3.2
242	9800	79.2	3.2
242	10000	79.1	3.2
243	1400	83.7	3.2
243	1600	83.5	3.2
243	1800	83.4	3.2
243	2000	83.3	3.2
243	2200	83.2	3.2
243	2400	83.0	3.2
243	2600	82.9	3.2
243	2800	82.8	3.2
243	3000	82.7	3.2
243	3200	82.6	3.2
243	3400	82.4	3.2
243	3600	82.3	3.2
243	3800	82.2	3.2
243	4000	82.1	3.2
243	4200	82.0	3.2
243	4400	81.9	3.2
243	4600	81.8	3.2
243	4800	81.7	3.2
243	5000	81.6	3.2
243	5200	81.5	3.2
243	5400	81.4	3.2
243	5600	81.3	3.2
243	5800	81.2	3.2
243	6000	81.1	3.2
243	6200	81.0	3.2
243	6400	80.9	3.2
243	6600	80.8	3.2
243	6800	80.7	3.1
243	7000	80.6	3.1
243	7200	80.5	3.1
243	7400	80.4	3.1
243	7600	80.3	3.1
243	7800	80.2	3.1
243	8000	80.1	3.1
243	8200	80.1	3.1
243	8400	80.0	3.1
243	8600	79.9	3.1
243	8800	79.8	3.1
243	9000	79.7	3.1
243	9200	79.6	3.1
243	9400	79.6	3.1
243	9600	79.5	3.1
243	9800	79.4	3.1
243	10000	79.3	3.1
244	1400	84.0	3.1
244	1600	83.9	3.1
244	1800	83.7	3.1
244	2000	83.6	3.1
244	2200	83.5	3.1
244	2400	83.4	3.1
244	2600	83.2	3.1
244	2800	83.1	3.1
244	3000	83.0	3.1
244	3200	82.9	3.1
244	3400	82.7	3.1
244	3600	82.6	3.1
244	3800	82.5	3.1
244	4000	82.4	3.1
244	4200	82.3	3.1
244	4400	82.2	3.1
244	4600	82.0	3.1
244	4800	81.9	3.1
244	5000	81.8	3.1
244	5200	81.7	3.1
244	5400	81.6	3.1
244	5600	81.5	3.1
244	5800	81.4	3.1
244	6000	81.3	3.1
244	6200	81.2	3.1
244	6400	81.1	3.1
244	6600	81.0	3.1
244	6800	80.9	3.1
244	7000	80.8	3.1
244	7200	80.7	3.1
244	7400	80.6	3.1
244	7600	80.5	3.1
244	7800	80.4	3.1
244	8000	80.4	3.1
244	8200	80.3	3.1
244	8400	80.2	3.1
244	8600	80.1	3.1
244	8800	80.0	3.1
244	9000	79.9	3.1
244	9200	79.8	3.1
244	9400	79.7	3.1
244	9600	79.7	3.1
244	9800	79.6	3.1
244	10000	79.5	3.1
245	1400	84.4	3.1
245	1600	84.2	3.1
245	1800	84.1	3.1
245	2000	83.9	3.1
245	2200	83.8	3.1
245	2400	83.7	3.1
245	2600	83.5	3.1
245	2800	83.4	3.1
245	3000	83.3	3.1
245	3200	83.2	3.1
245	3400	83.0	3.1
245	3600	82.9	3.1
245	3800	82.8	3.1
245	4000	82.7	3.1
245	4200	82.5	3.1
245	4400	82.4	3.1
245	4600	82.3	3.1
245	4800	82.2	3.1
245	5000	82.1	3.1
245	5200	82.0	3.1
245	5400	81.9	3.1
245	5600	81.8	3.1
245	5800	81.7	3.1
245	6000	81.5	3.1
245	6200	81.4	3.1
245	6400	81.3	3.1
245	6600	81.2	3.1
245	6800	81.1	3.1
245	7000	81.0	3.1
245	7200	80.9	3.1
245	7400	80.8	3.1
245	7600	80.7	3.1
245	7800	80.7	3.1
245	8000	80.6	3.1
245	8200	80.5	3.1
245	8400	80.4	3.1
245	8600	80.3	3.1
245	8800	80.2	3.1
245	9000	80.1	3.1
245	9200	80.0	3.1
245	9400	79.9	3.1
245	9600	79.9	3.1
245	9800	79.8	3.1
245	10000	79.7	3.1
246	1600	84.6	3.1
246	1800	84.4	3.1
246	2000	84.3	3.1
246	2200	84.1	3.1
246	2400	84.0	3.1
246	2600	83.9	3.1
246	2800	83.7	3.1
246	3000	83.6	3.1
246	3200	83.5	3.1
246	3400	83.3	3.1
246	3600	83.2	3.1
246	3800	83.1	3.1
246	4000	83.0	3.1
246	4200	82.8	3.1
246	4400	82.7	3.1
246	4600	82.6	3.1
246	4800	82.5	3.1
246	5000	82.4	3.1
246	5200	82.2	3.1
246	5400	82.1	3.1
246	5600	82.0	3.1
246	5800	81.9	3.1
246	6000	81.8	3.1
246	6200	81.7	3.1
246	6400	81.6	3.1
246	6600	81.5	3.1
246	6800	81.4	3.1
246	7000	81.3	3.1
246	7200	81.2	3.1
246	7400	81.1	3.1
246	7600	81.0	3.1
246	7800	80.9	3.0
246	8000	80.8	3.0
246	8200	80.7	3.0
246	8400	80.6	3.0
246	8600	80.5	3.0
246	8800	80.4	3.0
246	9000	80.3	3.0
246	9200	80.2	3.0
246	9400	80.1	3.0
246	9600	80.0	3.0
246	9800	80.0	3.0
246	10000	79.9	3.0
247	1600	84.9	3.0
247	1800	84.8	3.0
247	2000	84.6	3.0
247	2200	84.5	3.0
247	2400	84.3	3.0
247	2600	84.2	3.0
247	2800	84.1	3.0
247	3000	83.9	3.0
247	3200	83.8	3.0
247	3400	83.6	3.0
247	3600	83.5	3.0
247	3800	83.4	3.0
247	4000	83.3	3.0
247	4200	83.1	3.0
247	4400	83.0	3.0
247	4600	82.9	3.0
247	4800	82.8	3.0
247	5000	82.6	3.0
247	5200	82.5	3.0
247	5400	82.4	3.0
247	5600	82.3	3.0
247	5800	82.2	3.0
247	6000	82.1	3.0
247	6200	81.9	3.0
247	6400	81.8	3.0
247	6600	81.7	3.0
247	6800	81.6	3.0
247	7000	81.5	3.0
247	7200	81.4	3.0
247	7400	81.3	3.0
247	7600	81.2	3.0
247	7800	81.1	3.0
247	8000	81.0	3.0
247	8200	80.9	3.0
247	8400	80.8	3.0
247	8600	80.7	3.0
247	8800	80.6	3.0
247	9000	80.5	3.0
247	9200	80.4	3.0
247	9400	80.3	3.0
247	9600	80.2	3.0
247	9800	80.2	3.0
247	10000	80.1	3.0
248	1600	85.3	3.0
248	1800	85.2	3.0
248	2000	85.0	3.0
248	2200	84.8	3.0
248	2400	84.7	3.0
248	2600	84.5	3.0
248	2800	84.4	3.0
248	3000	84.3	3.0
248	3200	84.1	3.0
248	3400	84.0	3.0
248	3600	83.8	3.0
248	3800	83.7	3.0
248	4000	83.6	3.0
248	4200	83.4	3.0
248	4400	83.3	3.0
248	4600	83.2	3.0
248	4800	83.0	3.0
248	5000	82.9	3.0
248	5200	82.8	3.0
248	5400	82.7	3.0
248	5600	82.6	3.0
248	5800	82.4	3.0
248	6000	82.3	3.0
248	6200	82.2	3.0
248	6400	82.1	3.0
248	6600	82.0	3.0
248	6800	81.9	3.0
248	7000	81.8	3.0
248	7200	81.6	3.0
248	7400	81.5	3.0
248	7600	81.4	3.0
248	7800	81.3	3.0
248	8000	81.2	3.0
248	8200	81.1	3.0
248	8400	81.0	3.0
248	8600	80.9	3.0
248	8800	80.8	3.0
248	9000	80.7	3.0
248	9200	80.6	3.0
248	9400	80.5	3.0
248	9600	80.4	3.0
248	9800	80.4	3.0
248	10000	80.3	3.0
249	1600	85.7	3.0
249	1800	85.6	3.0
249	2000	85.4	3.0
249	2200	85.2	3.0
249	2400	85.1	3.0
249	2600	84.9	3.0
249	2800	84.8	3.0
249	3000	84.6	3.0
249	3200	84.5	3.0
249	3400	84.3	3.0
249	3600	84.2	3.0
249	3800	84.0	3.0
249	4000	83.9	3.0
249	4200	83.7	3.0
249	4400	83.6	3.0
249	4600	83.5	3.0
249	4800	83.3	3.0
249	5000	83.2	3.0
249	5200	83.1	3.0
249	5400	83.0	3.0
249	5600	82.8	3.0
249	5800	82.7	3.0
249	6000	82.6	3.0
249	6200	82.5	3.0
249	6400	82.4	3.0
249	6600	82.2	3.0
249	6800	82.1	3.0
249	7000	82.0	3.0
249	7200	81.9	3.0
249	7400	81.8	3.0
249	7600	81.7	3.0
249	7800	81.6	3.0
249	8000	81.5	3.0
249	8200	81.4	3.0
249	8400	81.3	3.0
249	8600	81.2	3.0
249	8800	81.0	3.0
249	9000	80.9	3.0
249	9200	80.9	3.0
249	9400	80.8	3.0
249	9600	80.7	3.0
249	9800	80.6	2.9
249	10000	80.5	2.9
250	1800	86.0	3.0
250	2000	85.8	3.0
250	2200	85.6	3.0
250	2400	85.4	3.0
250	2600	85.3	3.0
250	2800	85.1	3.0
250	3000	85.0	3.0
250	3200	84.8	3.0
250	3400	84.7	3.0
250	3600	84.5	3.0
250	3800	84.4	3.0
250	4000	84.2	3.0
250	4200	84.1	3.0
250	4400	83.9	3.0
250	4600	83.8	2.9
250	4800	83.7	2.9
250	5000	83.5	2.9
250	5200	83.4	2.9
250	5400	83.3	2.9
250	5600	83.1	2.9
250	5800	83.0	2.9
250	6000	82.9	2.9
250	6200	82.7	2.9
250	6400	82.6	2.9
250	6600	82.5	2.9
250	6800	82.4	2.9
250	7000	82.3	2.9
250	7200	82.2	2.9
250	7400	82.0	2.9
250	7600	81.9	2.9
250	7800	81.8	2.9
250	8000	81.7	2.9
250	8200	81.6	2.9
250	8400	81.5	2.9
250	8600	81.4	2.9
250	8800	81.3	2.9
250	9000	81.2	2.9
250	9200	81.1	2.9
250	9400	81.0	2.9
250	9600	80.9	2.9
250	9800	80.8	2.9
250	10000	80.7	2.9
251	1800	86.4	2.9
251	2000	86.2	2.9
251	2200	86.0	2.9
251	2400	85.8	2.9
251	2600	85.7	2.9
251	2800	85.5	2.9
251	3000	85.3	2.9
251	3200	85.2	2.9
251	3400	85.0	2.9
251	3600	84.9	2.9
251	3800	84.7	2.9
251	4000	84.6	2.9
251	4200	84.4	2.9
251	4400	84.3	2.9
251	4600	84.1	2.9
251	4800	84.0	2.9
251	5000	83.8	2.9
251	5200	83.7	2.9
251	5400	83.6	2.9
251	5600	83.4	2.9
251	5800	83.3	2.9
251	6000	83.2	2.9
251	6200	83.0	2.9
251	6400	82.9	2.9
251	6600	82.8	2.9
251	6800	82.7	2.9
251	7000	82.5	2.9
251	7200	82.4	2.9
251	7400	82.3	2.9
251	7600	82.2	2.9
251	7800	82.1	2.9
251	8000	82.0	2.9
251	8200	81.8	2.9
251	8400	81.7	2.9
251	8600	81.6	2.9
251	8800	81.5	2.9
251	9000	81.4	2.9
251	9200	81.3	2.9
251	9400	81.2	2.9
251	9600	81.1	2.9
251	9800	81.0	2.9
251	10000	80.9	2.9
252	1800	86.8	2.9
252	2000	86.6	2.9
252	2200	86.4	2.9
252	2400	86.3	2.9
252	2600	86.1	2.9
252	2800	85.9	2.9
252	3000	85.7	2.9
252	3200	85.6	2.9
252	3400	85.4	2.9
252	3600	85.2	2.9
252	3800	85.1	2.9
252	4000	84.9	2.9
252	4200	84.8	2.9
252	4400	84.6	2.9
252	4600	84.5	2.9
252	4800	84.3	2.9
252	5000	84.2	2.9
252	5200	84.0	2.9
252	5400	83.9	2.9
252	5600	83.7	2.9
252	5800	83.6	2.9
252	6000	83.5	2.9
252	6200	83.3	2.9
252	6400	83.2	2.9
252	6600	83.1	2.9
252	6800	82.9	2.9
252	7000	82.8	2.9
252	7200	82.7	2.9
252	7400	82.6	2.9
252	7600	82.4	2.9
252	7800	82.3	2.9
252	8000	82.2	2.9
252	8200	82.1	2.9
252	8400	82.0	2.9
252	8600	81.9	2.9
252	8800	81.8	2.9
252	9000	81.6	2.9
252	9200	81.5	2.9
252	9400	81.4	2.9
252	9600	81.3	2.9
252	9800	81.2	2.9
252	10000	81.1	2.9
253	1800	87.3	2.9
253	2000	87.1	2.9
253	2200	86.9	2.9
253	2400	86.7	2.9
253	2600	86.5	2.9
253	2800	86.3	2.9
253	3000	86.1	2.9
253	3200	86.0	2.9
253	3400	85.8	2.9
253	3600	85.6	2.9
253	3800	85.5	2.9
253	4000	85.3	2.9
253	4200	85.1	2.9
253	4400	85.0	2.9
253	4600	84.8	2.9
253	4800	84.7	2.9
253	5000	84.5	2.9
253	5200	84.4	2.9
253	5400	84.2	2.9
253	5600	84.1	2.9
253	5800	83.9	2.9
253	6000	83.8	2.9
253	6200	83.6	2.9
253	6400	83.5	2.9
253	6600	83.4	2.9
253	6800	83.2	2.9
253	7000	83.1	2.9
253	7200	83.0	2.9
253	7400	82.8	2.9
253	7600	82.7	2.9
253	7800	82.6	2.9
253	8000	82.5	2.8
253	8200	82.4	2.8
253	8400	82.2	2.8
253	8600	82.1	2.8
253	8800	82.0	2.8
253	9000	81.9	2.8
253	9200	81.8	2.8
253	9400	81.7	2.8
253	9600	81.6	2.8
253	9800	81.4	2.8
253	10000	81.3	2.8
254	2000	87.5	2.8
254	2200	87.3	2.8
254	2400	87.1	2.8
254	2600	87.0	2.8
254	2800	86.8	2.8
254	3000	86.6	2.8
254	3200	86.4	2.8
254	3400	86.2	2.8
254	3600	86.0	2.8
254	3800	85.8	2.8
254	4000	85.7	2.8
254	4200	85.5	2.8
254	4400	85.3	2.8
254	4600	85.2	2.8
254	4800	85.0	2.8
254	5000	84.9	2.8
254	5200	84.7	2.8
254	5400	84.5	2.8
254	5600	84.4	2.8
254	5800	84.2	2.8
254	6000	84.1	2.8
254	6200	84.0	2.8
254	6400	83.8	2.8
254	6600	83.7	2.8
254	6800	83.5	2.8
254	7000	83.4	2.8
254	7200	83.3	2.8
254	7400	83.1	2.8
254	7600	83.0	2.8
254	7800	82.9	2.8
254	8000	82.7	2.8
254	8200	82.6	2.8
254	8400	82.5	2.8
254	8600	82.4	2.8
254	8800	82.3	2.8
254	9000	82.1	2.8
254	9200	82.0	2.8
254	9400	81.9	2.8
254	9600	81.8	2.8
254	9800	81.7	2.8
254	10000	81.6	2.8
255	2000	88.0	2.8
255	2200	87.8	2.8
255	2400	87.6	2.8
255	2600	87.4	2.8
255	2800	87.2	2.8
255	3000	87.0	2.8
255	3200	86.8	2.8
255	3400	86.6	2.8
255	3600	86.4	2.8
255	3800	86.3	2.8
255	4000	86.1	2.8
255	4200	85.9	2.8
255	4400	85.7	2.8
255	4600	85.6	2.8
255	4800	85.4	2.8
255	5000	85.2	2.8
255	5200	85.1	2.8
255	5400	84.9	2.8
255	5600	84.7	2.8
255	5800	84.6	2.8
255	6000	84.4	2.8
255	6200	84.3	2.8
255	6400	84.1	2.8
255	6600	84.0	2.8
255	6800	83.8	2.8
255	7000	83.7	2.8
255	7200	83.6	2.8
255	7400	83.4	2.8
255	7600	83.3	2.8
255	7800	83.2	2.8
255	8000	83.0	2.8
255	8200	82.9	2.8
255	8400	82.8	2.8
255	8600	82.6	2.8
255	8800	82.5	2.8
255	9000	82.4	2.8
255	9200	82.3	2.8
255	9400	82.2	2.8
255	9600	82.0	2.8
255	9800	81.9	2.8
255	10000	81.8	2.8
256	2000	88.6	2.8
256	2200	88.3	2.8
256	2400	88.1	2.8
256	2600	87.9	2.8
256	2800	87.7	2.8
256	3000	87.5	2.8
256	3200	87.3	2.8
256	3400	87.1	2.8
256	3600	86.9	2.8
256	3800	86.7	2.8
256	4000	86.5	2.8
256	4200	86.3	2.8
256	4400	86.1	2.8
256	4600	85.9	2.8
256	4800	85.8	2.8
256	5000	85.6	2.8
256	5200	85.4	2.8
256	5400	85.3	2.8
256	5600	85.1	2.8
256	5800	84.9	2.8
256	6000	84.8	2.8
256	6200	84.6	2.8
256	6400	84.5	2.8
256	6600	84.3	2.8
256	6800	84.2	2.8
256	7000	84.0	2.8
256	7200	83.9	2.8
256	7400	83.7	2.8
256	7600	83.6	2.8
256	7800	83.5	2.8
256	8000	83.3	2.8
256	8200	83.2	2.8
256	8400	83.1	2.8
256	8600	82.9	2.8
256	8800	82.8	2.8
256	9000	82.7	2.8
256	9200	82.5	2.8
256	9400	82.4	2.8
256	9600	82.3	2.8
256	9800	82.2	2.8
256	10000	82.1	2.8
257	2200	88.9	2.8
257	2400	88.6	2.8
257	2600	88.4	2.8
257	2800	88.2	2.8
257	3000	88.0	2.8
257	3200	87.7	2.8
257	3400	87.5	2.8
257	3600	87.3	2.8
257	3800	87.1	2.8
257	4000	86.9	2.8
257	4200	86.7	2.8
257	4400	86.5	2.8
257	4600	86.4	2.8
257	4800	86.2	2.8
257	5000	86.0	2.8
257	5200	85.8	2.8
257	5400	85.6	2.8
257	5600	85.5	2.8
257	5800	85.3	2.8
257	6000	85.1	2.8
257	6200	85.0	2.8
257	6400	84.8	2.8
257	6600	84.7	2.8
257	6800	84.5	2.8
257	7000	84.3	2.8
257	7200	84.2	2.8
257	7400	84.0	2.7
257	7600	83.9	2.7
257	7800	83.8	2.7
257	8000	83.6	2.7
257	8200	83.5	2.7
257	8400	83.3	2.7
257	8600	83.2	2.7
257	8800	83.1	2.7
257	9000	82.9	2.7
257	9200	82.8	2.7
257	9400	82.7	2.7
257	9600	82.6	2.7
257	9800	82.4	2.7
257	10000	82.3	2.7
258	2200	89.4	2.7
258	2400	89.2	2.7
258	2600	88.9	2.7
258	2800	88.7	2.7
258	3000	88.5	2.7
258	3200	88.2	2.7
258	3400	88.0	2.7
258	3600	87.8	2.7
258	3800	87.6	2.7
258	4000	87.4	2.7
258	4200	87.2	2.7
258	4400	87.0	2.7
258	4600	86.8	2.7
258	4800	86.6	2.7
258	5000	86.4	2.7
258	5200	86.2	2.7
258	5400	86.0	2.7
258	5600	85.9	2.7
258	5800	85.7	2.7
258	6000	85.5	2.7
258	6200	85.3	2.7
258	6400	85.2	2.7
258	6600	85.0	2.7
258	6800	84.8	2.7
258	7000	84.7	2.7
258	7200	84.5	2.7
258	7400	84.4	2.7
258	7600	84.2	2.7
258	7800	84.1	2.7
258	8000	83.9	2.7
258	8200	83.8	2.7
258	8400	83.6	2.7
258	8600	83.5	2.7
258	8800	83.4	2.7
258	9000	83.2	2.7
258	9200	83.1	2.7
258	9400	83.0	2.7
258	9600	82.8	2.7
258	9800	82.7	2.7
258	10000	82.6	2.7
259	2200	90.0	2.7
259	2400	89.7	2.7
259	2600	89.5	2.7
259	2800	89.2	2.7
259	3000	89.0	2.7
259	3200	88.7	2.7
259	3400	88.5	2.7
259	3600	88.3	2.7
259	3800	88.1	2.7
259	4000	87.8	2.7
259	4200	87.6	2.7
259	4400	87.4	2.7
259	4600	87.2	2.7
259	4800	87.0	2.7
259	5000	86.8	2.7
259	5200	86.6	2.7
259	5400	86.4	2.7
259	5600	86.2	2.7
259	5800	86.1	2.7
259	6000	85.9	2.7
259	6200	85.7	2.7
259	6400	85.5	2.7
259	6600	85.4	2.7
259	6800	85.2	2.7
259	7000	85.0	2.7
259	7200	84.9	2.7
259	7400	84.7	2.7
259	7600	84.6	2.7
259	7800	84.4	2.7
259	8000	84.2	2.7
259	8200	84.1	2.7
259	8400	83.9	2.7
259	8600	83.8	2.7
259	8800	83.7	2.7
259	9000	83.5	2.7
259	9200	83.4	2.7
259	9400	83.2	2.7
259	9600	83.1	2.7
259	9800	83.0	2.7
259	10000	82.8	2.7
260	2200	90.6	2.7
260	2400	90.3	2.7
260	2600	90.0	2.7
260	2800	89.8	2.7
260	3000	89.5	2.7
260	3200	89.3	2.7
260	3400	89.0	2.7
260	3600	88.8	2.7
260	3800	88.6	2.7
260	4000	88.3	2.7
260	4200	88.1	2.7
260	4400	87.9	2.7
260	4600	87.7	2.7
260	4800	87.5	2.7
260	5000	87.3	2.7
260	5200	87.1	2.7
260	5400	86.9	2.7
260	5600	86.7	2.7
260	5800	86.5	2.7
260	6000	86.3	2.7
260	6200	86.1	2.7
260	6400	85.9	2.7
260	6600	85.7	2.7
260	6800	85.6	2.7
260	7000	85.4	2.7
260	7200	85.2	2.7
260	7400	85.1	2.7
260	7600	84.9	2.7
260	7800	84.7	2.7
260	8000	84.6	2.7
260	8200	84.4	2.7
260	8400	84.3	2.7
260	8600	84.1	2.7
260	8800	84.0	2.7
260	9000	83.8	2.7
260	9200	83.7	2.7
260	9400	83.5	2.7
260	9600	83.4	2.7
260	9800	83.3	2.7
260	10000	83.1	2.7
261	2400	90.9	2.7
261	2600	90.7	2.7
261	2800	90.4	2.7
261	3000	90.1	2.7
261	3200	89.8	2.7
261	3400	89.6	2.7
261	3600	89.3	2.7
261	3800	89.1	2.7
261	4000	88.8	2.7
261	4200	88.6	2.7
261	4400	88.4	2.7
261	4600	88.2	2.7
261	4800	87.9	2.7
261	5000	87.7	2.7
261	5200	87.5	2.7
261	5400	87.3	2.7
261	5600	87.1	2.7
261	5800	86.9	2.7
261	6000	86.7	2.7
261	6200	86.5	2.7
261	6400	86.3	2.7
261	6600	86.1	2.7
261	6800	85.9	2.7
261	7000	85.8	2.7
261	7200	85.6	2.7
261	7400	85.4	2.7
261	7600	85.2	2.7
261	7800	85.1	2.6
261	8000	84.9	2.6
261	8200	84.8	2.6
261	8400	84.6	2.6
261	8600	84.4	2.6
261	8800	84.3	2.6
261	9000	84.1	2.6
261	9200	84.0	2.6
261	9400	83.8	2.6
261	9600	83.7	2.6
261	9800	83.5	2.6
261	10000	83.4	2.6
262	2400	91.6	2.7
262	2600	91.3	2.7
262	2800	91.0	2.7
262	3000	90.7	2.6
262	3200	90.4	2.6
262	3400	90.2	2.6
262	3600	89.9	2.6
262	3800	89.6	2.6
262	4000	89.4	2.6
262	4200	89.1	2.6
262	4400	88.9	2.6
262	4600	88.7	2.6
262	4800	88.4	2.6
262	5000	88.2	2.6
262	5200	88.0	2.6
262	5400	87.8	2.6
262	5600	87.5	2.6
262	5800	87.3	2.6
262	6000	87.1	2.6
262	6200	86.9	2.6
262	6400	86.7	2.6
262	6600	86.5	2.6
262	6800	86.3	2.6
262	7000	86.2	2.6
262	7200	86.0	2.6
262	7400	85.8	2.6
262	7600	85.6	2.6
262	7800	85.4	2.6
262	8000	85.3	2.6
262	8200	85.1	2.6
262	8400	84.9	2.6
262	8600	84.8	2.6
262	8800	84.6	2.6
262	9000	84.5	2.6
262	9200	84.3	2.6
262	9400	84.1	2.6
262	9600	84.0	2.6
262	9800	83.8	2.6
262	10000	83.7	2.6
263	2400	92.3	2.6
263	2600	92.0	2.6
263	2800	91.7	2.6
263	3000	91.3	2.6
263	3200	91.1	2.6
263	3400	90.8	2.6
263	3600	90.5	2.6
263	3800	90.2	2.6
263	4000	89.9	2.6
263	4200	89.7	2.6
263	4400	89.4	2.6
263	4600	89.2	2.6
263	4800	88.9	2.6
263	5000	88.7	2.6
263	5200	88.5	2.6
263	5400	88.2	2.6
263	5600	88.0	2.6
263	5800	87.8	2.6
263	6000	87.6	2.6
263	6200	87.4	2.6
263	6400	87.2	2.6
263	6600	87.0	2.6
263	6800	86.8	2.6
263	7000	86.6	2.6
263	7200	86.4	2.6
263	7400	86.2	2.6
263	7600	86.0	2.6
263	7800	85.8	2.6
263	8000	85.6	2.6
263	8200	85.5	2.6
263	8400	85.3	2.6
263	8600	85.1	2.6
263	8800	84.9	2.6
263	9000	84.8	2.6
263	9200	84.6	2.6
263	9400	84.5	2.6
263	9600	84.3	2.6
263	9800	84.2	2.6
263	10000	84.0	2.6
264	2600	92.7	2.6
264	2800	92.3	2.6
264	3000	92.0	2.6
264	3200	91.7	2.6
264	3400	91.4	2.6
264	3600	91.1	2.6
264	3800	90.8	2.6
264	4000	90.5	2.6
264	4200	90.3	2.6
264	4400	90.0	2.6
264	4600	89.7	2.6
264	4800	89.5	2.6
264	5000	89.2	2.6
264	5200	89.0	2.6
264	5400	88.7	2.6
264	5600	88.5	2.6
264	5800	88.3	2.6
264	6000	88.0	2.6
264	6200	87.8	2.6
264	6400	87.6	2.6
264	6600	87.4	2.6
264	6800	87.2	2.6
264	7000	87.0	2.6
264	7200	86.8	2.6
264	7400	86.6	2.6
264	7600	86.4	2.6
264	7800	86.2	2.6
264	8000	86.0	2.6
264	8200	85.8	2.6
264	8400	85.6	2.6
264	8600	85.5	2.6
264	8800	85.3	2.6
264	9000	85.1	2.6
264	9200	85.0	2.6
264	9400	84.8	2.6
264	9600	84.6	2.6
264	9800	84.5	2.6
264	10000	84.3	2.6
265	2600	93.4	2.6
265	2800	93.1	2.6
265	3000	92.7	2.6
265	3200	92.4	2.6
265	3400	92.1	2.6
265	3600	91.8	2.6
265	3800	91.5	2.6
265	4000	91.2	2.6
265	4200	90.9	2.6
265	4400	90.6	2.6
265	4600	90.3	2.6
265	4800	90.0	2.6
265	5000	89.8	2.6
265	5200	89.5	2.6
265	5400	89.2	2.6
265	5600	89.0	2.6
265	5800	88.8	2.6
265	6000	88.5	2.6
265	6200	88.3	2.6
265	6400	88.1	2.6
265	6600	87.8	2.6
265	6800	87.6	2.6
265	7000	87.4	2.6
265	7200	87.2	2.6
265	7400	87.0	2.6
265	7600	86.8	2.6
265	7800	86.6	2.6
265	8000	86.4	2.6
265	8200	86.2	2.6
265	8400	86.0	2.6
265	8600	85.8	2.5
265	8800	85.7	2.5
265	9000	85.5	2.5
265	9200	85.3	2.5
265	9400	85.1	2.5
265	9600	85.0	2.5
265	9800	84.8	2.5
265	10000	84.6	2.5
266	2600	94.2	2.6
266	2800	93.8	2.6
266	3000	93.5	2.6
266	3200	93.1	2.6
266	3400	92.8	2.6
266	3600	92.4	2.6
266	3800	92.1	2.6
266	4000	91.8	2.6
266	4200	91.5	2.6
266	4400	91.2	2.6
266	4600	90.9	2.6
266	4800	90.6	2.6
266	5000	90.3	2.6
266	5200	90.1	2.5
266	5400	89.8	2.5
266	5600	89.5	2.5
266	5800	89.3	2.5
266	6000	89.0	2.5
266	6200	88.8	2.5
266	6400	88.5	2.5
266	6600	88.3	2.5
266	6800	88.1	2.5
266	7000	87.9	2.5
266	7200	87.6	2.5
266	7400	87.4	2.5
266	7600	87.2	2.5
266	7800	87.0	2.5
266	8000	86.8	2.5
266	8200	86.6	2.5
266	8400	86.4	2.5
266	8600	86.2	2.5
266	8800	86.0	2.5
266	9000	85.8	2.5
266	9200	85.7	2.5
266	9400	85.5	2.5
266	9600	85.3	2.5
266	9800	85.1	2.5
266	10000	85.0	2.5
267	2800	94.7	2.5
267	3000	94.3	2.5
267	3200	93.9	2.5
267	3400	93.5	2.5
267	3600	93.2	2.5
267	3800	92.8	2.5
267	4000	92.5	2.5
267	4200	92.2	2.5
267	4400	91.8	2.5
267	4600	91.5	2.5
267	4800	91.2	2.5
267	5000	90.9	2.5
267	5200	90.6	2.5
267	5400	90.4	2.5
267	5600	90.1	2.5
267	5800	89.8	2.5
267	6000	89.6	2.5
267	6200	89.3	2.5
267	6400	89.0	2.5
267	6600	88.8	2.5
267	6800	88.6	2.5
267	7000	88.3	2.5
267	7200	88.1	2.5
267	7400	87.9	2.5
267	7600	87.7	2.5
267	7800	87.4	2.5
267	8000	87.2	2.5
267	8200	87.0	2.5
267	8400	86.8	2.5
267	8600	86.6	2.5
267	8800	86.4	2.5
267	9000	86.2	2.5
267	9200	86.0	2.5
267	9400	85.9	2.5
267	9600	85.7	2.5
267	9800	85.5	2.5
267	10000	85.3	2.5
268	2800	95.5	2.5
268	3000	95.1	2.5
268	3200	94.7	2.5
268	3400	94.3	2.5
268	3600	93.9	2.5
268	3800	93.6	2.5
268	4000	93.2	2.5
268	4200	92.9	2.5
268	4400	92.5	2.5
268	4600	92.2	2.5
268	4800	91.9	2.5
268	5000	91.6	2.5
268	5200	91.2	2.5
268	5400	91.0	2.5
268	5600	90.7	2.5
268	5800	90.4	2.5
268	6000	90.1	2.5
268	6200	89.8	2.5
268	6400	89.6	2.5
268	6600	89.3	2.5
268	6800	89.1	2.5
268	7000	88.8	2.5
268	7200	88.6	2.5
268	7400	88.3	2.5
268	7600	88.1	2.5
268	7800	87.9	2.5
268	8000	87.7	2.5
268	8200	87.4	2.5
268	8400	87.2	2.5
268	8600	87.0	2.5
268	8800	86.8	2.5
268	9000	86.6	2.5
268	9200	86.4	2.5
268	9400	86.2	2.5
268	9600	86.0	2.5
268	9800	85.9	2.5
268	10000	85.7	2.5
269	3000	96.0	2.5
269	3200	95.6	2.5
269	3400	95.1	2.5
269	3600	94.7	2.5
269	3800	94.3	2.5
269	4000	94.0	2.5
269	4200	93.6	2.5
269	4400	93.2	2.5
269	4600	92.9	2.5
269	4800	92.5	2.5
269	5000	92.2	2.5
269	5200	91.9	2.5
269	5400	91.6	2.5
269	5600	91.3	2.5
269	5800	91.0	2.5
269	6000	90.7	2.5
269	6200	90.4	2.5
269	6400	90.1	2.5
269	6600	89.8	2.5
269	6800	89.6	2.5
269	7000	89.3	2.5
269	7200	89.1	2.5
269	7400	88.8	2.5
269	7600	88.6	2.5
269	7800	88.3	2.5
269	8000	88.1	2.5
269	8200	87.9	2.5
269	8400	87.7	2.5
269	8600	87.4	2.5
269	8800	87.2	2.5
269	9000	87.0	2.5
269	9200	86.8	2.5
269	9400	86.6	2.5
269	9600	86.4	2.5
269	9800	86.2	2.4
269	10000	86.0	2.4
270	3000	96.9	2.5
270	3200	96.5	2.5
270	3400	96.0	2.5
270	3600	95.6	2.5
270	3800	95.2	2.5
270	4000	94.8	2.5
270	4200	94.4	2.5
270	4400	94.0	2.5
270	4600	93.6	2.5
270	4800	93.3	2.5
270	5000	92.9	2.5
270	5200	92.6	2.5
270	5400	92.2	2.5
270	5600	91.9	2.5
270	5800	91.6	2.5
270	6000	91.3	2.5
270	6200	91.0	2.5
270	6400	90.7	2.5
270	6600	90.4	2.5
270	6800	90.1	2.5
270	7000	89.9	2.4
270	7200	89.6	2.4
270	7400	89.3	2.4
270	7600	89.1	2.4
270	7800	88.8	2.4
270	8000	88.6	2.4
270	8200	88.3	2.4
270	8400	88.1	2.4
270	8600	87.9	2.4
270	8800	87.7	2.4
270	9000	87.4	2.4
270	9200	87.2	2.4
270	9400	87.0	2.4
270	9600	86.8	2.4
270	9800	86.6	2.4
270	10000	86.4	2.4
271	3000	98.0	2.5
271	3200	97.5	2.5
271	3400	97.0	2.5
271	3600	96.5	2.5
271	3800	96.1	2.5
271	4000	95.6	2.4
271	4200	95.2	2.4
271	4400	94.8	2.4
271	4600	94.4	2.4
271	4800	94.0	2.4
271	5000	93.6	2.4
271	5200	93.3	2.4
271	5400	92.9	2.4
271	5600	92.6	2.4
271	5800	92.2	2.4
271	6000	91.9	2.4
271	6200	91.6	2.4
271	6400	91.3	2.4
271	6600	91.0	2.4
271	6800	90.7	2.4
271	7000	90.4	2.4
271	7200	90.1	2.4
271	7400	89.9	2.4
271	7600	89.6	2.4
271	7800	89.3	2.4
271	8000	89.1	2.4
271	8200	88.8	2.4
271	8400	88.6	2.4
271	8600	88.3	2.4
271	8800	88.1	2.4
271	9000	87.9	2.4
271	9200	87.7	2.4
271	9400	87.4	2.4
271	9600	87.2	2.4
271	9800	87.0	2.4
271	10000	86.8	2.4
272	3200	98.5	2.4
272	3400	98.0	2.4
272	3600	97.5	2.4
272	3800	97.0	2.4
272	4000	96.5	2.4
272	4200	96.1	2.4
272	4400	95.6	2.4
272	4600	95.2	2.4
272	4800	94.8	2.4
272	5000	94.4	2.4
272	5200	94.0	2.4
272	5400	93.6	2.4
272	5600	93.3	2.4
272	5800	92.9	2.4
272	6000	92.6	2.4
272	6200	92.2	2.4
272	6400	91.9	2.4
272	6600	91.6	2.4
272	6800	91.3	2.4
272	7000	91.0	2.4
272	7200	90.7	2.4
272	7400	90.4	2.4
272	7600	90.1	2.4
272	7800	89.9	2.4
272	8000	89.6	2.4
272	8200	89.3	2.4
272	8400	89.1	2.4
272	8600	88.8	2.4
272	8800	88.6	2.4
272	9000	88.3	2.4
272	9200	88.1	2.4
272	9400	87.9	2.4
272	9600	87.6	2.4
272	9800	87.4	2.4
272	10000	87.2	2.4
273	3200	99.6	2.4
273	3400	99.1	2.4
273	3600	98.5	2.4
273	3800	98.0	2.4
273	4000	97.5	2.4
273	4200	97.0	2.4
273	4400	96.5	2.4
273	4600	96.1	2.4
273	4800	95.6	2.4
273	5000	95.2	2.4
273	5200	94.8	2.4
273	5400	94.4	2.4
273	5600	94.0	2.4
273	5800	93.6	2.4
273	6000	93.3	2.4
273	6200	92.9	2.4
273	6400	92.6	2.4
273	6600	92.2	2.4
273	6800	91.9	2.4
273	7000	91.6	2.4
273	7200	91.3	2.4
273	7400	91.0	2.4
273	7600	90.7	2.4
273	7800	90.4	2.4
273	8000	90.1	2.4
273	8200	89.8	2.4
273	8400	89.6	2.4
273	8600	89.3	2.4
273	8800	89.1	2.4
273	9000	88.8	2.4
273	9200	88.6	2.4
273	9400	88.3	2.4
273	9600	88.1	2.4
273	9800	87.9	2.4
273	10000	87.6	2.4
274	3200	100.8	2.4
274	3400	100.2	2.4
274	3600	99.6	2.4
274	3800	99.1	2.4
274	4000	98.5	2.4
274	4200	98.0	2.4
274	4400	97.5	2.4
274	4600	97.0	2.4
274	4800	96.5	2.4
274	5000	96.1	2.4
274	5200	95.6	2.4
274	5400	95.2	2.4
274	5600	94.8	2.4
274	5800	94.4	2.4
274	6000	94.0	2.4
274	6200	93.6	2.4
274	6400	93.3	2.4
274	6600	92.9	2.4
274	6800	92.6	2.4
274	7000	92.2	2.4
274	7200	91.9	2.4
274	7400	91.6	2.4
274	7600	91.3	2.4
274	7800	91.0	2.4
274	8000	90.7	2.4
274	8200	90.4	2.4
274	8400	90.1	2.3
274	8600	89.8	2.3
274	8800	89.6	2.3
274	9000	89.3	2.3
274	9200	89.0	2.3
274	9400	88.8	2.3
274	9600	88.5	2.3
274	9800	88.3	2.3
274	10000	88.1	2.3
275	3400	101.5	2.4
275	3600	100.8	2.4
275	3800	100.2	2.4
275	4000	99.6	2.4
275	4200	99.1	2.4
275	4400	98.5	2.4
275	4600	98.0	2.4
275	4800	97.5	2.4
275	5000	97.0	2.4
275	5200	96.5	2.4
275	5400	96.1	2.4
275	5600	95.6	2.4
275	5800	95.2	2.4
275	6000	94.8	2.3
275	6200	94.4	2.3
275	6400	94.0	2.3
275	6600	93.6	2.3
275	6800	93.3	2.3
275	7000	92.9	2.3
275	7200	92.5	2.3
275	7400	92.2	2.3
275	7600	91.9	2.3
275	7800	91.6	2.3
275	8000	91.3	2.3
275	8200	90.9	2.3
275	8400	90.7	2.3
275	8600	90.4	2.3
275	8800	90.1	2.3
275	9000	89.8	2.3
275	9200	89.5	2.3
275	9400	89.3	2.3
275	9600	89.0	2.3
275	9800	88.8	2.3
275	10000	88.5	2.3
276	3400	102.8	2.4
276	3600	102.1	2.4
276	3800	101.5	2.4
276	4000	100.8	2.4
276	4200	100.2	2.4
276	4400	99.6	2.4
276	4600	99.1	2.3
276	4800	98.5	2.3
276	5000	98.0	2.3
276	5200	97.5	2.3
276	5400	97.0	2.3
276	5600	96.5	2.3
276	5800	96.1	2.3
276	6000	95.6	2.3
276	6200	95.2	2.3
276	6400	94.8	2.3
276	6600	94.4	2.3
276	6800	94.0	2.3
276	7000	93.6	2.3
276	7200	93.2	2.3
276	7400	92.9	2.3
276	7600	92.5	2.3
276	7800	92.2	2.3
276	8000	91.9	2.3
276	8200	91.5	2.3
276	8400	91.2	2.3
276	8600	90.9	2.3
276	8800	90.6	2.3
276	9000	90.3	2.3
276	9200	90.1	2.3
276	9400	89.8	2.3
276	9600	89.5	2.3
276	9800	89.2	2.3
276	10000	89.0	2.3
277	3600	103.5	2.4
277	3800	102.8	2.4
277	4000	102.1	2.4
277	4200	101.4	2.3
277	4400	100.8	2.3
277	4600	100.2	2.3
277	4800	99.6	2.3
277	5000	99.0	2.3
277	5200	98.5	2.3
277	5400	97.9	2.3
277	5600	97.4	2.3
277	5800	97.0	2.3
277	6000	96.5	2.3
277	6200	96.0	2.3
277	6400	95.6	2.3
277	6600	95.2	2.3
277	6800	94.7	2.3
277	7000	94.3	2.3
277	7200	93.9	2.3
277	7400	93.6	2.3
277	7600	93.2	2.3
277	7800	92.8	2.3
277	8000	92.5	2.3
277	8200	92.2	2.3
277	8400	91.8	2.3
277	8600	91.5	2.3
277	8800	91.2	2.3
277	9000	90.9	2.3
277	9200	90.6	2.3
277	9400	90.3	2.3
277	9600	90.0	2.3
277	9800	89.7	2.3
277	10000	89.5	2.3
278	3600	105.1	2.4
278	3800	104.3	2.4
278	4000	103.5	2.3
278	4200	102.8	2.3
278	4400	102.1	2.3
278	4600	101.4	2.3
278	4800	100.8	2.3
278	5000	100.1	2.3
278	5200	99.5	2.3
278	5400	99.0	2.3
278	5600	98.4	2.3
278	5800	97.9	2.3
278	6000	97.4	2.3
278	6200	96.9	2.3
278	6400	96.4	2.3
278	6600	96.0	2.3
278	6800	95.5	2.3
278	7000	95.1	2.3
278	7200	94.7	2.3
278	7400	94.3	2.3
278	7600	93.9	2.3
278	7800	93.5	2.3
278	8000	93.2	2.3
278	8200	92.8	2.3
278	8400	92.5	2.3
278	8600	92.1	2.3
278	8800	91.8	2.3
278	9000	91.5	2.3
278	9200	91.2	2.3
278	9400	90.8	2.2
278	9600	90.5	2.2
278	9800	90.3	2.2
278	10000	90.0	2.2
279	3800	105.8	2.4
279	4000	105.0	2.3
279	4200	104.2	2.3
279	4400	103.4	2.3
279	4600	102.7	2.3
279	4800	102.0	2.3
279	5000	101.3	2.3
279	5200	100.7	2.3
279	5400	100.1	2.3
279	5600	99.5	2.3
279	5800	98.9	2.3
279	6000	98.4	2.3
279	6200	97.9	2.3
279	6400	97.3	2.3
279	6600	96.9	2.3
279	6800	96.4	2.3
279	7000	95.9	2.3
279	7200	95.5	2.3
279	7400	95.1	2.2
279	7600	94.6	2.2
279	7800	94.2	2.2
279	8000	93.9	2.2
279	8200	93.5	2.2
279	8400	93.1	2.2
279	8600	92.8	2.2
279	8800	92.4	2.2
279	9000	92.1	2.2
279	9200	91.7	2.2
279	9400	91.4	2.2
279	9600	91.1	2.2
279	9800	90.8	2.2
279	10000	90.5	2.2
280	3800	107.6	2.4
280	4000	106.6	2.3
280	4200	105.8	2.3
280	4400	104.9	2.3
280	4600	104.1	2.3
280	4800	103.4	2.3
280	5000	102.6	2.3
280	5200	101.9	2.3
280	5400	101.3	2.3
280	5600	100.6	2.3
280	5800	100.0	2.3
280	6000	99.4	2.3
280	6200	98.9	2.2
280	6400	98.3	2.2
280	6600	97.8	2.2
280	6800	97.3	2.2
280	7000	96.8	2.2
280	7200	96.3	2.2
280	7400	95.9	2.2
280	7600	95.4	2.2
280	7800	95.0	2.2
280	8000	94.6	2.2
280	8200	94.2	2.2
280	8400	93.8	2.2
280	8600	93.4	2.2
280	8800	93.1	2.2
280	9000	92.7	2.2
280	9200	92.3	2.2
280	9400	92.0	2.2
280	9600	91.7	2.2
280	9800	91.4	2.2
280	10000	91.1	2.2
281	3800	109.5	2.4
281	4000	108.5	2.3
281	4200	107.5	2.3
281	4400	106.5	2.3
281	4600	105.7	2.3
281	4800	104.8	2.3
281	5000	104.0	2.3
281	5200	103.3	2.3
281	5400	102.5	2.3
281	5600	101.8	2.2
281	5800	101.2	2.2
281	6000	100.5	2.2
281	6200	99.9	2.2
281	6400	99.3	2.2
281	6600	98.8	2.2
281	6800	98.2	2.2
281	7000	97.7	2.2
281	7200	97.2	2.2
281	7400	96.7	2.2
281	7600	96.3	2.2
281	7800	95.8	2.2
281	8000	95.4	2.2
281	8200	94.9	2.2
281	8400	94.5	2.2
281	8600	94.1	2.2
281	8800	93.7	2.2
281	9000	93.4	2.2
281	9200	93.0	2.2
281	9400	92.6	2.2
281	9600	92.3	2.2
281	9800	91.9	2.2
281	10000	91.6	2.2
282	4000	110.4	2.4
282	4200	109.4	2.3
282	4400	108.3	2.3
282	4600	107.3	2.3
282	4800	106.4	2.3
282	5000	105.5	2.3
282	5200	104.7	2.3
282	5400	103.9	2.2
282	5600	103.2	2.2
282	5800	102.4	2.2
282	6000	101.7	2.2
282	6200	101.1	2.2
282	6400	100.4	2.2
282	6600	99.8	2.2
282	6800	99.3	2.2
282	7000	98.7	2.2
282	7200	98.2	2.2
282	7400	97.6	2.2
282	7600	97.1	2.2
282	7800	96.6	2.2
282	8000	96.2	2.2
282	8200	95.7	2.2
282	8400	95.3	2.2
282	8600	94.9	2.2
282	8800	94.4	2.2
282	9000	94.0	2.2
282	9200	93.7	2.2
282	9400	93.3	2.2
282	9600	92.9	2.2
282	9800	92.6	2.2
282	10000	92.2	2.2
283	4000	112.7	2.4
283	4200	111.4	2.4
283	4400	110.3	2.3
283	4600	109.2	2.3
283	4800	108.2	2.3
283	5000	107.2	2.3
283	5200	106.3	2.3
283	5400	105.4	2.2
283	5600	104.6	2.2
283	5800	103.8	2.2
283	6000	103.0	2.2
283	6200	102.3	2.2
283	6400	101.6	2.2
283	6600	101.0	2.2
283	6800	100.3	2.2
283	7000	99.7	2.2
283	7200	99.2	2.2
283	7400	98.6	2.2
283	7600	98.1	2.2
283	7800	97.5	2.2
283	8000	97.0	2.2
283	8200	96.6	2.2
283	8400	96.1	2.1
283	8600	95.6	2.1
283	8800	95.2	2.1
283	9000	94.8	2.1
283	9200	94.4	2.1
283	9400	94.0	2.1
283	9600	93.6	2.1
283	9800	93.2	2.1
283	10000	92.8	2.1
284	4200	113.8	2.4
284	4400	112.5	2.4
284	4600	111.2	2.3
284	4800	110.1	2.3
284	5000	109.0	2.3
284	5200	108.0	2.3
284	5400	107.0	2.2
284	5600	106.1	2.2
284	5800	105.2	2.2
284	6000	104.4	2.2
284	6200	103.6	2.2
284	6400	102.9	2.2
284	6600	102.2	2.2
284	6800	101.5	2.2
284	7000	100.8	2.2
284	7200	100.2	2.2
284	7400	99.6	2.1
284	7600	99.0	2.1
284	7800	98.5	2.1
284	8000	97.9	2.1
284	8200	97.4	2.1
284	8400	96.9	2.1
284	8600	96.4	2.1
284	8800	96.0	2.1
284	9000	95.5	2.1
284	9200	95.1	2.1
284	9400	94.7	2.1
284	9600	94.3	2.1
284	9800	93.9	2.1
284	10000	93.5	2.1
285	4200	116.4	2.5
285	4400	114.9	2.4
285	4600	113.5	2.4
285	4800	112.2	2.3
285	5000	111.0	2.3
285	5200	109.9	2.3
285	5400	108.8	2.2
285	5600	107.8	2.2
285	5800	106.8	2.2
285	6000	105.9	2.2
285	6200	105.1	2.2
285	6400	104.3	2.2
285	6600	103.5	2.2
285	6800	102.7	2.2
285	7000	102.0	2.1
285	7200	101.4	2.1
285	7400	100.7	2.1
285	7600	100.1	2.1
285	7800	99.5	2.1
285	8000	98.9	2.1
285	8200	98.4	2.1
285	8400	97.8	2.1
285	8600	97.3	2.1
285	8800	96.8	2.1
285	9000	96.3	2.1
285	9200	95.9	2.1
285	9400	95.4	2.1
285	9600	95.0	2.1
285	9800	94.6	2.1
285	10000	94.2	2.1
286	4400	117.6	2.5
286	4600	116.0	2.4
286	4800	114.6	2.4
286	5000	113.2	2.3
286	5200	111.9	2.3
286	5400	110.7	2.2
286	5600	109.6	2.2
286	5800	108.6	2.2
286	6000	107.6	2.2
286	6200	106.6	2.2
286	6400	105.7	2.2
286	6600	104.9	2.1
286	6800	104.1	2.1
286	7000	103.3	2.1
286	7200	102.6	2.1
286	7400	101.9	2.1
286	7600	101.2	2.1
286	7800	100.6	2.1
286	8000	99.9	2.1
286	8200	99.3	2.1
286	8400	98.8	2.1
286	8600	98.2	2.1
286	8800	97.7	2.1
286	9000	97.2	2.1
286	9200	96.7	2.1
286	9400	96.2	2.1
286	9600	95.8	2.1
286	9800	95.3	2.1
286	10000	94.9	2.1
287	4400	120.8	2.6
287	4600	118.9	2.5
287	4800	117.2	2.4
287	5000	115.7	2.4
287	5200	114.2	2.3
287	5400	112.9	2.3
287	5600	111.6	2.2
287	5800	110.5	2.2
287	6000	109.4	2.2
287	6200	108.3	2.2
287	6400	107.3	2.2
287	6600	106.4	2.1
287	6800	105.5	2.1
287	7000	104.7	2.1
287	7200	103.9	2.1
287	7400	103.1	2.1
287	7600	102.4	2.1
287	7800	101.7	2.1
287	8000	101.0	2.1
287	8200	100.4	2.1
287	8400	99.8	2.1
287	8600	99.2	2.1
287	8800	98.6	2.1
287	9000	98.1	2.1
287	9200	97.5	2.0
287	9400	97.0	2.0
287	9600	96.6	2.0
287	9800	96.1	2.0
287	10000	95.6	2.0
288	4600	122.2	2.6
288	4800	120.3	2.5
288	5000	118.5	2.4
288	5200	116.8	2.4
288	5400	115.3	2.3
288	5600	113.9	2.3
288	5800	112.6	2.2
288	6000	111.3	2.2
288	6200	110.2	2.2
288	6400	109.1	2.2
288	6600	108.0	2.1
288	6800	107.1	2.1
288	7000	106.2	2.1
288	7200	105.3	2.1
288	7400	104.4	2.1
288	7600	103.7	2.1
288	7800	102.9	2.1
288	8000	102.2	2.1
288	8200	101.5	2.1
288	8400	100.8	2.0
288	8600	100.2	2.0
288	8800	99.6	2.0
288	9000	99.0	2.0
288	9200	98.5	2.0
288	9400	97.9	2.0
288	9600	97.4	2.0
288	9800	96.9	2.0
288	10000	96.4	2.0
289	4600	126.0	2.7
289	4800	123.7	2.6
289	5000	121.7	2.5
289	5200	119.7	2.4
289	5400	118.0	2.4
289	5600	116.4	2.3
289	5800	114.9	2.3
289	6000	113.5	2.2
289	6200	112.2	2.2
289	6400	111.0	2.2
289	6600	109.8	2.1
289	6800	108.8	2.1
289	7000	107.8	2.1
289	7200	106.8	2.1
289	7400	105.9	2.1
289	7600	105.0	2.1
289	7800	104.2	2.1
289	8000	103.4	2.0
289	8200	102.7	2.0
289	8400	102.0	2.0
289	8600	101.3	2.0
289	8800	100.6	2.0
289	9000	100.0	2.0
289	9200	99.4	2.0
289	9400	98.8	2.0
289	9600	98.3	2.0
289	9800	97.8	2.0
289	10000	97.2	2.0
290	4800	127.8	2.8
290	5000	125.3	2.6
290	5200	123.1	2.5
290	5400	121.1	2.4
290	5600	119.2	2.4
290	5800	117.5	2.3
290	6000	115.9	2.2
290	6200	114.5	2.2
290	6400	113.1	2.2
290	6600	111.8	2.1
290	6800	110.6	2.1
290	7000	109.5	2.1
290	7200	108.5	2.1
290	7400	107.5	2.1
290	7600	106.5	2.1
290	7800	105.6	2.0
290	8000	104.8	2.0
290	8200	104.0	2.0
290	8400	103.2	2.0
290	8600	102.5	2.0
290	8800	101.8	2.0
290	9000	101.1	2.0
290	9200	100.4	2.0
290	9400	99.8	2.0
290	9600	99.2	2.0
290	9800	98.7	2.0
290	10000	98.1	2.0
291	5000	129.6	2.8
291	5200	126.9	2.7
291	5400	124.6	2.5
291	5600	122.4	2.4
291	5800	120.4	2.4
291	6000	118.6	2.3
291	6200	117.0	2.2
291	6400	115.4	2.2
291	6600	114.0	2.2
291	6800	112.7	2.1
291	7000	111.4	2.1
291	7200	110.3	2.1
291	7400	109.2	2.1
291	7600	108.1	2.0
291	7800	107.1	2.0
291	8000	106.2	2.0
291	8200	105.3	2.0
291	8400	104.5	2.0
291	8600	103.7	2.0
291	8800	102.9	2.0
291	9000	102.2	2.0
291	9200	101.5	2.0
291	9400	100.9	2.0
291	9600	100.2	2.0
291	9800	99.6	1.9
291	10000	99.0	1.9
292	5000	134.7	3.1
292	5200	131.5	2.9
292	5400	128.6	2.7
292	5600	126.1	2.6
292	5800	123.8	2.5
292	6000	121.7	2.4
292	6200	119.8	2.3
292	6400	118.0	2.2
292	6600	116.4	2.2
292	6800	114.9	2.2
292	7000	113.5	2.1
292	7200	112.2	2.1
292	7400	111.0	2.1
292	7600	109.9	2.0
292	7800	108.8	2.0
292	8000	107.8	2.0
292	8200	106.8	2.0
292	8400	105.9	2.0
292	8600	105.0	2.0
292	8800	104.2	2.0
292	9000	103.4	2.0
292	9200	102.7	1.9
292	9400	102.0	1.9
292	9600	101.3	1.9
292	9800	100.6	1.9
292	10000	100.0	1.9
293	5200	136.9	3.2
293	5400	133.5	2.9
293	5600	130.4	2.7
293	5800	127.7	2.6
293	6000	125.2	2.5
293	6200	123.0	2.4
293	6400	121.0	2.3
293	6600	119.1	2.2
293	6800	117.4	2.2
293	7000	115.9	2.1
293	7200	114.4	2.1
293	7400	113.0	2.1
293	7600	111.8	2.1
293	7800	110.6	2.0
293	8000	109.4	2.0
293	8200	108.4	2.0
293	8400	107.4	2.0
293	8600	106.5	2.0
293	8800	105.6	2.0
293	9000	104.7	1.9
293	9200	103.9	1.9
293	9400	103.1	1.9
293	9600	102.4	1.9
293	9800	101.7	1.9
293	10000	101.0	1.9
294	5200	143.6	3.6
294	5400	139.2	3.2
294	5600	135.5	3.0
294	5800	132.2	2.8
294	6000	129.3	2.6
294	6200	126.7	2.5
294	6400	124.3	2.4
294	6600	122.2	2.3
294	6800	120.2	2.2
294	7000	118.4	2.2
294	7200	116.8	2.1
294	7400	115.3	2.1
294	7600	113.8	2.1
294	7800	112.5	2.0
294	8000	111.3	2.0
294	8200	110.1	2.0
294	8400	109.0	2.0
294	8600	108.0	2.0
294	8800	107.0	1.9
294	9000	106.1	1.9
294	9200	105.2	1.9
294	9400	104.4	1.9
294	9600	103.6	1.9
294	9800	102.8	1.9
294	10000	102.1	1.9
295	5400	146.4	3.7
295	5600	141.7	3.3
295	5800	137.6	3.0
295	6000	134.1	2.8
295	6200	130.9	2.6
295	6400	128.2	2.5
295	6600	125.7	2.4
295	6800	123.4	2.3
295	7000	121.4	2.2
295	7200	119.5	2.2
295	7400	117.8	2.1
295	7600	116.2	2.1
295	7800	114.7	2.1
295	8000	113.3	2.0
295	8200	112.0	2.0
295	8400	110.8	2.0
295	8600	109.7	2.0
295	8800	108.6	1.9
295	9000	107.6	1.9
295	9200	106.6	1.9
295	9400	105.7	1.9
295	9600	104.9	1.9
295	9800	104.0	1.9
295	10000	103.3	1.9
296	5400	155.5	4.4
296	5600	149.4	3.8
296	5800	144.2	3.4
296	6000	139.8	3.1
296	6200	136.0	2.8
296	6400	132.6	2.7
296	6600	129.7	2.5
296	6800	127.0	2.4
296	7000	124.7	2.3
296	7200	122.5	2.2
296	7400	120.5	2.2
296	7600	118.7	2.1
296	7800	117.0	2.1
296	8000	115.5	2.0
296	8200	114.1	2.0
296	8400	112.7	2.0
296	8600	111.5	2.0
296	8800	110.3	1.9
296	9000	109.2	1.9
296	9200	108.1	1.9
296	9400	107.2	1.9
296	9600	106.2	1.9
296	9800	105.3	1.9
296	10000	104.5	1.9
297	5600	159.3	4.6
297	5800	152.4	3.9
297	6000	146.8	3.5
297	6200	142.0	3.1
297	6400	138.0	2.9
297	6600	134.4	2.7
297	6800	131.2	2.6
297	7000	128.4	2.4
297	7200	125.9	2.3
297	7400	123.6	2.3
297	7600	121.6	2.2
297	7800	119.7	2.1
297	8000	117.9	2.1
297	8200	116.3	2.0
297	8400	114.8	2.0
297	8600	113.4	2.0
297	8800	112.1	1.9
297	9000	110.9	1.9
297	9200	109.8	1.9
297	9400	108.7	1.9
297	9600	107.7	1.9
297	9800	106.7	1.9
297	10000	105.8	1.8
298	5800	163.2	4.8
298	6000	155.7	4.1
298	6200	149.5	3.6
298	6400	144.4	3.2
298	6600	140.0	2.9
298	6800	136.2	2.7
298	7000	132.8	2.6
298	7200	129.8	2.5
298	7400	127.2	2.4
298	7600	124.8	2.3
298	7800	122.6	2.2
298	8000	120.6	2.1
298	8200	118.8	2.1
298	8400	117.1	2.0
298	8600	115.6	2.0
298	8800	114.1	2.0
298	9000	112.8	1.9
298	9200	111.5	1.9
298	9400	110.4	1.9
298	9600	109.2	1.9
298	9800	108.2	1.8
298	10000	107.2	1.8
299	5800	178.0	6.2
299	6000	167.4	5.0
299	6200	159.0	4.2
299	6400	152.3	3.7
299	6600	146.8	3.3
299	6800	142.0	3.0
299	7000	138.0	2.8
299	7200	134.4	2.6
299	7400	131.3	2.5
299	7600	128.5	2.4
299	7800	126.0	2.3
299	8000	123.7	2.2
299	8200	121.6	2.1
299	8400	119.7	2.1
299	8600	118.0	2.0
299	8800	116.4	2.0
299	9000	114.9	2.0
299	9200	113.5	1.9
299	9400	112.2	1.9
299	9600	110.9	1.9
299	9800	109.8	1.8
299	10000	108.7	1.8
300	6000	183.7	6.5
300	6200	171.7	5.1
300	6400	162.5	4.3
300	6600	155.2	3.8
300	6800	149.2	3.4
300	7000	144.1	3.1
300	7200	139.8	2.8
300	7400	136.0	2.7
300	7600	132.7	2.5
300	7800	129.8	2.4
300	8000	127.1	2.3
300	8200	124.7	2.2
300	8400	122.6	2.1
300	8600	120.6	2.1
300	8800	118.8	2.0
300	9000	117.1	2.0
300	9200	115.6	2.0
300	9400	114.1	1.9
300	9600	112.8	1.9
300	9800	111.5	1.9
300	10000	110.3	1.8
301	6200	189.7	6.7
301	6400	176.3	5.3
301	6600	166.1	4.4
301	6800	158.2	3.9
301	7000	151.7	3.5
301	7200	146.2	3.1
301	7400	141.6	2.9
301	7600	137.6	2.7
301	7800	134.1	2.6
301	8000	131.0	2.4
301	8200	128.3	2.3
301	8400	125.8	2.2
301	8600	123.5	2.2
301	8800	121.5	2.1
301	9000	119.6	2.0
301	9200	117.9	2.0
301	9400	116.3	1.9
301	9600	114.8	1.9
301	9800	113.4	1.9
301	10000	112.1	1.8
302	6200	217.8	9.9
302	6400	196.0	7.0
302	6600	181.0	5.5
302	6800	169.8	4.6
302	7000	161.2	4.0
302	7200	154.2	3.6
302	7400	148.4	3.2
302	7600	143.4	3.0
302	7800	139.2	2.8
302	8000	135.5	2.6
302	8200	132.3	2.5
302	8400	129.4	2.4
302	8600	126.8	2.3
302	8800	124.5	2.2
302	9000	122.3	2.1
302	9200	120.4	2.0
302	9400	118.6	2.0
302	9600	116.9	1.9
302	9800	115.4	1.9
302	10000	114.0	1.9
303	6400	228	10
303	6600	202.6	7.3
303	6800	185.8	5.7
303	7000	173.6	4.8
303	7200	164.2	4.1
303	7400	156.7	3.7
303	7600	150.5	3.3
303	7800	145.3	3.1
303	8000	140.8	2.9
303	8200	137.0	2.7
303	8400	133.6	2.5
303	8600	130.5	2.4
303	8800	127.8	2.3
303	9000	125.4	2.2
303	9200	123.2	2.1
303	9400	121.2	2.1
303	9600	119.3	2.0
303	9800	117.6	2.0
303	10000	116.0	1.9
304	6600	238	11
304	6800	209.4	7.6
304	7000	190.7	5.9
304	7200	177.4	4.9
304	7400	167.2	4.3
304	7600	159.2	3.8
304	7800	152.6	3.5
304	8000	147.1	3.2
304	8200	142.4	2.9
304	8400	138.3	2.8
304	8600	134.8	2.6
304	8800	131.7	2.5
304	9000	128.8	2.3
304	9200	126.3	2.2
304	9400	124.0	2.2
304	9600	121.9	2.1
304	9800	120.0	2.0
304	10000	118.3	2.0
305	6600	312	23
305	6800	249	12
305	7000	216.4	7.9
305	7200	195.7	6.2
305	7400	181.1	5.2
305	7600	170.2	4.5
305	7800	161.6	4.0
305	8000	154.6	3.6
305	8200	148.9	3.3
305	8400	143.9	3.0
305	8600	139.7	2.8
305	8800	136.0	2.7
305	9000	132.7	2.5
305	9200	129.8	2.4
305	9400	127.2	2.3
305	9600	124.8	2.2
305	9800	122.7	2.1
305	10000	120.7	2.0
306	6800	335	25
306	7000	260	12
306	7200	223.3	8.4
306	7400	200.5	6.6
306	7600	184.8	5.5
306	7800	173.1	4.7
306	8000	164.0	4.2
306	8200	156.7	3.8
306	8400	150.6	3.4
306	8600	145.4	3.2
306	8800	141.0	2.9
306	9000	137.2	2.7
306	9200	133.8	2.6
306	9400	130.8	2.4
306	9600	128.1	2.3
306	9800	125.6	2.2
306	10000	123.4	2.1
307	7000	358	28
307	7200	271	13
307	7400	230.0	9.0
307	7600	205.2	7.0
307	7800	188.4	5.8
307	8000	175.9	5.0
307	8200	166.3	4.4
307	8400	158.6	3.9
307	8600	152.2	3.6
307	8800	146.9	3.3
307	9000	142.3	3.0
307	9200	138.3	2.8
307	9400	134.8	2.6
307	9600	131.7	2.5
307	9800	128.9	2.4
307	10000	126.4	2.3
308	7200	379	32
308	7400	281	14
308	7600	236.2	9.7
308	7800	209.7	7.5
308	8000	191.7	6.2
308	8200	178.6	5.3
308	8400	168.5	4.7
308	8600	160.4	4.1
308	8800	153.8	3.7
308	9000	148.2	3.4
308	9200	143.5	3.1
308	9400	139.4	2.9
308	9600	135.7	2.7
308	9800	132.5	2.6
308	10000	129.7	2.4
309	7200	1060	590
309	7400	396	37
309	7600	290	16
309	7800	242	11
309	8000	213.7	8.2
309	8200	194.8	6.7
309	8400	181.1	5.7
309	8600	170.5	4.9
309	8800	162.2	4.4
309	9000	155.3	3.9
309	9200	149.5	3.6
309	9400	144.6	3.3
309	9600	140.4	3.0
309	9800	136.7	2.8
309	10000	133.4	2.6
309.521	7400	550	94
309.521	7600	337	24
309.521	7800	266	14
309.521	8000	229.1	9.7
309.521	8200	205.5	7.7
309.521	8400	189.1	6.4
309.521	8600	176.8	5.4
309.521	8800	167.2	4.8
309.521	9000	159.5	4.2
309.521	9200	153.1	3.8
309.521	9400	147.7	3.5
309.521	9600	143.0	3.2
309.521	9800	139.0	3.0
309.521	10000	135.5	2.8